1:ItNr	2:Metric	3a:Time	3b:StepSize	4:||Gradient||	Time[ms]
0	-0.035243	0.000000	266.549512	0.002886	27.0
1	-0.038683	0.000000	266.549512	0.001765	1.3
2	-0.029611	0.997563	254.461814	0.001149	1.7
3	-0.042303	1.994697	243.427421	0.000584	1.6
4	-0.032594	1.750980	246.035104	0.003086	1.4
5	-0.041687	2.695757	236.225402	0.002642	1.3
6	-0.028434	3.695757	226.659977	0.003227	1.4
7	-0.032496	4.695319	217.842783	0.002141	1.3
8	-0.026857	5.695317	209.682460	0.000651	1.3
9	-0.020239	5.405341	211.985131	0.000756	1.6
10	-0.034811	5.765984	209.128857	0.002430	1.3
11	-0.032897	6.121384	206.388423	0.000936	1.2
12	-0.036442	7.117079	199.079705	0.000839	1.3
13	-0.043402	7.784784	194.461763	0.001688	1.6
14	-0.035847	6.966643	200.150575	0.001466	1.9
15	-0.040288	6.109203	206.481164	0.002794	1.6
16	-0.035496	7.109179	199.135657	0.001384	1.4
17	-0.036082	7.824786	194.191890	0.001998	1.7
18	-0.034523	8.824346	187.683571	0.000945	1.8
19	-0.036988	9.513783	183.442997	0.001734	1.8
20	-0.032316	10.477973	177.824021	0.002222	1.5
21	-0.032471	9.628814	182.754047	0.001151	1.6
22	-0.030128	8.777715	187.977476	0.000770	2.1
23	-0.033703	8.077283	192.505600	0.001928	1.8
24	-0.008669	8.283210	191.151851	0.000601	1.6
25	-0.037162	8.308759	190.985221	0.002231	1.6
26	-0.019880	8.515522	189.647324	0.001105	1.5
27	-0.029542	7.845535	194.052205	0.001143	2.6
28	-0.021739	7.002649	199.893220	0.000882	1.8
29	-0.035265	6.468970	203.776836	0.001641	1.3
30	-0.046510	7.427419	196.906366	0.001447	1.1
31	-0.047142	6.574017	203.000517	0.001651	1.3
32	-0.026908	5.796756	208.888707	0.001214	1.3
33	-0.018635	6.443605	203.965179	0.000357	1.4
34	-0.028039	6.938264	200.353882	0.001458	1.3
35	-0.032634	6.788029	201.437093	0.000811	1.1
36	-0.038572	6.747333	201.732529	0.001695	1.1
37	-0.050949	6.002482	207.297235	0.001514	1.2
38	-0.038617	5.151687	214.041251	0.001739	1.2
39	-0.028339	6.145130	206.207880	0.001253	1.4
40	-0.029198	7.138895	198.925355	0.001214	1.3
41	-0.040943	8.084849	192.455522	0.002605	1.3
42	-0.028406	9.068980	186.156622	0.002158	1.5
43	-0.038711	10.056918	180.234873	0.001513	1.4
44	-0.028847	9.211315	185.279577	0.001824	1.5
45	-0.032862	10.211289	179.343436	0.001459	1.4
46	-0.025788	9.360127	184.371424	0.001367	1.2
47	-0.030808	8.965626	186.798691	0.002017	1.5
48	-0.040507	9.426721	183.967891	0.000988	1.4
49	-0.028302	10.353520	178.529865	0.002330	1.2
50	-0.042443	9.505175	183.494758	0.002011	1.3
51	-0.024826	10.505175	177.670485	0.000975	1.5
52	-0.039657	11.503069	172.215731	0.002933	1.4
53	-0.024173	11.922654	170.020917	0.001615	1.4
54	-0.038030	11.065050	174.568252	0.002370	1.7
55	-0.027949	10.208109	179.361708	0.000444	1.4
56	-0.039179	11.012639	174.854055	0.002202	1.2
57	-0.042239	11.561993	171.904087	0.001533	1.2
58	-0.017872	11.868901	170.298960	0.001466	1.2
59	-0.022705	12.844734	165.388793	0.000728	1.1
60	-0.033807	13.687310	161.371399	0.001513	1.4
61	-0.022812	14.067445	159.622116	0.002221	1.4
62	-0.024949	14.983481	155.558597	0.001629	1.3
63	-0.036288	15.983479	151.352439	0.002030	2.3
64	-0.028617	16.676526	148.568361	0.002127	1.2
65	-0.030697	17.623368	144.926245	0.001184	1.2
66	-0.028362	18.291788	142.460804	0.000519	1.4
67	-0.026257	19.007786	139.911261	0.001072	1.3
68	-0.039692	18.841030	140.496865	0.001898	1.3
69	-0.031852	18.665310	141.119275	0.001845	1.3
70	-0.023627	19.665282	137.649106	0.001604	1.3
71	-0.037170	18.807818	140.614081	0.001230	1.3
72	-0.033912	18.473297	141.805731	0.001406	1.1
73	-0.024676	18.040562	143.377540	0.000833	1.2
74	-0.034459	17.223167	146.443643	0.001177	1.3
75	-0.031994	17.658472	144.794645	0.001478	1.2
76	-0.044546	18.569863	141.459669	0.000985	1.3
77	-0.038871	19.564710	137.990381	0.001248	1.7
78	-0.036250	18.828054	140.542639	0.001187	1.3
79	-0.030968	18.359539	142.215581	0.002079	1.1
80	-0.032506	18.907697	140.262159	0.001257	1.2
81	-0.037284	19.907137	136.835284	0.001180	1.1
82	-0.020179	20.843534	133.773111	0.001958	1.2
83	-0.033376	19.987851	136.565827	0.001628	1.1
84	-0.025986	19.159804	139.381649	0.002029	1.2
85	-0.024313	18.948570	140.118652	0.000878	1.2
86	-0.029837	19.942998	136.715435	0.001431	1.1
87	-0.031128	19.267523	139.008792	0.001701	1.1
88	-0.027451	20.267023	135.641957	0.001714	1.2
89	-0.034667	19.523731	138.129922	0.001197	1.3
90	-0.034244	19.871652	136.954086	0.001089	1.1
91	-0.030798	20.720220	134.168509	0.002813	1.2
92	-0.046412	21.719977	131.028623	0.001305	1.2
93	-0.048866	21.137814	132.838872	0.001630	1.4
94	-0.032958	22.137570	129.760200	0.003714	1.2
95	-0.027491	22.279411	129.334934	0.001047	1.0
96	-0.034696	23.276948	126.421085	0.001887	1.1
97	-0.038596	24.163712	123.938877	0.002014	1.2
98	-0.027424	23.306109	126.337877	0.001616	1.1
99	-0.026982	24.298671	123.569625	0.002687	1.1
100	-0.034486	23.698227	125.229569	0.002090	1.4
101	-0.032248	22.900020	127.506542	0.001819	1.5
102	-0.032692	23.894017	124.683424	0.001387	1.3
103	-0.048103	24.893088	121.969124	0.001130	1.1
104	-0.030961	25.348621	120.770363	0.001424	1.4
105	-0.029933	24.999514	121.686934	0.001215	1.5
106	-0.038819	24.483094	123.068579	0.002088	1.6
107	-0.021930	23.625891	125.432560	0.001283	1.4
108	-0.031419	24.625818	122.683602	0.002311	1.4
109	-0.023797	24.595527	122.765107	0.001904	1.2
110	-0.029078	25.594496	120.133068	0.001659	1.1
111	-0.021837	26.594493	117.608980	0.001205	1.2
112	-0.038005	27.593552	115.190998	0.002117	2.0
113	-0.039661	26.735978	117.260398	0.001941	2.0
114	-0.023618	27.730218	114.867940	0.000481	1.4
115	-0.031274	28.342121	113.443436	0.001435	1.4
116	-0.036704	28.796245	112.408872	0.002532	1.3
117	-0.035571	28.161128	113.861093	0.001708	1.3
118	-0.037042	28.648010	112.744493	0.001725	1.4
119	-0.034343	29.171516	111.568082	0.002526	1.4
120	-0.031957	30.154099	109.425048	0.001528	1.3
121	-0.026666	29.297519	111.288586	0.001409	1.4
122	-0.024633	30.111644	109.515939	0.001869	1.4
123	-0.032179	29.501766	110.838496	0.001532	1.5
124	-0.029972	29.178037	111.553582	0.001641	1.4
125	-0.032249	30.137541	109.460479	0.001283	2.2
126	-0.035746	30.085423	109.572153	0.002117	1.4
127	-0.035087	29.329672	111.217490	0.000564	1.6
128	-0.040497	30.243927	109.233232	0.001588	1.5
129	-0.024691	29.696020	110.413791	0.001031	1.8
130	-0.033485	30.691622	108.287176	0.000575	1.3
131	-0.037900	31.251712	107.126438	0.001925	1.2
132	-0.025864	30.570383	108.541752	0.001786	1.2
133	-0.048379	31.520918	106.577340	0.001118	1.2
134	-0.030898	32.519373	104.589037	0.001688	1.4
135	-0.040868	33.516109	102.676802	0.000187	1.4
136	-0.028591	33.675782	102.376950	0.000933	1.3
137	-0.040922	33.583241	102.550520	0.001653	1.2
138	-0.041371	34.464332	100.921432	0.000906	1.3
139	-0.027158	33.624483	102.473094	0.002419	1.3
140	-0.026455	34.137658	101.519361	0.001669	1.2
141	-0.038039	35.137406	99.711407	0.001514	1.3
142	-0.025098	34.309492	101.203963	0.001846	1.3
143	-0.025241	33.548824	102.615223	0.001186	1.2
144	-0.040616	32.692880	104.251061	0.001431	1.3
145	-0.029854	33.502856	102.701770	0.001882	1.8
146	-0.037734	34.297718	101.225512	0.001942	1.5
147	-0.025527	34.029752	101.718426	0.001518	1.3
148	-0.031702	33.172551	103.327970	0.003201	1.3
149	-0.031997	32.315534	104.988909	0.001393	1.1
150	-0.037134	33.304431	103.077036	0.000674	1.2
151	-0.027235	32.498279	104.630277	0.001048	1.3
152	-0.034879	31.910891	105.791825	0.001969	1.2
153	-0.035589	32.076173	105.462384	0.003903	1.2
154	-0.047195	33.076173	103.512128	0.000905	1.3
155	-0.049747	32.267270	105.084036	0.002090	1.5
156	-0.024540	31.545069	106.528356	0.000530	1.4
157	-0.036932	30.762838	108.138192	0.001682	1.3
158	-0.039569	30.238991	109.243753	0.001187	1.5
159	-0.029005	31.238358	107.153822	0.001426	1.4
160	-0.029935	32.220641	105.176106	0.001613	1.2
161	-0.045956	31.424440	106.773477	0.002662	1.2
162	-0.029460	32.418912	104.785731	0.001015	1.5
163	-0.043043	33.414513	102.868507	0.001809	1.3
164	-0.025620	32.588317	104.454479	0.000792	1.4
165	-0.024909	31.735692	106.143288	0.000725	1.5
166	-0.028121	31.656166	106.303595	0.001603	1.5
167	-0.036070	30.823345	108.011934	0.002190	1.4
168	-0.028855	31.823334	105.967180	0.001673	1.3
169	-0.034598	31.033417	107.575863	0.001515	1.4
170	-0.037822	31.979801	105.654223	0.001696	1.4
171	-0.021158	32.668179	104.299045	0.001586	1.2
172	-0.027226	31.902383	105.808839	0.001746	1.2
173	-0.022995	31.045048	107.551823	0.001587	1.1
174	-0.044466	30.343326	109.021759	0.002187	1.2
175	-0.032630	30.753193	108.158346	0.001566	1.2
176	-0.036571	29.896901	109.978008	0.002153	1.5
177	-0.030200	30.475454	108.741920	0.001719	1.4
178	-0.034127	31.475452	106.669681	0.001313	1.3
179	-0.041354	32.472006	104.681685	0.001240	1.3
180	-0.045396	31.623486	106.369611	0.001584	1.3
181	-0.019290	30.834231	107.989251	0.001078	1.4
182	-0.026149	31.332902	106.960241	0.001695	1.6
183	-0.033907	32.289900	105.039412	0.001427	2.5
184	-0.023142	31.494682	106.630605	0.001486	1.7
185	-0.034281	30.683312	108.304587	0.002252	1.6
186	-0.029228	29.839088	110.103071	0.000609	1.6
187	-0.033170	30.648222	108.378170	0.000963	1.4
188	-0.020848	30.828931	108.000293	0.001286	1.4
189	-0.022203	31.759559	106.095271	0.001310	1.4
190	-0.031832	31.107347	107.423235	0.002673	1.4
191	-0.024420	30.249769	109.220781	0.002623	1.2
192	-0.047223	31.235151	107.160402	0.001354	1.6
193	-0.045413	30.377562	108.949111	0.003128	1.6
194	-0.035100	29.519960	110.798579	0.002433	1.2
195	-0.042019	30.519960	108.647984	0.000776	1.2
196	-0.031185	30.157849	109.417026	0.001730	1.6
197	-0.032477	31.032575	107.577603	0.001251	1.3
198	-0.025751	31.983636	105.646576	0.001604	1.1
199	-0.031360	31.129340	107.377913	0.003318	1.2
200	-0.030988	32.129117	105.357288	0.001164	1.1
201	-0.014235	33.129025	103.411059	0.001653	1.1
202	-0.046419	34.100450	101.587914	0.001154	1.1
203	-0.024232	33.312965	103.060839	0.001310	1.2
204	-0.035635	33.031109	103.598462	0.002189	1.6
205	-0.032905	32.173900	105.268557	0.002383	1.4
206	-0.029113	33.173893	103.325412	0.001764	1.0
207	-0.022710	34.173786	101.452884	0.001432	1.2
208	-0.041652	35.097163	99.782939	0.001404	1.1
209	-0.036834	36.093218	98.042113	0.002620	1.1
210	-0.041519	37.093198	96.354477	0.001541	1.2
211	-0.025956	36.340141	97.619916	0.001432	1.2
212	-0.044984	35.582979	98.926212	0.001454	1.4
213	-0.034237	34.734729	100.431811	0.001347	1.1
214	-0.018680	35.730020	98.669801	0.001250	1.1
215	-0.024726	35.958720	98.273622	0.002658	1.1
216	-0.031510	36.901891	96.672831	0.002665	1.5
217	-0.032150	37.582756	95.549273	0.001472	1.3
218	-0.050121	38.495120	94.084015	0.002047	1.5
219	-0.021423	39.495072	92.528855	0.001834	1.4
220	-0.041259	40.487442	91.035496	0.002072	1.5
221	-0.030216	41.482569	89.585622	0.001029	1.2
222	-0.032162	42.221872	88.538025	0.000817	1.2
223	-0.037730	42.943310	87.539099	0.001704	1.3
224	-0.013318	42.338087	88.375573	0.003371	1.2
225	-0.038211	41.568004	89.463294	0.001883	1.2
226	-0.028686	40.777120	90.608622	0.003060	1.3
227	-0.026817	40.099303	91.613807	0.001079	1.5
228	-0.030959	40.636405	90.815481	0.001882	1.3
229	-0.038405	40.125752	91.574166	0.001924	1.2
230	-0.033021	41.112903	90.118792	0.002587	1.5
231	-0.035495	40.255299	91.380498	0.000559	1.4
232	-0.055732	41.143394	90.074575	0.002502	1.2
233	-0.031172	41.730615	89.231387	0.001547	1.5
234	-0.027630	40.873037	90.468159	0.001783	1.4
235	-0.044497	41.871743	89.031089	0.002081	1.3
236	-0.036329	41.014155	90.262291	0.001414	1.2
237	-0.034913	40.251709	91.385855	0.002196	1.1
238	-0.031172	39.729327	92.171938	0.002304	1.3
239	-0.037410	40.729143	90.679045	0.001180	1.3
240	-0.034868	39.893882	91.922859	0.000926	1.3
241	-0.038806	40.687077	90.740882	0.002995	1.8
242	-0.033713	41.684835	89.296554	0.001248	1.7
243	-0.029312	40.827324	90.535048	0.001036	1.4
244	-0.023252	41.546482	89.494078	0.001150	1.4
245	-0.034585	41.109147	90.124241	0.001309	1.3
246	-0.022897	41.038430	90.226973	0.002851	1.4
247	-0.037716	40.180827	91.491731	0.001491	1.4
248	-0.034384	40.449551	91.091630	0.000538	1.4
249	-0.024894	40.778982	90.605892	0.001844	1.3
250	-0.030280	41.147838	90.068133	0.001450	1.1
251	-0.025963	41.795325	89.139435	0.001115	1.2
252	-0.037259	41.175127	90.028602	0.002978	1.3
253	-0.025602	40.352567	91.235625	0.001812	2.0
254	-0.032084	41.352174	89.772968	0.002132	2.0
255	-0.058722	42.352173	88.355924	0.001170	1.8
256	-0.036107	41.501178	89.558948	0.001667	1.8
257	-0.017762	41.675779	89.309457	0.001888	1.9
258	-0.044329	40.818676	90.547713	0.001586	1.6
259	-0.034662	39.961571	91.820792	0.001794	1.7
260	-0.028508	40.961496	90.339002	0.001966	1.6
261	-0.038544	40.141341	91.550817	0.002338	1.6
262	-0.034177	39.797659	92.068343	0.001562	1.5
263	-0.027918	38.940221	93.385371	0.000639	1.8
264	-0.038650	38.998737	93.294293	0.001009	1.5
265	-0.029026	38.756930	93.671810	0.000651	1.9
266	-0.027709	38.281486	94.423067	0.002592	1.8
267	-0.032530	39.254026	92.899017	0.002484	1.2
268	-0.034085	40.253926	91.382547	0.001648	1.3
269	-0.030365	41.253906	89.914675	0.000750	1.2
270	-0.026415	41.652461	89.342696	0.001615	1.3
271	-0.043669	42.538547	88.096753	0.001603	1.8
272	-0.023108	43.538345	86.732001	0.002572	1.6
273	-0.035494	42.680817	87.899937	0.002426	2.0
274	-0.030429	41.823213	89.099864	0.000727	1.5
275	-0.038017	42.808809	87.723621	0.004535	1.5
276	-0.046831	41.951207	88.918705	0.002189	1.4
277	-0.042962	42.951207	87.528290	0.001054	1.3
278	-0.026839	43.944715	86.189303	0.002149	1.2
279	-0.030031	43.130823	87.283142	0.002589	1.3
280	-0.033829	44.130388	85.943596	0.002495	1.4
281	-0.035807	43.273197	87.089798	0.001773	1.4
282	-0.032955	44.273175	85.755592	0.001429	1.6
283	-0.023762	45.251591	84.489137	0.001505	1.3
284	-0.034065	46.238140	83.249474	0.003134	1.3
285	-0.051420	45.380537	84.325014	0.002936	1.2
286	-0.031884	44.522934	85.428711	0.001650	1.1
287	-0.028894	43.665332	86.561679	0.002074	1.1
288	-0.038612	44.663983	85.245206	0.001071	1.1
289	-0.029389	45.661991	83.968985	0.000493	1.1
290	-0.032036	45.090829	84.694652	0.000666	1.1
291	-0.033684	45.563654	84.093036	0.001402	1.1
292	-0.033830	44.776392	85.099525	0.001445	1.1
293	-0.044874	45.733731	83.878717	0.001065	1.3
294	-0.031876	46.729930	82.644996	0.001897	1.4
295	-0.033949	47.556103	81.649036	0.003307	1.0
296	-0.033429	48.556103	80.475178	0.001382	1.1
297	-0.034037	49.556018	79.334689	0.001452	1.1
298	-0.035535	50.544282	78.238814	0.001996	1.5
299	-0.033152	51.508441	77.198456	0.001598	1.1
300	-0.029118	52.448562	76.210338	0.000366	1.1
301	-0.033980	52.007998	76.670227	0.001704	1.1
302	-0.025086	51.389962	77.324806	0.001413	1.3
303	-0.033725	51.671937	77.024777	0.001845	1.2
304	-0.039515	51.424581	77.287845	0.002539	1.0
305	-0.034800	50.653626	78.119421	0.002498	1.1
306	-0.023476	51.653626	77.044190	0.002108	1.2
307	-0.029704	50.796022	77.964483	0.000624	1.2
308	-0.036031	49.963559	78.879073	0.002013	1.1
309	-0.028145	49.498223	79.399728	0.001394	1.1
310	-0.035817	50.497922	78.289545	0.001882	1.2
311	-0.038931	49.640342	79.239986	0.002831	1.2
312	-0.037283	50.306807	78.499375	0.001011	1.2
313	-0.033526	51.290739	77.430938	0.001186	1.1
314	-0.035818	51.156603	77.574879	0.001530	1.0
315	-0.019044	50.368267	78.431773	0.000477	1.0
316	-0.021372	51.233580	77.492210	0.001464	1.1
317	-0.029452	51.031159	77.709978	0.003384	1.1
318	-0.030175	51.803625	76.885454	0.002876	1.0
319	-0.034239	52.803625	75.843697	0.001988	1.0
320	-0.041529	51.946027	76.735362	0.002152	1.2
321	-0.035954	52.946027	75.697641	0.001824	1.1
322	-0.029761	53.621294	75.012633	0.001723	1.1
323	-0.023387	54.615743	74.026116	0.001805	1.1
324	-0.046172	55.077146	73.577153	0.002555	1.2
325	-0.036727	55.988349	72.706323	0.002265	1.1
326	-0.036750	55.131557	73.524567	0.001254	1.2
327	-0.051128	56.104607	72.596697	0.001874	1.1
328	-0.036173	57.094357	71.676623	0.001058	1.2
329	-0.034392	57.892754	70.951253	0.000775	1.1
330	-0.046988	57.873751	70.968347	0.002392	1.1
331	-0.046616	58.842940	70.106884	0.002421	1.1
332	-0.054649	59.233091	69.765974	0.001473	1.0
333	-0.032652	58.375787	70.519487	0.001690	1.1
334	-0.022494	59.369710	69.647380	0.001267	1.1
335	-0.017025	59.770878	69.301460	0.001154	1.1
336	-0.017803	59.423733	69.600596	0.001939	1.2
337	-0.027153	60.420294	68.748704	0.000513	1.1
338	-0.021867	59.939653	69.156953	0.001258	1.1
339	-0.041417	59.221490	69.776063	0.001707	1.1
340	-0.031275	59.756435	69.313854	0.001771	1.2
341	-0.035475	60.744429	68.476101	0.001418	1.6
342	-0.023472	61.244573	68.059685	0.001592	1.2
343	-0.024285	60.421791	68.747441	0.001356	1.2
344	-0.033243	61.387631	67.941506	0.001684	1.3
345	-0.032157	60.530359	68.655895	0.002477	1.1
346	-0.036131	61.297175	68.016183	0.000824	1.1
347	-0.029122	60.441166	68.731086	0.001808	1.5
348	-0.037217	60.155878	68.972696	0.002571	1.3
349	-0.039841	59.313013	69.696548	0.001599	1.3
350	-0.029415	60.313013	68.839409	0.001397	1.3
351	-0.039771	60.705838	68.508443	0.002259	1.3
352	-0.022103	61.535474	67.819805	0.000765	1.7
353	-0.030526	60.690680	68.521155	0.001603	1.3
354	-0.030702	59.898473	69.192156	0.001375	1.1
355	-0.032575	60.879008	68.363551	0.001882	1.1
356	-0.030976	60.657265	68.549195	0.002258	1.3
357	-0.029845	59.800113	69.276386	0.003171	1.1
358	-0.032053	60.733239	68.485476	0.002660	1.1
359	-0.027830	59.875635	69.211695	0.000409	1.2
360	-0.030497	60.815894	68.416287	0.001781	1.2
361	-0.044321	61.429267	67.907188	0.002916	1.2
362	-0.037727	60.573005	68.620002	0.003128	1.1
363	-0.039509	59.715401	69.349091	0.001112	1.1
364	-0.033627	58.991320	69.976839	0.001282	1.1
365	-0.030619	58.144109	70.725918	0.001938	1.1
366	-0.042098	58.262634	70.620158	0.002678	1.2
367	-0.034058	59.262634	69.740294	0.002110	1.1
368	-0.037674	60.262634	68.882086	0.003073	1.1
369	-0.042667	59.405031	69.616785	0.002350	1.2
370	-0.035584	58.547573	70.367197	0.002016	1.1
371	-0.026353	59.547573	69.493587	0.001523	1.1
372	-0.032771	60.320855	68.832770	0.000544	1.5
373	-0.026727	59.935790	69.160253	0.001157	1.4
374	-0.035207	59.550930	69.490690	0.000898	1.4
375	-0.032783	58.769938	70.171043	0.001954	1.1
376	-0.036367	59.551364	69.490316	0.000874	1.1
377	-0.028036	58.698310	70.234109	0.001594	1.2
378	-0.046742	59.574729	69.470165	0.002381	1.1
379	-0.027485	59.375095	69.642714	0.001105	1.0
380	-0.034426	58.517918	70.393440	0.000537	1.3
381	-0.032749	59.216346	69.780538	0.001684	1.2
382	-0.037777	59.101886	69.880249	0.001976	1.1
383	-0.029811	60.101885	69.018615	0.001375	1.0
384	-0.032461	59.259153	69.743319	0.001433	1.1
385	-0.028035	60.258326	68.885738	0.000861	1.2
386	-0.042037	59.639937	69.413990	0.003427	1.0
387	-0.027510	58.794524	70.149422	0.001313	1.1
388	-0.025669	57.994629	70.859751	0.000930	1.1
389	-0.039728	58.740925	70.196574	0.001578	1.2
390	-0.028664	58.724942	70.210647	0.001288	1.3
391	-0.039510	57.877061	70.965369	0.000851	1.2
392	-0.033961	57.136609	71.637864	0.002221	1.2
393	-0.018197	56.372867	72.344996	0.001044	1.5
394	-0.020419	57.372725	71.422038	0.002590	1.3
395	-0.029092	58.372386	70.522508	0.004359	1.3
396	-0.041324	59.372386	69.645061	0.002908	1.3
397	-0.026942	60.372386	68.789180	0.000982	1.5
398	-0.025568	59.514794	69.521879	0.002184	1.4
399	-0.023267	60.513812	68.669831	0.001606	1.4
400	-0.036182	59.703049	69.359706	0.002340	1.6
401	-0.041258	58.845642	70.104511	0.001308	1.2
402	-0.041809	59.570442	69.473862	0.001468	1.1
403	-0.033076	60.520470	68.664223	0.001348	1.1
404	-0.048785	60.075176	69.041352	0.002024	1.1
405	-0.041313	61.074779	68.200486	0.002545	1.1
406	-0.042367	60.217348	68.920494	0.001184	1.5
407	-0.023942	59.369767	69.647330	0.002380	1.3
408	-0.032792	58.513296	70.397531	0.001779	1.2
409	-0.032879	59.513294	69.523174	0.001507	1.3
410	-0.021666	58.658101	70.269561	0.000850	1.1
411	-0.050534	58.766555	70.174019	0.001823	1.2
412	-0.033227	59.704832	69.358174	0.001979	1.1
413	-0.035166	60.704820	68.509297	0.001883	1.0
414	-0.033499	59.981352	69.121343	0.001576	1.0
415	-0.038939	59.125404	69.859739	0.001321	1.0
416	-0.027657	60.091572	69.027392	0.000740	1.3
417	-0.029541	61.024243	68.242504	0.001994	1.3
418	-0.028918	60.222359	68.916242	0.000877	1.0
419	-0.036020	61.207472	68.090401	0.002555	1.0
420	-0.026135	60.353384	68.805248	0.001696	1.3
421	-0.033851	61.349522	67.972948	0.002195	1.2
422	-0.046687	62.349040	67.157819	0.001049	1.3
423	-0.039758	61.493298	67.854479	0.002845	1.0
424	-0.026527	62.493292	67.041790	0.001846	1.1
425	-0.026334	63.492417	66.249019	0.002018	1.2
426	-0.042513	64.492406	65.474117	0.002856	1.0
427	-0.041413	63.634802	66.137565	0.001272	1.0
428	-0.046782	62.779180	66.813017	0.002035	1.1
429	-0.029557	63.779100	66.024996	0.003412	1.0
430	-0.026860	62.960524	66.668709	0.001495	1.0
431	-0.020396	63.960524	65.884007	0.001034	1.0
432	-0.044101	64.160647	65.729183	0.001743	1.0
433	-0.028736	64.289143	65.630156	0.002072	1.3
434	-0.018451	63.431557	66.296773	0.002038	1.3
435	-0.027339	64.418723	65.530595	0.000594	1.2
436	-0.035214	64.063726	65.804074	0.002676	1.1
437	-0.038289	64.258394	65.653826	0.002154	1.0
438	-0.025567	63.400791	66.320940	0.001046	1.0
439	-0.025150	64.113500	65.765593	0.003630	1.0
440	-0.015981	63.255905	66.434984	0.000969	1.0
441	-0.037978	62.399856	67.116899	0.001201	1.2
442	-0.038224	61.609804	67.758783	0.001691	1.2
443	-0.020212	61.062063	68.211053	0.000473	1.0
444	-0.027769	60.901238	68.344996	0.000555	1.0
445	-0.026035	60.795299	68.433514	0.001064	1.0
446	-0.037285	60.266453	68.878849	0.002632	1.0
447	-0.038064	59.686392	69.374025	0.001854	1.0
448	-0.044534	60.686350	68.524787	0.002725	1.0
449	-0.025825	61.673830	67.706307	0.000572	1.4
450	-0.031508	62.594082	66.960957	0.001231	1.1
451	-0.028340	61.941887	67.487490	0.000906	1.1
452	-0.036447	61.252643	68.053007	0.001192	1.1
453	-0.039290	61.180567	68.112693	0.002585	1.0
454	-0.036240	60.895562	68.349732	0.002370	1.0
455	-0.033427	61.895487	67.525265	0.000819	1.0
456	-0.022552	61.065553	68.208153	0.001148	1.1
457	-0.027554	60.292176	68.857054	0.001718	1.2
458	-0.033713	59.889276	69.200023	0.001409	1.1
459	-0.032157	59.033001	69.940396	0.000629	1.1
460	-0.035391	59.904482	69.187016	0.001842	1.2
461	-0.032516	60.798234	68.431059	0.002707	1.1
462	-0.023143	59.941132	69.155689	0.001874	1.1
463	-0.034716	60.941132	68.311721	0.001366	1.0
464	-0.038655	60.322732	68.831182	0.002733	1.2
465	-0.024125	61.322674	67.995116	0.001588	1.0
466	-0.040509	61.900650	67.521059	0.001590	1.0
467	-0.038776	62.900609	66.716319	0.001468	1.0
468	-0.030243	63.278455	66.417209	0.001520	1.2
469	-0.038368	64.259326	65.653108	0.001193	1.2
470	-0.041633	65.250603	64.898558	0.002820	1.1
471	-0.030238	64.397419	65.546943	0.001351	1.1
472	-0.023480	65.377957	64.802873	0.001037	1.1
473	-0.035190	64.555908	65.425520	0.001314	1.0
474	-0.047426	65.429674	64.764097	0.002280	1.0
475	-0.027621	65.109560	65.004858	0.002337	1.0
476	-0.034470	64.274182	65.641670	0.002495	1.1
477	-0.033091	63.560440	66.195726	0.000706	1.3
478	-0.038055	62.863172	66.746101	0.003238	1.3
479	-0.036529	62.028065	67.417442	0.002432	1.1
480	-0.031243	61.170462	68.121070	0.001064	1.0
481	-0.029247	60.341421	68.815367	0.000884	1.0
482	-0.026480	59.653713	69.402133	0.000470	1.1
483	-0.029701	59.936296	69.159821	0.001190	1.1
484	-0.035315	60.268426	68.877177	0.001729	1.1
485	-0.027445	61.214288	68.084757	0.001058	1.2
486	-0.025720	62.205217	67.273904	0.001413	1.2
487	-0.032899	61.925373	67.500929	0.001472	1.0
488	-0.038515	62.479338	67.052997	0.001601	1.0
489	-0.021609	63.397643	66.323413	0.001417	1.1
490	-0.035376	64.217437	65.685380	0.001433	1.1
491	-0.030576	64.673071	65.336047	0.002000	1.2
492	-0.040566	65.671344	64.583511	0.003945	1.0
493	-0.043554	64.813767	65.228925	0.002826	1.3
494	-0.043099	63.957723	65.886179	0.001664	1.1
495	-0.027592	63.100119	66.558048	0.001498	1.1
496	-0.032313	62.293999	67.202198	0.001461	1.0
497	-0.033173	62.590233	66.964041	0.001624	1.1
498	-0.024870	61.864142	67.550808	0.001328	1.1
499	-0.040002	61.020563	68.245566	0.001097	1.1
500	-0.036951	60.182760	68.949857	0.003659	1.1
501	-0.029377	61.179067	68.113937	0.001614	1.1
502	-0.016956	62.095606	67.362645	0.001370	1.0
503	-0.041155	62.905176	66.712687	0.002449	1.3
504	-0.038704	62.047585	67.401595	0.004324	1.1
505	-0.042795	61.191474	68.103654	0.000780	1.5
506	-0.032853	62.185822	67.289589	0.003269	1.1
507	-0.022778	61.706427	67.679622	0.003224	1.2
508	-0.029300	60.848823	68.388763	0.002186	1.1
509	-0.041882	60.141446	68.984964	0.001756	1.0
510	-0.020793	61.082806	68.193815	0.001096	1.0
511	-0.030516	62.045451	67.403328	0.002158	1.1
512	-0.035875	61.191097	68.103967	0.000793	1.2
513	-0.024142	60.338632	68.817727	0.001245	1.1
514	-0.044319	60.916372	68.332369	0.002393	1.2
515	-0.025982	60.075092	69.041424	0.001917	1.1
516	-0.044403	61.066268	68.207558	0.003580	1.1
517	-0.022612	62.065585	67.386990	0.002160	1.1
518	-0.026877	61.209380	68.088821	0.002235	1.1
519	-0.037190	61.518866	67.833454	0.001902	1.3
520	-0.034191	62.514071	67.025110	0.002753	1.1
521	-0.028502	61.656467	67.720530	0.001182	1.2
522	-0.040159	62.655602	66.911715	0.002810	1.1
523	-0.032181	61.971659	67.463274	0.001262	1.0
524	-0.025557	61.193141	68.102273	0.001967	1.0
525	-0.026553	60.874313	68.367471	0.000345	1.1
526	-0.037085	61.601530	67.765570	0.001993	1.1
527	-0.036713	61.321231	67.996308	0.000855	1.1
528	-0.029778	60.470333	68.706480	0.000680	1.2
529	-0.039598	60.725292	68.492135	0.000952	1.2
530	-0.039894	61.600858	67.766121	0.003127	1.1
531	-0.037936	60.747883	68.473207	0.001741	1.0
532	-0.041269	61.745781	67.647434	0.001641	1.1
533	-0.027587	60.950413	68.303985	0.001806	1.1
534	-0.036742	60.092984	69.026190	0.001923	1.2
535	-0.040147	60.039450	69.071789	0.003160	1.1
536	-0.028777	59.181846	69.810562	0.001800	1.1
537	-0.034049	58.324277	70.565279	0.002847	1.1
538	-0.032913	57.467071	71.336162	0.000315	1.2
539	-0.033224	58.087372	70.776656	0.001032	1.1
540	-0.019507	57.949477	70.900276	0.000531	1.1
541	-0.029025	58.014627	70.841817	0.001227	1.0
542	-0.034701	57.454897	71.347233	0.001347	1.0
543	-0.033777	57.974738	70.877598	0.000664	1.0
544	-0.032012	58.854410	70.096815	0.001684	1.0
545	-0.027529	58.635951	70.289105	0.000602	0.9
546	-0.022330	58.813423	70.132812	0.002328	1.2
547	-0.035886	59.759359	69.311344	0.000909	1.0
548	-0.029764	58.903383	70.053852	0.001908	1.1
549	-0.039847	58.076283	70.786581	0.001193	1.1
550	-0.031716	57.218786	71.562601	0.001176	1.2
551	-0.042318	56.439063	72.283155	0.002966	1.2
552	-0.029510	57.438966	71.361723	0.000957	1.1
553	-0.023608	58.404724	70.493787	0.002368	1.1
554	-0.040587	57.551260	71.259706	0.001167	1.2
555	-0.035450	58.546165	70.368443	0.001194	1.2
556	-0.030957	57.879417	70.963249	0.002838	1.1
557	-0.023185	58.590423	70.329313	0.000725	1.1
558	-0.043265	57.735141	71.093284	0.001563	1.1
559	-0.029618	58.640206	70.285350	0.001216	1.1
560	-0.037893	58.441413	70.461231	0.001536	1.1
561	-0.038171	59.373673	69.643946	0.002593	1.1
562	-0.018459	58.526575	70.385776	0.000529	1.2
563	-0.027413	58.737095	70.199946	0.000474	1.3
564	-0.023677	58.488263	70.419702	0.002341	1.1
565	-0.036078	57.750207	71.079683	0.002043	1.1
566	-0.034880	58.750201	70.188410	0.000779	1.1
567	-0.034808	58.316383	70.572303	0.001303	1.0
568	-0.040403	58.889124	70.066355	0.001461	1.1
569	-0.019958	59.888059	69.201064	0.001817	1.1
570	-0.031841	59.239173	69.760686	0.002095	1.1
571	-0.039703	58.381569	70.514350	0.002132	1.2
572	-0.026514	57.523966	71.284476	0.001818	1.2
573	-0.032686	58.523966	70.388086	0.001859	1.0
574	-0.027508	59.523945	69.513978	0.001692	1.0
575	-0.025257	60.522398	68.662600	0.001664	1.3
576	-0.035341	61.522010	67.830870	0.001223	1.0
577	-0.035524	62.519455	67.020788	0.002812	1.1
578	-0.037703	63.517143	66.229637	0.001658	1.2
579	-0.030785	62.659544	66.908562	0.001311	1.2
580	-0.050738	62.212164	67.268287	0.003132	1.4
581	-0.037399	61.843464	67.567669	0.002562	1.3
582	-0.032922	60.985860	68.274453	0.001299	1.0
583	-0.033921	60.128346	68.996104	0.000280	0.9
584	-0.030907	60.109766	69.011908	0.001285	1.0
585	-0.031066	59.844809	69.238085	0.002077	0.9
586	-0.026127	60.843849	68.392919	0.000730	0.9
587	-0.024760	59.999542	69.105820	0.002599	1.0
588	-0.027166	60.865037	68.375218	0.001157	1.2
589	-0.027556	60.119795	69.003376	0.002103	1.5
590	-0.029218	61.117596	68.164924	0.001644	1.4
591	-0.033474	60.260111	68.884225	0.001008	1.2
592	-0.030749	61.203337	68.093826	0.002253	1.3
593	-0.027633	60.348670	68.809235	0.000866	1.1
594	-0.024846	61.345740	67.976070	0.001888	1.0
595	-0.037372	62.332550	67.171109	0.001212	1.0
596	-0.031375	61.481553	67.864141	0.003338	1.1
597	-0.032685	60.624080	68.577064	0.002812	1.3
598	-0.041537	61.602924	67.764426	0.003292	1.1
599	-0.035036	60.745321	68.475353	0.001827	1.0
600	-0.038171	59.888079	69.201047	0.001009	0.9
601	-0.025607	59.308774	69.700226	0.001908	0.9
602	-0.038667	58.454539	70.449590	0.003683	0.9
603	-0.033732	57.720762	71.106270	0.001250	1.1
604	-0.039616	56.863165	71.889446	0.002135	1.0
605	-0.035244	57.728303	71.099459	0.001399	1.1
606	-0.041069	58.727357	70.208521	0.001037	1.3
607	-0.031536	59.706103	69.357081	0.001283	1.3
608	-0.024850	59.785274	69.289110	0.000679	1.0
609	-0.033699	60.115295	69.007205	0.001345	0.9
610	-0.030328	59.431341	69.594012	0.000696	0.9
611	-0.033067	58.736109	70.200814	0.000688	1.0
612	-0.036866	58.345849	70.546094	0.002052	0.9
613	-0.040664	57.539685	71.270208	0.001286	1.0
614	-0.040842	56.830806	71.919334	0.001868	1.0
615	-0.028659	57.783109	71.049998	0.000571	1.1
616	-0.027433	58.221700	70.656648	0.001058	1.1
617	-0.028205	58.810583	70.135307	0.000509	1.0
618	-0.037678	58.276709	70.607620	0.001651	1.0
619	-0.035673	58.997590	69.971355	0.001238	1.0
620	-0.031545	58.147424	70.722956	0.001423	1.1
621	-0.035553	58.358473	70.534872	0.001171	1.0
622	-0.033143	58.641991	70.283775	0.000722	0.9
623	-0.035314	58.748191	70.190178	0.002278	1.2
624	-0.032400	59.682596	69.377289	0.003042	1.2
625	-0.031515	60.682596	68.527937	0.002408	1.0
626	-0.038303	59.847436	69.235835	0.001765	1.0
627	-0.031699	58.991553	69.976636	0.000566	1.0
628	-0.034554	59.182718	69.809803	0.001483	1.0
629	-0.031274	58.659995	70.267890	0.001717	1.0
630	-0.020846	59.656384	69.399836	0.001157	1.0
631	-0.024769	58.806784	70.138646	0.001147	0.9
632	-0.044010	57.996926	70.857691	0.002145	0.9
633	-0.022718	57.171426	71.605956	0.001310	1.0
634	-0.034660	56.313933	72.400143	0.001688	1.1
635	-0.028737	55.653044	73.024363	0.002413	1.2
636	-0.022272	56.652497	72.084478	0.000919	1.0
637	-0.018728	57.584872	71.229227	0.001766	1.0
638	-0.025461	56.741944	72.001541	0.001103	1.3
639	-0.032836	56.521876	72.205938	0.004332	1.3
640	-0.030511	55.688812	72.990304	0.000392	1.2
641	-0.038584	56.661934	72.075719	0.000866	1.0
642	-0.034085	56.598225	72.134894	0.001613	1.0
643	-0.029855	56.893073	71.861843	0.000980	1.2
644	-0.028888	57.490902	71.314505	0.001657	1.1
645	-0.038907	57.339010	71.452776	0.002073	1.1
646	-0.027777	56.565379	72.165441	0.002039	1.1
647	-0.034330	57.565377	71.246902	0.000364	1.1
648	-0.027229	57.013846	71.750593	0.001287	1.1
649	-0.035814	57.005933	71.757872	0.001519	1.1
650	-0.014632	56.187323	72.518900	0.002371	1.0
651	-0.027774	55.331369	73.332103	0.000970	1.1
652	-0.038800	54.953233	73.697189	0.001317	1.3
653	-0.038603	54.121067	74.513582	0.001004	1.4
654	-0.029165	54.989357	73.662154	0.000810	1.0
655	-0.029432	54.627652	74.014459	0.002843	1.0
656	-0.038132	54.143150	74.491683	0.001722	1.1
657	-0.040885	53.591404	75.042692	0.001135	1.1
658	-0.040046	52.738832	75.910339	0.001485	1.0
659	-0.021492	53.711970	74.921593	0.002136	1.0
660	-0.029091	54.640379	74.002005	0.001558	1.0
661	-0.031259	53.783507	74.849923	0.001363	1.2
662	-0.036198	54.782955	73.862780	0.001282	1.1
663	-0.025597	55.134095	73.522116	0.000873	1.1
664	-0.042422	56.111574	72.590137	0.001152	1.0
665	-0.042859	56.411610	72.308789	0.001715	1.1
666	-0.032172	55.633640	73.042853	0.000604	1.2
667	-0.049398	56.299135	72.414003	0.002352	1.6
668	-0.034012	55.458554	73.210118	0.001602	1.2
669	-0.026437	56.455456	72.267856	0.001467	1.1
670	-0.023709	55.664848	73.013120	0.001385	1.2
671	-0.030230	54.808871	73.837529	0.002445	1.0
672	-0.034907	55.178089	73.479656	0.001691	1.0
673	-0.041204	54.320690	74.316097	0.001915	1.0
674	-0.022925	54.569137	74.071770	0.001294	1.1
675	-0.026909	53.720214	74.913326	0.000908	1.1
676	-0.038043	53.979343	74.654425	0.002768	1.1
677	-0.032259	53.124674	75.515203	0.000624	1.1
678	-0.039141	52.282455	76.383082	0.001510	1.1
679	-0.036481	53.086354	75.554261	0.003087	1.0
680	-0.039445	54.086354	74.548030	0.000843	1.2
681	-0.027230	54.952585	73.697818	0.001357	1.0
682	-0.026060	55.794915	72.889458	0.001571	1.6
683	-0.026543	56.752905	71.991391	0.001060	1.1
684	-0.039914	57.727683	71.100019	0.001645	1.1
685	-0.027253	56.910849	71.845447	0.000885	1.0
686	-0.041013	56.425189	72.296107	0.002151	1.1
687	-0.031369	57.373719	71.421132	0.002185	1.1
688	-0.037498	58.373447	70.521566	0.002132	1.0
689	-0.038607	59.373429	69.644158	0.001675	1.1
690	-0.044994	60.373428	68.788300	0.001543	1.0
691	-0.033770	59.777133	69.296093	0.001589	1.1
692	-0.031066	60.572533	68.620399	0.001738	1.1
693	-0.029295	59.857951	69.226832	0.001147	1.1
694	-0.034590	59.002366	69.967177	0.002156	1.3
695	-0.032085	58.145062	70.725066	0.002007	1.1
696	-0.028886	59.143633	69.843848	0.001526	1.1
697	-0.037206	59.998516	69.106695	0.002400	1.1
698	-0.026984	60.997935	68.264399	0.000674	1.0
699	-0.039190	60.487487	68.692016	0.002531	1.0
700	-0.036493	60.893289	68.351630	0.000721	1.1
701	-0.039462	60.040641	69.070773	0.002582	1.1
702	-0.029188	61.011621	68.253007	0.000864	1.0
703	-0.023926	61.918941	67.506165	0.000694	1.0
704	-0.035999	61.851777	67.560889	0.001492	1.3
705	-0.034377	62.350383	67.156737	0.000711	1.1
706	-0.036172	63.325990	66.379769	0.000768	1.0
707	-0.031311	62.612287	66.946378	0.001193	1.2
708	-0.033655	62.291780	67.203988	0.001542	1.1
709	-0.029661	61.434792	67.902637	0.002438	1.0
710	-0.024740	62.434788	67.088799	0.000966	1.0
711	-0.038235	62.331603	67.171872	0.002007	1.0
712	-0.040324	61.550345	67.807588	0.002102	1.1
713	-0.035426	60.798801	68.430584	0.001033	1.2
714	-0.037707	59.943205	69.153918	0.001525	1.1
715	-0.030110	60.140877	68.985448	0.002258	1.0
716	-0.033676	61.140822	68.145650	0.002471	0.9
717	-0.030436	61.836657	67.573221	0.001015	1.0
718	-0.023620	60.993974	68.267697	0.000989	1.0
719	-0.035824	61.266797	68.041299	0.001310	1.0
720	-0.025542	62.140078	67.326611	0.000338	1.1
721	-0.024938	62.177146	67.296608	0.000743	1.1
722	-0.040171	61.838099	67.572045	0.000878	1.4
723	-0.039962	62.489973	67.044455	0.001944	1.3
724	-0.052537	62.748777	66.837272	0.002036	1.0
725	-0.039105	63.748771	66.048625	0.002618	1.0
726	-0.044804	64.740555	65.284623	0.004003	1.2
727	-0.036564	63.889521	65.939113	0.001296	1.1
728	-0.036559	64.889521	65.171393	0.000890	1.0
729	-0.039823	64.056728	65.809488	0.002093	0.9
730	-0.030326	64.017632	65.839752	0.001644	1.0
731	-0.034215	63.160147	66.510575	0.000697	1.1
732	-0.032008	62.415770	67.104095	0.001128	0.9
733	-0.022628	62.538430	67.005566	0.002558	0.9
734	-0.033838	61.846433	67.565247	0.001376	0.9
735	-0.044435	62.778589	66.813488	0.001357	1.0
736	-0.023157	62.507824	67.030123	0.001733	1.0
737	-0.026281	61.656542	67.720469	0.001696	1.1
738	-0.035367	61.796281	67.606174	0.001313	1.0
739	-0.029355	62.785508	66.807970	0.001056	1.0
740	-0.024500	63.640537	66.133084	0.003579	1.2
741	-0.032788	63.268031	66.425425	0.001247	1.2
742	-0.026663	62.990920	66.644582	0.002252	1.1
743	-0.030177	62.133456	67.331975	0.001918	1.0
744	-0.018816	63.095899	66.561388	0.000938	1.0
745	-0.034343	62.246775	67.240320	0.001291	1.0
746	-0.030058	61.399759	67.931506	0.001348	1.1
747	-0.039083	62.380362	67.132591	0.002584	1.1
748	-0.029677	62.296509	67.200173	0.000609	1.1
749	-0.030632	62.252518	67.235681	0.001261	1.2
750	-0.030288	62.084964	67.371272	0.002027	1.2
751	-0.034754	63.078559	66.575115	0.001128	1.1
752	-0.042301	64.074161	65.796003	0.002336	1.0
753	-0.037596	65.074123	65.031621	0.000940	1.0
754	-0.026626	64.223501	65.680706	0.000285	0.9
755	-0.035875	64.302177	65.620128	0.002594	1.0
756	-0.023170	64.190565	65.706099	0.002509	1.0
757	-0.020152	65.190565	64.943764	0.002138	1.2
758	-0.036588	66.188658	64.200320	0.001705	1.0
759	-0.036075	65.333843	64.835985	0.001225	1.2
760	-0.038217	66.329045	64.097114	0.001010	1.0
761	-0.027246	65.555490	64.669956	0.002437	1.0
762	-0.036557	66.496691	63.974302	0.000718	1.0
763	-0.029259	65.654406	64.596136	0.001404	1.0
764	-0.034479	64.871853	65.184802	0.002009	1.0
765	-0.042711	64.061194	65.806033	0.001170	1.1
766	-0.030358	63.227603	66.457308	0.001118	1.2
767	-0.038979	63.862776	65.959894	0.001301	1.2
768	-0.022821	63.225182	66.459218	0.002545	1.0
769	-0.031474	62.893082	66.722304	0.002100	0.9
770	-0.027728	63.893082	65.936348	0.002046	1.0
771	-0.030608	63.209272	66.471775	0.001025	1.0
772	-0.043515	62.491220	67.043454	0.001199	1.2
773	-0.036004	62.441197	67.083647	0.001317	1.0
774	-0.025679	63.387015	66.331767	0.000843	0.9
775	-0.026523	64.149146	65.738061	0.001662	0.9
776	-0.042301	65.095607	65.015393	0.001157	0.9
777	-0.031581	66.060814	64.294595	0.002706	1.0
778	-0.028240	65.203264	64.934197	0.001720	1.1
779	-0.031871	66.172722	64.212057	0.001769	1.0
780	-0.020669	67.172086	63.484262	0.001053	1.3
781	-0.036716	66.315085	64.107362	0.001911	1.1
782	-0.026469	65.462205	64.739730	0.001973	1.0
783	-0.037186	64.604629	65.388283	0.000942	1.1
784	-0.029142	63.754428	66.044216	0.000820	1.1
785	-0.029303	64.507386	65.462646	0.001579	1.2
786	-0.026158	65.443998	64.753365	0.003055	1.3
787	-0.036484	66.394525	64.049090	0.001291	1.4
788	-0.024561	65.556123	64.669483	0.000893	1.4
789	-0.021743	65.749590	64.525259	0.001106	1.3
790	-0.032456	65.355377	64.819817	0.000974	1.2
791	-0.037120	66.307831	64.112688	0.002037	1.2
792	-0.034997	65.943875	64.381071	0.000759	1.3
793	-0.032844	65.195794	64.939825	0.002456	1.3
794	-0.044294	66.193323	64.196885	0.002350	1.3
795	-0.027917	65.370065	64.808794	0.001612	1.0
796	-0.027858	66.358597	64.075431	0.000491	0.9
797	-0.036882	65.972558	64.359838	0.001607	0.9
798	-0.038957	66.847899	63.718539	0.002481	1.0
799	-0.031994	67.847507	63.001652	0.002749	1.1
800	-0.015306	68.089545	62.830490	0.001010	1.2
801	-0.042478	67.236847	63.437668	0.001389	1.1
802	-0.038080	66.470829	63.993217	0.001829	1.3
803	-0.021144	65.615636	64.625049	0.001884	1.1
804	-0.030327	64.760335	65.269565	0.001000	1.1
805	-0.022362	65.606526	64.631847	0.000531	1.1
806	-0.042656	66.092172	64.271445	0.001350	1.4
807	-0.033392	66.369837	64.067188	0.002937	1.4
808	-0.033856	65.549154	64.674691	0.001015	1.3
809	-0.033029	64.900211	65.163283	0.002787	1.0
810	-0.031824	64.042786	65.820277	0.001896	1.3
811	-0.050548	65.041702	65.056125	0.001992	1.1
812	-0.042622	64.231669	65.674412	0.001893	1.0
813	-0.042597	64.256860	65.655007	0.003088	1.0
814	-0.025386	63.400120	66.321467	0.004066	1.0
815	-0.030549	62.542516	67.002288	0.003259	1.1
816	-0.029523	63.542516	66.209761	0.003306	1.0
817	-0.035939	62.684913	66.888279	0.001119	0.9
818	-0.045272	63.680746	66.101682	0.001825	0.9
819	-0.033742	64.443012	65.511967	0.001077	1.0
820	-0.023273	63.638177	66.134928	0.001621	1.4
821	-0.021700	64.636275	65.364120	0.002318	1.1
822	-0.043179	63.778710	66.025300	0.002387	1.0
823	-0.039903	64.778623	65.255649	0.001560	1.0
824	-0.021322	64.985446	65.098689	0.001970	1.0
825	-0.044439	64.276165	65.640144	0.001374	1.0
826	-0.028633	65.274810	64.880349	0.001245	1.1
827	-0.037587	65.808916	64.481162	0.001412	1.0
828	-0.045582	64.983694	65.100015	0.002298	1.3
829	-0.020759	64.126257	65.755737	0.001228	1.2
830	-0.029492	64.024699	65.834279	0.001480	1.1
831	-0.032925	63.277484	66.417974	0.001197	1.0
832	-0.023641	62.441643	67.083288	0.001543	1.0
833	-0.035515	62.621024	66.939383	0.001157	0.9
834	-0.024155	61.958083	67.474314	0.001007	1.2
835	-0.045035	61.718604	67.669659	0.001624	1.3
836	-0.028453	61.005269	68.258294	0.002221	1.2
837	-0.030517	62.005217	67.435999	0.001290	1.2
838	-0.031851	61.292465	68.020076	0.001106	1.1
839	-0.021423	62.165591	67.305958	0.001318	1.2
840	-0.040517	63.070479	66.581514	0.001456	1.1
841	-0.025947	64.060121	65.806863	0.001960	1.3
842	-0.034493	64.816516	65.226835	0.000959	1.0
843	-0.025236	65.715450	64.550663	0.002060	1.0
844	-0.033086	64.896196	65.166328	0.001313	1.4
845	-0.039201	65.823368	64.470429	0.001850	1.4
846	-0.039510	66.810563	63.745631	0.001996	1.3
847	-0.027100	67.479462	63.263718	0.001037	1.1
848	-0.036689	66.956545	63.639832	0.001362	1.1
849	-0.033609	67.894835	62.968110	0.002954	1.0
850	-0.037590	67.053357	63.569862	0.003531	1.1
851	-0.033208	68.053357	62.856022	0.001842	1.0
852	-0.039123	69.053223	62.158128	0.000712	1.0
853	-0.024629	68.205615	62.748738	0.001953	1.0
854	-0.044059	67.371878	63.340736	0.001569	1.2
855	-0.040373	66.521155	63.956420	0.001052	1.0
856	-0.036341	67.004367	63.605250	0.001331	1.0
857	-0.031062	67.791359	63.041492	0.001007	0.9
858	-0.035679	68.735205	62.378414	0.001333	1.1
859	-0.040369	69.713476	61.705713	0.002673	1.1
860	-0.038211	68.863580	62.289303	0.001539	1.0
861	-0.036602	69.795752	61.649798	0.000555	1.2
862	-0.021157	69.812188	61.638640	0.001642	1.1
863	-0.036149	69.065158	62.149891	0.001632	1.1
864	-0.035744	70.064806	61.467652	0.002556	1.1
865	-0.033872	70.952789	60.874062	0.000924	1.0
866	-0.032535	70.364630	61.265938	0.001031	1.0
867	-0.048636	69.588636	61.790750	0.002900	1.1
868	-0.034556	70.299955	61.309337	0.002504	1.1
869	-0.040582	71.299955	60.645097	0.002010	1.1
870	-0.030982	70.442352	61.213865	0.000847	1.1
871	-0.045953	70.026338	61.493628	0.002175	1.1
872	-0.036690	69.235617	62.032487	0.002590	1.1
873	-0.028676	68.378013	62.627704	0.002341	1.3
874	-0.030038	67.592766	63.182808	0.001438	1.2
875	-0.041590	66.735818	63.799938	0.001666	1.3
876	-0.021117	65.898793	64.414471	0.001125	0.9
877	-0.044341	66.889252	63.688558	0.001510	0.9
878	-0.029309	66.111519	64.257171	0.001208	0.9
879	-0.029409	65.301272	64.860455	0.002274	0.9
880	-0.049799	66.216981	64.179471	0.003627	1.0
881	-0.025990	65.359377	64.816815	0.002340	1.1
882	-0.030017	64.501774	65.466943	0.001411	1.1
883	-0.033532	65.339251	64.831924	0.002562	1.0
884	-0.034765	65.637761	64.608546	0.001848	1.0
885	-0.025923	66.637761	63.871323	0.001287	0.9
886	-0.034253	67.634055	63.153376	0.000728	1.0
887	-0.030130	67.711944	63.097927	0.001633	1.1
888	-0.024797	66.921229	63.665394	0.001196	1.1
889	-0.025927	66.068738	64.288743	0.001906	1.3
890	-0.027267	67.049736	63.572476	0.001621	1.1
891	-0.035975	66.194991	64.195657	0.001842	1.2
892	-0.031923	65.345741	64.827051	0.000732	1.1
893	-0.029568	64.613326	65.381641	0.001055	1.1
894	-0.022017	64.938342	65.134370	0.000641	1.1
895	-0.047631	65.518781	64.697395	0.001937	1.1
896	-0.035466	66.382361	64.058006	0.000943	1.1
897	-0.038498	65.537261	64.683579	0.001759	1.1
898	-0.037349	66.529772	63.950124	0.002304	1.3
899	-0.038793	67.293721	63.396805	0.000465	1.1
900	-0.033142	67.148620	63.501161	0.000733	1.0
901	-0.021013	67.444391	63.288804	0.000724	0.9
902	-0.045222	67.194430	63.468178	0.000718	1.0
903	-0.029724	67.390906	63.327100	0.001270	1.4
904	-0.033441	68.230404	62.731306	0.000877	1.1
905	-0.033314	67.898174	62.965745	0.002106	1.3
906	-0.034936	68.575270	62.489790	0.000573	1.0
907	-0.025008	67.751868	63.069543	0.002303	1.1
908	-0.040911	67.148233	63.501441	0.001462	1.2
909	-0.030551	66.322377	64.102009	0.001895	1.1
910	-0.030830	67.321753	63.376683	0.001941	1.1
911	-0.037301	67.267039	63.415968	0.003820	1.1
912	-0.035996	66.437649	64.017500	0.000959	1.0
913	-0.036983	65.695408	64.565585	0.002433	1.1
914	-0.036206	64.860383	65.193511	0.001350	1.1
915	-0.032971	65.858289	64.444509	0.002345	1.1
916	-0.039168	65.149971	64.974366	0.001616	1.2
917	-0.036965	64.695933	65.318616	0.000903	1.2
918	-0.046049	64.538186	65.439075	0.003884	1.0
919	-0.031948	65.537903	64.683099	0.002653	1.0
920	-0.041221	66.537903	63.944183	0.002247	0.9
921	-0.032424	65.680313	64.576829	0.001473	0.9
922	-0.027119	65.695672	64.565388	0.001597	0.9
923	-0.037075	64.840344	65.208730	0.001367	0.9
924	-0.036320	65.837914	64.459629	0.002401	1.0
925	-0.028524	66.837909	63.725785	0.000383	1.1
926	-0.033070	66.987726	63.617279	0.002332	1.2
927	-0.045141	66.826019	63.734413	0.002773	1.0
928	-0.032175	65.968418	64.362902	0.002175	1.0
929	-0.027873	65.145721	64.977571	0.001203	1.0
930	-0.035698	64.398884	65.545818	0.001574	1.0
931	-0.034699	65.314288	64.850674	0.002628	1.1
932	-0.041755	66.314287	64.107948	0.001347	1.1
933	-0.030077	66.956980	63.639517	0.000850	1.1
934	-0.034067	66.334513	64.093101	0.003314	1.0
935	-0.035700	67.334482	63.367551	0.001564	1.1
936	-0.037117	66.488788	63.980081	0.002424	1.0
937	-0.024751	65.634800	64.610754	0.000678	1.0
938	-0.032557	66.601171	63.898001	0.002366	1.0
939	-0.026304	67.597140	63.179689	0.001580	1.0
940	-0.036252	68.596813	62.474764	0.001496	1.0
941	-0.041708	68.248569	62.718538	0.001822	0.9
942	-0.031010	67.391067	63.326985	0.001386	0.9
943	-0.034312	66.727194	63.806210	0.001539	1.0
944	-0.026482	67.547348	63.215217	0.001611	1.0
945	-0.035668	68.533122	62.519207	0.002323	1.1
946	-0.036666	69.525788	61.833649	0.003229	1.0
947	-0.027692	68.668289	62.424965	0.000878	1.2
948	-0.024821	69.173671	62.075101	0.001237	1.3
949	-0.042604	69.388095	61.927843	0.001891	1.3
950	-0.029685	68.532525	62.519624	0.001943	1.2
951	-0.034275	67.677175	63.122667	0.001621	1.1
952	-0.035152	68.586463	62.481982	0.001183	1.0
953	-0.038394	67.857461	62.994595	0.002624	1.1
954	-0.028277	67.025019	63.590327	0.001203	1.1
955	-0.035507	68.024969	62.876065	0.001135	1.0
956	-0.031532	68.120179	62.808892	0.001668	0.9
957	-0.037147	69.117867	62.113540	0.001392	1.0
958	-0.020119	69.662044	61.740719	0.001056	1.1
959	-0.042325	70.487288	61.183798	0.001215	1.1
960	-0.044824	70.307325	61.304389	0.002295	1.1
961	-0.035546	71.304597	60.642048	0.001236	1.2
962	-0.039008	70.447359	61.210513	0.001939	1.1
963	-0.026020	71.348985	60.612899	0.001118	1.2
964	-0.029459	72.348401	59.963960	0.000823	1.1
965	-0.038557	71.702701	60.381625	0.001323	1.0
966	-0.040983	72.626724	59.785706	0.001713	1.0
967	-0.028789	71.769410	60.338206	0.000927	1.1
968	-0.034783	70.916395	60.898164	0.003680	1.1
969	-0.042196	70.060881	61.470301	0.001327	1.0
970	-0.020751	71.051365	60.808873	0.000902	0.9
971	-0.029868	70.688982	61.049208	0.001767	1.3
972	-0.038775	69.835944	61.622520	0.001509	1.0
973	-0.033783	68.978422	62.209801	0.001835	1.0
974	-0.033022	68.122385	62.807338	0.002013	1.0
975	-0.019006	67.264782	63.417590	0.001679	1.2
976	-0.039104	68.262996	62.708401	0.002193	1.1
977	-0.023156	67.668145	63.129095	0.001622	1.0
978	-0.030826	66.813465	63.743525	0.003109	1.2
979	-0.026935	66.663623	63.852480	0.001590	1.1
980	-0.037970	67.663622	63.132315	0.002507	1.1
981	-0.025464	67.189664	63.471607	0.000659	1.0
982	-0.046820	67.886907	62.973727	0.001559	1.1
983	-0.029304	68.457940	62.571749	0.002866	1.0
984	-0.040112	67.602887	63.175591	0.002208	1.0
985	-0.039048	66.839411	63.724696	0.002019	0.9
986	-0.036662	67.839361	63.007429	0.002070	1.0
987	-0.025086	68.839361	62.306095	0.003017	1.0
988	-0.035822	68.034195	62.869550	0.001113	1.1
989	-0.033995	67.628917	63.157037	0.001906	1.2
990	-0.019673	68.625459	62.454796	0.001088	1.0
991	-0.021521	67.769775	63.056820	0.000935	1.0
992	-0.029549	68.305557	62.678516	0.000947	1.0
993	-0.024761	69.242201	62.027961	0.002013	1.3
994	-0.043320	68.964785	62.219231	0.003319	1.1
995	-0.039349	68.107182	62.818054	0.001436	1.1
996	-0.036772	67.254491	63.424985	0.002455	1.0
997	-0.037053	66.396894	64.047353	0.001748	1.0
998	-0.028513	65.539300	64.682055	0.001842	1.1
999	-0.032701	65.650960	64.598705	0.001323	1.2
1000	-0.034807	64.808465	65.232955	0.001587	1.0
1001	-0.041858	63.954851	65.888406	0.001305	1.0
1002	-0.041503	63.108600	66.551336	0.002135	1.1
1003	-0.024167	64.098520	65.777169	0.001831	1.1
1004	-0.039400	64.522353	65.451190	0.001027	1.1
1005	-0.027913	65.514797	64.700374	0.001654	1.1
1006	-0.029135	66.326157	64.099234	0.001807	1.3
1007	-0.044169	65.578789	64.652553	0.002594	1.2
1008	-0.033499	64.749269	65.277988	0.000630	1.3
1009	-0.030853	64.039588	65.822752	0.001609	1.0
1010	-0.055232	63.652944	66.123391	0.002372	0.9
1011	-0.028812	64.652940	65.351403	0.003937	1.0
1012	-0.039296	63.795336	66.012354	0.001533	1.0
1013	-0.027204	64.795336	65.242938	0.002650	1.1
1014	-0.034654	65.794932	64.491551	0.003399	1.0
1015	-0.030959	65.001936	65.086206	0.002410	1.0
1016	-0.019508	64.645105	65.357381	0.000487	1.1
1017	-0.042101	63.803953	66.005646	0.003071	1.1
1018	-0.039023	62.977764	66.655023	0.001246	1.0
1019	-0.038451	62.145249	67.322425	0.001147	1.1
1020	-0.036161	62.741875	66.842780	0.000929	1.0
1021	-0.031518	61.911663	67.512091	0.000747	1.2
1022	-0.031443	61.486836	67.859795	0.001033	1.0
1023	-0.030055	61.292600	68.019965	0.001768	1.5
1024	-0.029958	62.142259	67.324846	0.000988	1.3
1025	-0.024447	61.289072	68.022881	0.002495	1.3
1026	-0.028548	61.879691	67.538135	0.001235	1.2
1027	-0.031876	61.022104	68.244284	0.001537	1.0
1028	-0.030691	61.656944	67.720139	0.001446	1.0
1029	-0.022114	61.976510	67.459329	0.001505	0.9
1030	-0.033101	61.122620	68.160755	0.001812	1.0
1031	-0.036641	60.265030	68.880055	0.001842	1.0
1032	-0.039398	59.660843	69.395999	0.002238	1.1
1033	-0.046206	60.660308	68.546640	0.003614	1.1
1034	-0.039495	61.659623	67.717944	0.002378	1.0
1035	-0.029324	62.653829	66.913133	0.002353	0.9
1036	-0.027091	63.653705	66.122797	0.002802	0.9
1037	-0.042436	63.966277	65.879546	0.001911	0.9
1038	-0.029974	63.108759	66.551211	0.001350	1.3
1039	-0.034848	62.695715	66.879646	0.001852	1.1
1040	-0.041435	61.864259	67.550713	0.003154	1.0
1041	-0.034927	62.864258	66.745237	0.002455	1.1
1042	-0.036486	62.018505	67.425205	0.001165	1.3
1043	-0.033319	61.161170	68.128774	0.001982	1.1
1044	-0.035741	62.161016	67.309660	0.001558	1.0
1045	-0.021548	61.303475	68.010977	0.000668	1.1
1046	-0.025679	60.608812	68.589894	0.001243	1.0
1047	-0.032289	60.345217	68.812156	0.002140	0.9
1048	-0.031636	59.487649	69.545326	0.001817	0.9
1049	-0.038993	58.630046	70.294318	0.002182	0.9
1050	-0.033694	59.630044	69.422506	0.001558	1.0
1051	-0.024972	59.788556	69.286296	0.001802	1.1
1052	-0.036329	60.257391	68.886531	0.001038	1.2
1053	-0.035683	61.104685	68.175644	0.001729	1.4
1054	-0.048244	60.874441	68.367364	0.002204	1.0
1055	-0.036548	60.016841	69.091064	0.002697	1.0
1056	-0.028681	61.012466	68.252304	0.002851	0.9
1057	-0.033550	60.154862	68.973560	0.000907	0.9
1058	-0.034242	59.519681	69.517660	0.001758	1.0
1059	-0.026869	58.738892	70.198364	0.001559	1.0
1060	-0.031821	57.881307	70.961549	0.002541	1.1
1061	-0.031230	58.154814	70.716353	0.002299	1.1
1062	-0.023204	57.297211	71.490922	0.001977	1.0
1063	-0.045318	58.290351	70.595472	0.003497	1.0
1064	-0.042423	57.432834	71.367302	0.001261	1.0
1065	-0.043078	56.575231	72.156275	0.000859	1.0
1066	-0.036012	56.063760	72.635176	0.001463	1.1
1067	-0.031238	56.851268	71.900431	0.001298	1.2
1068	-0.034017	57.770787	71.061112	0.001755	1.1
1069	-0.028736	58.752862	70.186067	0.001194	1.1
1070	-0.044119	59.583974	69.462195	0.001917	1.1
1071	-0.022131	58.729852	70.206323	0.002835	1.1
1072	-0.024904	57.872586	70.969396	0.001707	1.0
1073	-0.020048	58.872482	70.080954	0.001129	1.0
1074	-0.040992	59.866847	69.219216	0.004548	1.0
1075	-0.031025	60.866847	68.373706	0.001471	0.9
1076	-0.029477	60.009244	69.097544	0.002315	0.9
1077	-0.026705	61.009241	68.254988	0.000937	1.0
1078	-0.025571	61.989510	67.448762	0.001643	1.0
1079	-0.045635	62.705382	66.871921	0.000554	1.2
1080	-0.025491	63.298710	66.401250	0.001582	1.0
1081	-0.024635	62.597528	66.958197	0.001691	0.9
1082	-0.033344	62.718606	66.861359	0.000812	0.9
1083	-0.032716	62.715696	66.863683	0.002090	0.9
1084	-0.024960	61.893324	67.527027	0.003491	1.2
1085	-0.044284	62.893324	66.722112	0.001181	1.3
1086	-0.031524	63.893198	65.936258	0.000994	1.0
1087	-0.030812	64.220571	65.682964	0.001222	0.9
1088	-0.033301	63.981911	65.867426	0.001913	0.9
1089	-0.026018	63.125179	66.538221	0.002415	1.0
1090	-0.036535	62.267575	67.223523	0.001964	1.2
1091	-0.036946	61.412095	67.921338	0.001296	1.0
1092	-0.030594	62.411720	67.107353	0.001562	1.0
1093	-0.032546	61.579049	67.784018	0.001455	1.0
1094	-0.039836	62.512188	67.026621	0.001054	1.0
1095	-0.031336	61.944509	67.485357	0.001365	1.0
1096	-0.038890	61.119960	68.162963	0.002215	1.1
1097	-0.028200	60.263651	68.881224	0.001565	0.9
1098	-0.030426	61.253431	68.052356	0.002125	1.3
1099	-0.040063	61.952812	67.478602	0.001930	1.1
1100	-0.031936	61.095211	68.183511	0.001455	1.1
1101	-0.029289	60.314763	68.837927	0.001584	1.0
1102	-0.030969	61.313845	68.002409	0.001362	0.9
1103	-0.032461	60.469947	68.706805	0.001094	0.9
1104	-0.033401	59.614778	69.435653	0.003127	0.9
1105	-0.038825	58.772696	70.168617	0.001712	1.0
1106	-0.034689	59.772650	69.299939	0.001394	1.0
1107	-0.041821	60.772041	68.452979	0.002484	1.0
1108	-0.034571	61.139382	68.146845	0.001393	1.1
1109	-0.033643	62.139376	67.327180	0.001732	1.0
1110	-0.033440	61.288329	68.023495	0.003288	1.0
1111	-0.029442	60.432318	68.738553	0.002109	1.0
1112	-0.042842	59.577112	69.468111	0.001150	1.0
1113	-0.031421	60.526251	68.659354	0.002513	1.2
1114	-0.021284	59.996558	69.108366	0.002011	1.5
1115	-0.030005	59.141168	69.845997	0.001104	1.1
1116	-0.041029	58.297918	70.588736	0.002557	1.1
1117	-0.030134	57.975791	70.876653	0.002587	1.0
1118	-0.034090	57.118188	71.654757	0.000954	1.0
1119	-0.043507	58.118023	70.749237	0.002331	1.0
1120	-0.036423	57.420221	71.378780	0.001602	1.0
1121	-0.034130	58.419680	70.480512	0.002506	1.0
1122	-0.039010	57.562079	71.249894	0.000690	1.0
1123	-0.029220	56.745017	71.998695	0.001838	1.0
1124	-0.035589	57.689838	71.134213	0.003768	0.9
1125	-0.036298	58.684998	70.245842	0.001317	1.1
1126	-0.023816	59.684906	69.375302	0.000510	1.0
1127	-0.039296	60.074880	69.041604	0.001226	0.9
1128	-0.047977	59.714813	69.349597	0.001861	1.0
1129	-0.025967	60.507520	68.675133	0.001629	1.4
1130	-0.035995	59.680753	69.378873	0.002635	1.3
1131	-0.026140	60.680342	68.529828	0.002149	1.2
1132	-0.032505	61.680331	67.700984	0.002116	1.1
1133	-0.038544	62.072191	67.381632	0.001862	1.1
1134	-0.026608	63.070631	66.581393	0.001024	1.1
1135	-0.031974	64.048036	65.816215	0.001696	1.4
1136	-0.023464	64.619141	65.377201	0.001352	1.2
1137	-0.035941	63.775504	66.027796	0.003001	1.1
1138	-0.034658	62.928038	66.694515	0.001514	1.2
1139	-0.042035	63.927284	65.909794	0.001197	1.2
1140	-0.028481	64.919788	65.148435	0.001060	0.9
1141	-0.040158	64.724094	65.297159	0.001388	1.1
1142	-0.035460	64.849177	65.202020	0.002240	1.0
1143	-0.023744	63.991713	65.859830	0.002652	1.1
1144	-0.034582	64.980738	65.102253	0.002270	1.2
1145	-0.052636	64.139763	65.745305	0.002044	1.0
1146	-0.045938	63.626566	66.144002	0.000784	1.0
1147	-0.014906	64.618380	65.377782	0.000542	1.0
1148	-0.032967	64.387723	65.554386	0.000563	1.0
1149	-0.026079	64.368802	65.568916	0.001071	1.0
1150	-0.031183	65.065156	65.038397	0.002012	1.0
1151	-0.032457	64.208105	65.692574	0.001180	1.2
1152	-0.034322	65.199462	64.937061	0.002818	1.0
1153	-0.036988	64.341862	65.589614	0.002457	0.9
1154	-0.028174	65.183621	64.948997	0.000764	0.9
1155	-0.028074	64.355502	65.579132	0.000834	0.9
1156	-0.025180	65.153397	64.971782	0.001496	1.1
1157	-0.035080	65.829498	64.465877	0.001419	1.1
1158	-0.028105	65.950266	64.376339	0.003747	1.0
1159	-0.030414	65.156226	64.969649	0.002130	0.9
1160	-0.045772	64.298648	65.622842	0.000443	1.1
1161	-0.038197	64.630459	65.368560	0.003785	1.0
1162	-0.025506	63.779169	66.024943	0.001204	1.1
1163	-0.038661	64.422100	65.528005	0.002456	1.0
1164	-0.022592	65.421935	64.769896	0.001386	1.0
1165	-0.025971	66.421897	64.029036	0.001389	1.0
1166	-0.032085	67.248411	63.429354	0.002168	1.0
1167	-0.036638	68.103912	62.820359	0.001756	1.0
1168	-0.032517	67.246309	63.430866	0.001027	1.0
1169	-0.026088	68.218106	62.739953	0.001582	1.0
1170	-0.037671	67.501401	63.248035	0.002620	1.4
1171	-0.024765	66.643809	63.866916	0.001843	1.2
1172	-0.024440	67.643809	63.146426	0.001294	0.9
1173	-0.034592	68.643567	62.442180	0.002495	0.9
1174	-0.033590	69.643402	61.753417	0.001092	0.9
1175	-0.038598	68.934127	62.240442	0.001187	1.0
1176	-0.039541	69.898370	61.580199	0.001012	1.0
1177	-0.027625	69.487461	61.859839	0.002026	1.0
1178	-0.034372	70.312984	61.300589	0.002140	1.0
1179	-0.029681	71.312972	60.636546	0.001454	1.0
1180	-0.038637	70.809236	60.969245	0.001773	1.1
1181	-0.040202	70.718449	61.029595	0.001874	1.0
1182	-0.023746	69.860864	61.605619	0.001009	1.0
1183	-0.033631	69.070726	62.146049	0.001657	0.9
1184	-0.037820	68.219417	62.739031	0.001264	1.0
1185	-0.028532	68.895373	62.267273	0.001252	1.1
1186	-0.051497	69.650497	61.748583	0.002427	1.9
1187	-0.039410	70.273683	61.326985	0.002120	1.4
1188	-0.029624	71.272644	60.663047	0.001861	1.1
1189	-0.049453	70.415519	61.231832	0.003218	1.2
1190	-0.032669	71.412299	60.571372	0.001828	1.1
1191	-0.032640	72.412013	59.923125	0.003566	1.3
1192	-0.034300	73.396934	59.297898	0.000978	1.1
1193	-0.030779	74.396925	58.676312	0.003723	1.1
1194	-0.032525	73.539434	59.208518	0.000946	1.3
1195	-0.032873	74.484719	58.622362	0.001139	1.1
1196	-0.041991	74.730184	58.472046	0.001860	1.1
1197	-0.052032	75.729966	57.867691	0.001428	1.2
1198	-0.032830	76.728879	57.276209	0.000587	1.1
1199	-0.042397	76.120582	57.634948	0.001095	1.1
1200	-0.029549	76.030020	57.688741	0.002315	0.9
1201	-0.035693	77.015616	57.108653	0.001456	0.9
1202	-0.027092	76.158014	57.612744	0.002049	1.0
1203	-0.030213	77.149697	57.030637	0.000848	0.9
1204	-0.026733	76.299109	57.529199	0.002043	1.2
1205	-0.034630	76.671750	57.309711	0.001334	1.1
1206	-0.038731	75.835574	57.804581	0.000627	1.2
1207	-0.038552	75.821373	57.813059	0.000710	1.2
1208	-0.034069	75.439548	58.041953	0.001267	1.1
1209	-0.038028	74.675127	58.505694	0.001585	1.3
1210	-0.023689	75.201276	58.185712	0.001005	1.1
1211	-0.035383	74.367087	58.694670	0.001365	1.0
1212	-0.035220	73.661918	59.131907	0.003233	1.1
1213	-0.024860	72.804316	59.672518	0.001281	1.0
1214	-0.035674	73.561909	59.194445	0.001422	0.9
1215	-0.036150	74.559256	58.576636	0.002532	1.0
1216	-0.041206	73.701653	59.107096	0.001998	1.1
1217	-0.034543	72.844099	59.647222	0.001694	1.0
1218	-0.037453	73.842153	59.019535	0.001364	1.0
1219	-0.037938	74.842034	58.403808	0.002470	1.1
1220	-0.026217	75.839731	57.802100	0.001394	1.1
1221	-0.029087	74.985850	58.316301	0.002394	1.0
1222	-0.024155	74.166602	58.818321	0.002156	1.0
1223	-0.032173	75.147456	58.218283	0.001552	1.0
1224	-0.021601	76.144619	57.620688	0.002425	1.5
1225	-0.041542	75.287015	58.133900	0.001009	1.0
1226	-0.030188	74.429863	58.656060	0.002096	1.0
1227	-0.036264	73.573310	59.187309	0.002215	1.0
1228	-0.038834	74.567555	58.571549	0.002382	1.1
1229	-0.037101	75.566230	57.965810	0.001092	1.0
1230	-0.044557	76.548911	57.381879	0.001372	1.1
1231	-0.031643	77.543527	56.802713	0.001738	1.0
1232	-0.042963	78.128025	56.467783	0.001837	1.0
1233	-0.033943	79.106733	55.915717	0.002046	1.1
1234	-0.029128	80.105921	55.363125	0.000791	1.1
1235	-0.037643	80.168940	55.328639	0.002284	1.0
1236	-0.032214	79.326167	55.793418	0.000768	0.9
1237	-0.040549	80.262581	55.277475	0.002120	0.9
1238	-0.032811	80.602692	55.092436	0.002049	0.9
1239	-0.033469	81.602688	54.555488	0.002587	0.9
1240	-0.021848	81.523363	54.597700	0.001083	0.9
1241	-0.033153	81.872660	54.412317	0.005361	0.9
1242	-0.039544	82.872660	53.888480	0.000996	1.0
1243	-0.046529	83.758846	53.432621	0.003174	1.2
1244	-0.032649	83.005963	53.819412	0.003302	1.0
1245	-0.040926	82.148359	54.266881	0.000583	0.9
1246	-0.030870	83.055870	53.793599	0.001096	0.9
1247	-0.036794	83.127008	53.756848	0.001762	1.0
1248	-0.036146	84.122138	53.247963	0.001151	1.0
1249	-0.033896	85.038466	52.787823	0.003079	1.0
1250	-0.029578	84.250508	53.183019	0.002575	1.0
1251	-0.037652	83.392904	53.619925	0.001699	1.0
1252	-0.024329	84.385369	53.114961	0.001621	1.1
1253	-0.034313	83.662467	53.481825	0.001284	1.2
1254	-0.037403	83.899249	53.361104	0.001134	1.1
1255	-0.031005	83.062523	53.790160	0.001822	1.0
1256	-0.039614	83.937251	53.341780	0.001243	0.9
1257	-0.017880	84.169929	53.223767	0.000636	1.1
1258	-0.033710	84.239691	53.188485	0.003006	1.0
1259	-0.027799	84.592282	53.010879	0.000800	1.0
1260	-0.037371	83.906763	53.357282	0.002251	1.0
1261	-0.036726	83.287911	53.673908	0.000877	1.0
1262	-0.028241	82.919390	53.864248	0.001545	1.1
1263	-0.038489	82.970778	53.837625	0.000335	0.9
1264	-0.029046	82.912531	53.867803	0.001071	0.9
1265	-0.041039	82.712271	53.971817	0.001488	0.9
1266	-0.029457	83.597980	53.514798	0.001507	0.9
1267	-0.032370	82.903758	53.872351	0.002514	1.1
1268	-0.031335	82.046158	54.320703	0.001538	0.9
1269	-0.027612	83.045543	53.798938	0.001055	0.9
1270	-0.023466	82.382927	54.143754	0.003054	0.9
1271	-0.034450	83.382170	53.625439	0.003053	1.0
1272	-0.025638	82.527634	54.068074	0.001568	1.3
1273	-0.031655	81.692082	54.507998	0.001506	1.0
1274	-0.029497	81.814932	54.442868	0.001701	1.0
1275	-0.036207	82.814816	53.918506	0.002107	0.9
1276	-0.034715	83.814816	53.404089	0.002864	0.9
1277	-0.040871	84.814815	52.899395	0.000945	0.9
1278	-0.030462	85.537359	52.540628	0.001084	0.9
1279	-0.034694	85.806004	52.408475	0.002317	1.0
1280	-0.038045	85.122251	52.746146	0.001901	1.0
1281	-0.028016	85.670794	52.474905	0.000984	1.1
1282	-0.037744	85.990947	52.317882	0.000605	1.1
1283	-0.026057	86.244128	52.194371	0.001318	1.3
1284	-0.029435	86.247225	52.192863	0.002037	1.0
1285	-0.020652	87.241951	51.713219	0.001810	1.0
1286	-0.032626	88.163604	51.276612	0.000766	1.2
1287	-0.039140	87.543950	51.569339	0.001477	1.3
1288	-0.037568	86.908917	51.872820	0.000990	1.2
1289	-0.031506	86.120221	52.254744	0.002632	1.2
1290	-0.024720	87.119720	51.771682	0.001779	1.2
1291	-0.046571	88.119691	51.297247	0.001010	1.3
1292	-0.023980	88.693871	51.028737	0.001521	1.3
1293	-0.025051	88.327344	51.199814	0.001058	1.4
1294	-0.035081	88.464080	51.135859	0.002193	1.2
1295	-0.032935	89.462204	50.673801	0.001826	1.2
1296	-0.034869	90.462189	50.219180	0.002799	1.3
1297	-0.033247	91.462181	49.772641	0.004444	1.3
1298	-0.029316	92.462181	49.333969	0.001407	1.2
1299	-0.020340	93.462181	48.902962	0.000755	1.8
1300	-0.031216	93.432231	48.915762	0.000874	1.4
1301	-0.035511	92.833721	49.172949	0.002079	1.4
1302	-0.042215	91.993338	49.538670	0.001761	1.4
1303	-0.026583	92.993254	49.104132	0.000731	1.3
1304	-0.033934	92.386927	49.366712	0.000965	1.7
1305	-0.031390	92.164271	49.463843	0.001648	1.3
1306	-0.035750	91.313334	49.838604	0.000711	1.3
1307	-0.039206	90.884574	50.029593	0.000894	1.4
1308	-0.025567	90.788088	50.072775	0.002042	1.5
1309	-0.021743	91.769785	49.636875	0.002521	1.5
1310	-0.049797	91.211541	49.883815	0.001397	1.7
1311	-0.027553	90.372716	50.259524	0.001758	1.9
1312	-0.034901	91.367655	49.814511	0.000553	1.8
1313	-0.028548	90.555245	50.177289	0.001178	1.4
1314	-0.039503	91.067369	49.947989	0.001170	1.4
1315	-0.045442	90.260333	50.310291	0.001955	1.2
1316	-0.026577	91.233256	49.874163	0.001244	1.3
1317	-0.035921	90.392671	50.250521	0.003223	1.5
1318	-0.035559	91.383532	49.807473	0.001150	1.6
1319	-0.037006	92.383199	49.368335	0.000784	1.4
1320	-0.034165	92.984038	49.108102	0.001761	1.2
1321	-0.025815	93.246044	48.995480	0.001450	1.3
1322	-0.032896	94.061040	48.648437	0.001593	1.3
1323	-0.027740	94.217272	48.582471	0.003537	1.3
1324	-0.026928	94.731423	48.366637	0.001191	1.3
1325	-0.034499	95.724411	47.955177	0.001770	1.5
1326	-0.045129	96.652406	47.576925	0.002018	1.2
1327	-0.028659	95.796293	47.925663	0.002179	1.6
1328	-0.040870	96.794596	47.519495	0.002343	1.4
1329	-0.026100	97.744727	47.139270	0.001627	1.3
1330	-0.025936	98.555478	46.819601	0.001771	1.4
1331	-0.035107	97.713384	47.151716	0.001987	1.5
1332	-0.042260	98.712682	46.758118	0.003318	1.5
1333	-0.032246	98.929939	46.673415	0.001036	1.4
1334	-0.021775	99.815718	46.331221	0.002007	1.5
1335	-0.042607	99.856048	46.315760	0.002277	1.4
1336	-0.037365	98.999555	46.646338	0.000845	1.3
1337	-0.020187	98.182303	46.966199	0.001788	1.4
1338	-0.028101	99.057782	46.623714	0.002644	1.5
1339	-0.041500	98.201317	46.958707	0.001630	1.4
1340	-0.029022	97.509418	47.232868	0.001528	1.2
1341	-0.031929	98.337703	46.905040	0.001048	1.3
1342	-0.027635	97.486255	47.242102	0.003305	1.6
1343	-0.034383	98.466267	46.854563	0.001120	1.2
1344	-0.034346	99.166252	46.581629	0.001103	1.2
1345	-0.025044	99.650716	46.394584	0.001281	1.3
1346	-0.026953	100.272364	46.156763	0.000789	1.5
1347	-0.032715	101.221983	45.798142	0.000924	1.2
1348	-0.022278	102.009148	45.505069	0.001371	1.2
1349	-0.035402	102.955981	45.157480	0.002400	1.3
1350	-0.028882	103.955644	44.796214	0.001858	1.3
1351	-0.017944	104.896012	44.461613	0.000861	1.5
1352	-0.035636	105.683750	44.185144	0.001826	1.5
1353	-0.042629	106.245481	43.990087	0.000800	1.5
1354	-0.027901	105.448132	44.267477	0.001733	1.5
1355	-0.043802	104.612927	44.561813	0.001776	1.3
1356	-0.031652	103.755577	44.868052	0.002697	1.3
1357	-0.034469	104.588287	44.570556	0.001950	1.7
1358	-0.027588	105.583180	44.220249	0.001402	1.7
1359	-0.031404	106.281010	43.977807	0.000491	1.4
1360	-0.029551	106.893706	43.767124	0.001652	1.4
1361	-0.034141	106.907961	43.762247	0.002575	1.3
1362	-0.032116	106.050377	44.057640	0.000431	1.4
1363	-0.023376	107.001773	43.730174	0.001319	1.3
1364	-0.025005	107.042400	43.716298	0.001537	1.4
1365	-0.033188	106.252219	43.987758	0.001160	1.6
1366	-0.038641	105.744256	44.164051	0.001502	1.5
1367	-0.027022	106.737039	43.820804	0.002319	1.5
1368	-0.024682	105.879444	44.116995	0.002391	1.6
1369	-0.027972	106.877103	43.772807	0.001639	1.7
1370	-0.042717	107.856174	43.440214	0.002853	1.3
1371	-0.026234	108.190326	43.327855	0.001596	1.4
1372	-0.030951	107.385334	43.599527	0.001305	1.4
1373	-0.019033	108.367950	43.268365	0.001055	1.3
1374	-0.022882	107.585984	43.531492	0.002269	1.3
1375	-0.031912	106.733008	43.822187	0.002704	1.4
1376	-0.036260	105.875411	44.118397	0.001286	1.4
1377	-0.033658	106.875213	43.773454	0.002155	1.2
1378	-0.030909	107.202431	43.661729	0.002290	1.2
1379	-0.027379	106.344844	43.955763	0.000965	1.4
1380	-0.050199	106.264190	43.983620	0.003713	1.4
1381	-0.025162	105.406904	44.281915	0.001225	1.2
1382	-0.030474	104.549300	44.584396	0.002318	1.2
1383	-0.034582	105.549280	44.232095	0.001106	1.3
1384	-0.025249	104.904974	44.458448	0.001213	1.2
1385	-0.040122	104.193198	44.711213	0.001597	1.2
1386	-0.025476	105.102846	44.388687	0.001284	1.3
1387	-0.034464	104.269333	44.684039	0.001951	1.5
1388	-0.025469	105.248187	44.337585	0.001501	1.5
1389	-0.025731	104.934500	44.448025	0.001401	1.2
1390	-0.029545	105.054333	44.405770	0.001922	1.2
1391	-0.031795	104.197453	44.709694	0.001182	1.1
1392	-0.031371	105.188211	44.358659	0.002125	1.2
1393	-0.031394	106.148812	44.023532	0.001490	1.2
1394	-0.050465	107.148777	43.680009	0.002259	1.3
1395	-0.030979	106.745431	43.817925	0.001468	1.3
1396	-0.031298	106.223713	43.997614	0.001144	1.3
1397	-0.035152	105.500276	44.249230	0.002845	1.3
1398	-0.029699	106.500129	43.902228	0.001494	1.4
1399	-0.034486	105.642541	44.199522	0.003263	1.2
1400	-0.029110	106.642534	43.853248	0.001830	1.2
1401	-0.041640	107.642534	43.512356	0.001905	1.4
1402	-0.030141	108.640463	43.177413	0.002108	1.4
1403	-0.033170	109.640335	42.846949	0.001651	1.4
1404	-0.033618	108.782771	43.130068	0.002061	1.1
1405	-0.033099	107.945369	43.410165	0.000955	1.2
1406	-0.037935	107.423034	43.586727	0.002063	1.3
1407	-0.035110	108.419269	43.251208	0.002336	1.3
1408	-0.036600	107.561665	43.539727	0.002625	1.2
1409	-0.024394	106.704095	43.832109	0.001283	1.5
1410	-0.019836	105.979370	44.082277	0.001711	1.5
1411	-0.036071	106.979176	43.737895	0.001190	1.3
1412	-0.043693	107.975056	43.400173	0.001523	1.2
1413	-0.028124	107.652295	43.509055	0.001292	1.4
1414	-0.022163	106.865858	43.776656	0.000893	1.2
1415	-0.025438	106.160756	44.019397	0.001266	1.2
1416	-0.032030	107.091180	43.699650	0.002048	1.3
1417	-0.036111	107.865281	43.437144	0.001118	1.3
1418	-0.023364	108.019130	43.385347	0.001384	1.2
1419	-0.036093	108.981809	43.064024	0.001458	1.4
1420	-0.041414	108.834321	43.112944	0.002497	1.5
1421	-0.033596	107.978407	43.399046	0.001662	1.6
1422	-0.022008	107.120804	43.689546	0.001675	1.2
1423	-0.019922	106.265112	43.983301	0.001048	1.2
1424	-0.021760	107.060579	43.710092	0.003413	1.3
1425	-0.028153	107.011411	43.726881	0.001271	1.4
1426	-0.040942	107.981108	43.398137	0.002104	1.2
1427	-0.032711	108.981075	43.064267	0.002033	1.2
1428	-0.020540	108.123475	43.350287	0.000791	1.2
1429	-0.036683	109.058678	43.038572	0.002315	1.3
1430	-0.028911	109.062779	43.037215	0.000822	1.2
1431	-0.024776	108.433002	43.246619	0.000669	1.4
1432	-0.033537	108.381941	43.263687	0.001180	1.4
1433	-0.041113	108.024470	43.383552	0.001045	1.2
1434	-0.032122	107.287510	43.632773	0.000948	1.2
1435	-0.045236	106.655383	43.848834	0.002016	1.2
1436	-0.035165	107.080636	43.703248	0.000924	1.5
1437	-0.023311	107.949449	43.408791	0.001778	1.6
1438	-0.038453	108.895109	43.092768	0.002823	1.3
1439	-0.027526	109.890715	42.764987	0.001777	1.5
1440	-0.030443	110.288596	42.635384	0.001028	1.4
1441	-0.039853	109.433706	42.914826	0.001885	1.6
1442	-0.031657	110.399302	42.599463	0.001034	1.4
1443	-0.028891	109.927415	42.753000	0.001538	1.4
1444	-0.033765	110.391292	42.602060	0.001265	1.4
1445	-0.032621	110.657834	42.515812	0.002194	1.3
1446	-0.046296	111.649613	42.197935	0.004429	1.1
1447	-0.047365	110.792009	42.472528	0.001321	1.3
1448	-0.039682	111.776583	42.157582	0.002595	1.7
1449	-0.037210	112.764708	41.846163	0.002135	1.5
1450	-0.026529	113.764386	41.535749	0.000759	1.1
1451	-0.038654	112.944972	41.789846	0.001307	1.3
1452	-0.039742	113.231332	41.700694	0.001959	1.3
1453	-0.027438	114.178068	41.408638	0.002866	1.3
1454	-0.030330	113.320485	41.673016	0.002112	1.2
1455	-0.028047	114.320485	41.365058	0.000863	1.3
1456	-0.034829	113.678299	41.562299	0.001322	1.4
1457	-0.030916	114.568858	41.289274	0.001608	1.2
1458	-0.035798	114.255739	41.384859	0.002345	1.3
1459	-0.036850	113.410512	41.645104	0.001816	1.3
1460	-0.044232	114.405803	41.338994	0.001155	1.9
1461	-0.035222	114.247462	41.387392	0.002036	1.4
1462	-0.025618	113.395549	41.649741	0.001252	1.2
1463	-0.020156	114.395485	41.342145	0.000951	1.1
1464	-0.037120	113.736484	41.544351	0.001620	1.2
1465	-0.042116	114.490318	41.313209	0.001792	1.2
1466	-0.025058	113.650448	41.570896	0.001990	1.2
1467	-0.032455	114.650305	41.264483	0.001166	1.2
1468	-0.036182	115.431190	41.028300	0.001429	1.1
1469	-0.024591	114.904936	41.187171	0.001061	1.1
1470	-0.033057	114.065576	41.443127	0.000882	1.2
1471	-0.029722	115.008914	41.155683	0.002078	1.2
1472	-0.034184	116.000985	40.857661	0.003036	1.2
1473	-0.029299	115.143381	41.115034	0.001933	1.3
1474	-0.034328	116.143380	40.815238	0.002673	1.4
1475	-0.035585	117.143293	40.519808	0.002161	1.2
1476	-0.028934	118.101224	40.240766	0.002730	1.2
1477	-0.029980	119.101224	39.953539	0.002671	1.1
1478	-0.024412	120.101224	39.670384	0.001343	1.2
1479	-0.034905	119.243626	39.912971	0.001239	1.2
1480	-0.035358	119.274530	39.904178	0.001192	1.1
1481	-0.036917	120.070875	39.678919	0.002032	1.1
1482	-0.030728	121.052603	39.404697	0.002339	1.3
1483	-0.026477	120.222822	39.636227	0.001253	1.3
1484	-0.044287	121.222766	39.357551	0.000892	1.1
1485	-0.040870	120.823251	39.468421	0.001366	1.2
1486	-0.019742	120.267861	39.623590	0.002339	1.4
1487	-0.030790	121.214468	39.359847	0.002344	1.4
1488	-0.034620	122.214468	39.085016	0.001316	1.1
1489	-0.029143	121.358273	39.320087	0.001292	1.1
1490	-0.031468	121.193510	39.365649	0.000957	1.2
1491	-0.033278	121.067221	39.400642	0.000893	1.3
1492	-0.032838	120.292199	39.616764	0.000915	1.1
1493	-0.032757	120.689333	39.505725	0.001517	1.1
1494	-0.033248	121.300469	39.336060	0.000730	1.1
1495	-0.032630	121.897677	39.171664	0.001591	1.1
1496	-0.032108	122.544119	38.995257	0.001390	1.2
1497	-0.030339	121.800034	39.198448	0.001809	1.2
1498	-0.037897	122.799055	38.926123	0.001028	1.1
1499	-0.026867	123.786108	38.660752	0.001425	1.3
1500	-0.035590	124.772263	38.399210	0.000865	1.5
1501	-0.037492	125.107975	38.310980	0.001472	1.4
1502	-0.029646	124.662590	38.428122	0.001562	1.3
1503	-0.040610	125.661571	38.166370	0.002233	1.2
1504	-0.034130	124.850546	38.378600	0.001084	1.2
1505	-0.026925	123.995359	38.604958	0.001951	1.3
1506	-0.031444	124.989863	38.341976	0.001710	1.3
1507	-0.027635	124.132411	38.568503	0.000943	1.3
1508	-0.035771	125.103629	38.312120	0.001365	1.2
1509	-0.029270	125.989821	38.081139	0.001801	1.2
1510	-0.039386	125.141177	38.302276	0.002484	1.1
1511	-0.035521	126.133427	38.043970	0.002426	1.3
1512	-0.037353	127.117550	37.791199	0.002281	1.6
1513	-0.027880	128.117544	37.537768	0.001632	1.4
1514	-0.032370	127.259944	37.754903	0.002938	1.2
1515	-0.035743	128.259944	37.501955	0.002253	1.3
1516	-0.021638	127.402340	37.718676	0.000732	1.2
1517	-0.037817	127.717803	37.638666	0.001101	1.2
1518	-0.034524	128.641778	37.406263	0.001288	1.2
1519	-0.042152	128.108129	37.540138	0.002478	1.1
1520	-0.033217	128.570133	37.424181	0.001230	1.2
1521	-0.034133	127.712650	37.639970	0.002604	1.2
1522	-0.031609	128.711619	37.388813	0.001083	1.2
1523	-0.028332	128.891467	37.343952	0.002302	1.2
1524	-0.038130	129.769021	37.126591	0.000553	1.4
1525	-0.038307	130.101972	37.044783	0.001945	1.2
1526	-0.034366	130.874723	36.856296	0.001275	1.3
1527	-0.022532	130.019697	37.064965	0.001882	1.1
1528	-0.033883	129.162317	37.276594	0.002075	1.1
1529	-0.046221	128.444662	37.455602	0.001150	1.3
1530	-0.029324	128.279336	37.497084	0.002301	1.2
1531	-0.035878	129.243201	37.256526	0.001235	1.2
1532	-0.025458	129.972439	37.076567	0.002005	1.2
1533	-0.021700	130.971688	36.832780	0.002006	1.2
1534	-0.035057	131.970066	36.592386	0.002166	1.2
1535	-0.024232	132.970066	36.354727	0.001276	1.1
1536	-0.026127	132.266611	36.521586	0.002226	1.3
1537	-0.035652	133.265875	36.285016	0.000535	1.7
1538	-0.033215	133.215012	36.296983	0.001883	1.7
1539	-0.029678	133.946605	36.125604	0.001560	1.6
1540	-0.031090	134.944316	35.894477	0.000863	1.6
1541	-0.026249	135.911632	35.673198	0.001025	1.6
1542	-0.032642	135.710185	35.719055	0.001243	1.2
1543	-0.015701	135.969541	35.660038	0.000773	1.3
1544	-0.030934	136.073293	35.636483	0.001467	1.3
1545	-0.046932	136.816059	35.468759	0.000948	1.2
1546	-0.033426	136.116530	35.626676	0.000678	1.2
1547	-0.022747	135.536215	35.758752	0.001404	1.4
1548	-0.039548	136.494493	35.541178	0.002498	1.1
1549	-0.039262	135.677226	35.726569	0.001091	1.1
1550	-0.026568	136.673643	35.500796	0.000770	1.3
1551	-0.045571	136.092861	35.632044	0.003332	1.2
1552	-0.037442	137.092538	35.406730	0.001544	1.3
1553	-0.022185	136.234934	35.599848	0.000800	1.1
1554	-0.034992	137.137486	35.396666	0.001588	1.1
1555	-0.028557	138.034028	35.197120	0.002671	1.2
1556	-0.025899	139.029424	34.978191	0.000984	1.1
1557	-0.038022	139.801743	34.810193	0.001387	1.1
1558	-0.029633	140.442944	34.671938	0.001507	1.2
1559	-0.033451	141.441346	34.458836	0.000908	1.4
1560	-0.031831	142.418517	34.252788	0.001431	1.2
1561	-0.028305	143.390242	34.050317	0.001552	1.1
1562	-0.025697	144.387109	33.845079	0.001088	1.1
1563	-0.025626	143.593993	34.008166	0.003071	1.2
1564	-0.030687	142.786522	34.175827	0.002688	1.2
1565	-0.023280	143.786503	33.968436	0.001576	1.1
1566	-0.036693	144.786501	33.763544	0.001448	1.1
1567	-0.029386	145.744488	33.569564	0.001906	1.2
1568	-0.040821	146.741694	33.369997	0.001693	1.3
1569	-0.033510	145.884547	33.541391	0.000566	1.1
1570	-0.029685	146.688303	33.380621	0.001259	1.1
1571	-0.041139	146.770702	33.364227	0.001840	1.1
1572	-0.038814	147.226307	33.273867	0.003418	1.3
1573	-0.026785	146.369301	33.444244	0.001472	1.2
1574	-0.052402	145.511713	33.616493	0.002119	1.1
1575	-0.025878	146.511636	33.415826	0.000829	1.3
1576	-0.035263	147.491422	33.221512	0.001312	1.3
1577	-0.036119	148.450118	33.033555	0.001446	1.3
1578	-0.038767	148.535799	33.016860	0.002015	1.2
1579	-0.036764	147.681740	33.184029	0.003092	1.2
1580	-0.033061	148.681740	32.988463	0.000669	1.2
1581	-0.038338	147.841488	33.152632	0.002399	1.1
1582	-0.024580	147.004559	33.317785	0.001826	1.2
1583	-0.023324	146.154850	33.487151	0.000454	1.3
1584	-0.024805	145.747323	33.568993	0.002088	1.4
1585	-0.021425	146.704149	33.377467	0.001035	1.1
1586	-0.053248	145.902803	33.537722	0.001813	1.2
1587	-0.035308	146.897824	33.338966	0.001411	1.2
1588	-0.037557	147.896192	33.141894	0.000751	1.1
1589	-0.025248	148.206649	33.081086	0.002435	1.1
1590	-0.030203	148.508838	33.022111	0.001135	1.4
1591	-0.032391	149.508823	32.828446	0.002241	1.3
1592	-0.030521	149.469479	32.836023	0.000835	1.2
1593	-0.047791	148.931288	32.940018	0.001490	1.2
1594	-0.027142	148.767999	32.971701	0.002688	1.2
1595	-0.023493	149.767987	32.778625	0.001783	1.1
1596	-0.040025	148.910383	32.944071	0.002424	1.1
1597	-0.054411	149.910311	32.751329	0.001421	1.4
1598	-0.027788	149.052857	32.916470	0.001921	1.2
1599	-0.037245	149.502486	32.829667	0.001796	1.2
1600	-0.029479	150.502482	32.638243	0.002023	1.3
1601	-0.026447	149.844328	32.763978	0.001543	1.1
1602	-0.025633	150.844320	32.573318	0.000999	1.1
1603	-0.027110	151.837812	32.386083	0.000958	1.3
1604	-0.030364	152.548083	32.253538	0.001861	1.2
1605	-0.032012	153.414132	32.093384	0.001458	1.1
1606	-0.031674	154.395935	31.913737	0.001081	1.1
1607	-0.022411	154.761097	31.847433	0.001073	1.5
1608	-0.031507	154.827163	31.835466	0.001173	1.2
1609	-0.031211	155.080287	31.789701	0.001058	1.3
1610	-0.029098	155.067305	31.792045	0.002406	1.5
1611	-0.030684	154.776871	31.844575	0.000949	1.2
1612	-0.033312	155.153196	31.776544	0.000869	1.4
1613	-0.039530	154.903642	31.821625	0.001176	1.2
1614	-0.040157	155.524163	31.709765	0.002354	1.2
1615	-0.028235	154.667115	31.864471	0.001063	1.4
1616	-0.037409	155.400237	31.732042	0.001997	1.2
1617	-0.037047	154.542882	31.887022	0.002367	1.1
1618	-0.038760	154.323727	31.926881	0.000759	1.1
1619	-0.030606	153.473443	32.082474	0.001080	1.1
1620	-0.031011	153.146606	32.142686	0.001209	1.1
1621	-0.032056	154.056049	31.975700	0.001465	1.2
1622	-0.045201	154.857574	31.829961	0.001972	1.2
1623	-0.033016	154.000240	31.985898	0.000340	1.3
1624	-0.038328	153.820100	32.018857	0.001814	1.2
1625	-0.037645	153.370675	32.101383	0.001649	1.2
1626	-0.037144	152.513169	32.260028	0.001315	1.1
1627	-0.029743	153.479053	32.081443	0.003058	1.2
1628	-0.038558	152.756246	32.214898	0.001857	1.2
1629	-0.037125	153.756246	32.030556	0.001539	1.5
1630	-0.026989	154.749042	31.849617	0.000699	1.2
1631	-0.031607	154.108348	31.966150	0.002498	1.2
1632	-0.054563	153.256517	32.122413	0.001023	1.1
1633	-0.039258	154.124347	31.963230	0.001877	1.3
1634	-0.043325	153.333256	32.108273	0.000539	1.3
1635	-0.031655	153.389723	32.097876	0.000630	1.1
1636	-0.034103	153.877852	32.008283	0.005594	1.2
1637	-0.029042	154.833247	31.834365	0.000816	1.3
1638	-0.030189	155.803977	31.659581	0.001704	1.3
1639	-0.036786	156.119507	31.603180	0.001843	1.7
1640	-0.036630	155.261978	31.756933	0.001766	1.3
1641	-0.043536	154.631744	31.870889	0.001130	1.3
1642	-0.040777	155.625523	31.691568	0.002848	1.5
1643	-0.033365	154.941416	31.814793	0.001000	1.5
1644	-0.036946	155.930902	31.636869	0.001874	1.7
1645	-0.043030	155.214908	31.765415	0.001821	1.4
1646	-0.033784	154.778322	31.844312	0.001382	1.2
1647	-0.024031	153.924829	31.999687	0.001504	1.2
1648	-0.033683	153.069976	32.156837	0.002008	1.1
1649	-0.039790	152.217327	32.315126	0.001079	1.1
1650	-0.039302	152.564687	32.250453	0.001288	1.1
1651	-0.038769	151.911380	32.372304	0.001321	1.1
1652	-0.038666	152.804663	32.205924	0.001292	1.3
1653	-0.029623	152.033340	32.349487	0.002312	1.6
1654	-0.036811	152.700963	32.225151	0.002925	1.3
1655	-0.030288	151.843369	32.385042	0.002520	1.2
1656	-0.041234	152.653395	32.233978	0.002171	1.3
1657	-0.025191	153.653395	32.049418	0.001912	1.9
1658	-0.039391	152.801903	32.206435	0.001237	1.3
1659	-0.028208	153.604477	32.058398	0.002373	1.1
1660	-0.025846	152.749473	32.216154	0.000917	1.4
1661	-0.029447	151.901045	32.374239	0.001055	1.2
1662	-0.042263	151.176690	32.510439	0.002773	1.2
1663	-0.023378	150.319130	32.673174	0.001205	1.0
1664	-0.036259	151.305362	32.486161	0.001857	1.0
1665	-0.016158	150.458877	32.646544	0.001142	1.0
1666	-0.037954	149.602329	32.810453	0.001712	1.1
1667	-0.027241	149.108801	32.905645	0.001268	1.2
1668	-0.035127	150.085795	32.717735	0.002894	1.1
1669	-0.051332	151.079144	32.528868	0.001603	1.1
1670	-0.027436	152.079117	32.340931	0.002074	1.2
1671	-0.033009	152.745902	32.216816	0.001353	1.4
1672	-0.023947	153.738378	32.033832	0.001860	1.1
1673	-0.037956	152.882901	32.191433	0.002074	1.2
1674	-0.032025	152.390779	32.282800	0.002267	1.2
1675	-0.034925	153.386815	32.098411	0.002040	1.1
1676	-0.034232	152.529298	32.257030	0.002109	1.1
1677	-0.031619	151.673205	32.416956	0.000973	1.1
1678	-0.031751	152.662203	32.232343	0.001307	1.1
1679	-0.043063	151.828355	32.387855	0.001958	1.1
1680	-0.040161	152.828305	32.201544	0.001599	1.2
1681	-0.031527	152.037413	32.348725	0.000726	1.2
1682	-0.035433	152.547885	32.253575	0.002962	1.3
1683	-0.041318	153.547225	32.068913	0.002555	1.2
1684	-0.039919	152.689621	32.227255	0.000841	1.1
1685	-0.034838	152.472213	32.267645	0.001271	1.1
1686	-0.034203	151.845329	32.384675	0.002427	1.1
1687	-0.026915	152.845325	32.198391	0.001074	1.1
1688	-0.026690	153.845281	32.014246	0.002695	1.1
1689	-0.026899	153.018845	32.166285	0.001592	1.1
1690	-0.024446	152.161242	32.325593	0.001524	1.1
1691	-0.034555	152.118560	32.333562	0.000975	1.2
1692	-0.039304	152.992900	32.171081	0.002736	1.2
1693	-0.036011	152.380914	32.284636	0.001406	1.2
1694	-0.022169	151.523372	32.445110	0.000627	1.2
1695	-0.036466	152.265790	32.306087	0.001215	1.3
1696	-0.045284	152.942914	32.180326	0.002572	1.1
1697	-0.035167	152.085318	32.339772	0.001487	1.0
1698	-0.047151	153.052328	32.160097	0.002138	1.0
1699	-0.029973	152.194736	32.319341	0.001731	1.1
1700	-0.029555	153.193257	32.134078	0.000205	1.1
1701	-0.035107	153.777978	32.026573	0.002644	1.3
1702	-0.034904	153.537418	32.070715	0.002423	1.2
1703	-0.037048	154.537418	31.888015	0.002893	1.2
1704	-0.032547	153.679817	32.044571	0.001730	1.1
1705	-0.033353	152.828373	32.201531	0.001101	1.1
1706	-0.036167	152.334731	32.293238	0.000711	1.0
1707	-0.040440	152.207004	32.317052	0.000992	1.0
1708	-0.032615	151.587926	32.432974	0.000801	1.1
1709	-0.039148	151.071176	32.530374	0.001809	1.3
1710	-0.028011	151.263640	32.494029	0.000495	1.3
1711	-0.029027	152.104093	32.336265	0.002113	1.1
1712	-0.032527	152.711978	32.223108	0.000953	1.1
1713	-0.049020	153.686927	32.043267	0.003837	1.1
1714	-0.034422	154.370362	31.918391	0.001232	1.1
1715	-0.029959	155.370342	31.737421	0.001404	1.1
1716	-0.025850	156.157713	31.596365	0.001543	1.2
1717	-0.035496	155.713707	31.675753	0.002355	1.1
1718	-0.032321	154.856107	31.830227	0.001747	1.2
1719	-0.027576	153.998595	31.986198	0.000810	1.2
1720	-0.026000	154.966871	31.810191	0.003022	1.0
1721	-0.046137	154.109798	31.965885	0.002984	1.1
1722	-0.031743	155.109798	31.784374	0.000774	1.4
1723	-0.040278	154.288785	31.933245	0.001999	1.3
1724	-0.038644	153.448301	32.087098	0.000747	1.3
1725	-0.037489	152.617834	32.240580	0.001461	1.0
1726	-0.020916	153.396004	32.096720	0.001399	1.4
1727	-0.035272	154.394604	31.913979	0.001001	1.2
1728	-0.028896	155.162439	31.774877	0.001381	1.1
1729	-0.025193	155.129434	31.780831	0.001059	1.1
1730	-0.042678	154.822718	31.836271	0.002879	1.1
1731	-0.032193	153.965157	31.992311	0.002739	1.1
1732	-0.039998	153.773430	32.027407	0.003543	1.0
1733	-0.033148	152.915826	32.185339	0.002454	1.0
1734	-0.024553	152.069291	32.342767	0.000707	1.1
1735	-0.047362	153.067063	32.157375	0.001469	1.4
1736	-0.033757	153.869786	32.009759	0.001591	1.2
1737	-0.033130	153.031305	32.163982	0.002583	1.0
1738	-0.045491	153.950225	31.995042	0.002040	1.0
1739	-0.027174	153.092623	32.152653	0.001257	1.0
1740	-0.028610	152.674606	32.230041	0.001179	1.0
1741	-0.027848	151.975496	32.360305	0.003665	1.1
1742	-0.024401	151.117893	32.521545	0.001770	1.1
1743	-0.024632	150.260290	32.684400	0.001657	1.5
1744	-0.044930	149.717922	32.788237	0.003494	1.2
1745	-0.032665	148.860377	32.953770	0.001467	1.0
1746	-0.043930	148.002773	33.120994	0.000516	1.0
1747	-0.035697	147.735086	33.173538	0.001736	1.0
1748	-0.033305	148.157266	33.090744	0.001112	1.1
1749	-0.043454	148.229440	33.076631	0.001635	1.2
1750	-0.036692	149.226213	32.882948	0.001515	1.6
1751	-0.024949	148.374319	33.048338	0.003207	1.4
1752	-0.041254	147.666966	33.186936	0.002594	1.3
1753	-0.030763	148.666466	32.991432	0.001337	1.1
1754	-0.045354	149.656772	32.799986	0.001170	1.1
1755	-0.041502	149.484427	32.833144	0.002797	1.1
1756	-0.029410	150.484339	32.641697	0.001609	1.1
1757	-0.036398	149.723946	32.787080	0.001148	1.2
1758	-0.028905	150.519011	32.635098	0.001305	1.1
1759	-0.040657	151.495733	32.450309	0.003182	1.5
1760	-0.031647	150.638130	32.612449	0.003304	1.2
1761	-0.029350	149.780526	32.776218	0.001108	1.3
1762	-0.027351	148.923065	32.941612	0.001125	1.1
1763	-0.027155	149.766379	32.778933	0.002502	1.5
1764	-0.025090	150.766316	32.588111	0.001473	1.1
1765	-0.039843	150.675410	32.605367	0.002193	1.0
1766	-0.023042	149.833067	32.766137	0.003043	1.0
1767	-0.029815	149.108155	32.905770	0.001003	1.3
1768	-0.027048	148.250652	33.072486	0.000680	1.2
1769	-0.026510	149.050838	32.916861	0.002199	1.0
1770	-0.041011	150.018912	32.730531	0.002936	1.1
1771	-0.044638	149.161308	32.895491	0.001768	1.1
1772	-0.028954	148.483279	33.027091	0.001495	1.1
1773	-0.038712	149.483225	32.833376	0.001519	1.1
1774	-0.033000	148.627886	32.998936	0.001442	1.3
1775	-0.036954	149.627272	32.805657	0.002214	1.2
1776	-0.036338	150.626985	32.614567	0.001328	1.2
1777	-0.036949	149.769430	32.778348	0.000578	1.6
1778	-0.040746	149.340887	32.860811	0.002235	1.1
1779	-0.030922	150.310765	32.674769	0.000808	1.1
1780	-0.028217	151.228119	32.500731	0.002504	1.1
1781	-0.035903	152.226602	32.313396	0.001544	1.1
1782	-0.036257	151.478072	32.453631	0.001440	1.1
1783	-0.031093	151.853545	32.383135	0.001268	1.1
1784	-0.038564	152.114789	32.334267	0.002003	1.1
1785	-0.039017	152.372183	32.286262	0.002079	1.1
1786	-0.023971	151.514579	32.446763	0.001506	1.1
1787	-0.026418	152.284118	32.302670	0.001117	1.2
1788	-0.027684	151.486517	32.452042	0.001414	1.1
1789	-0.035742	152.431932	32.275139	0.002632	1.1
1790	-0.037294	151.828296	32.387866	0.000695	1.1
1791	-0.032020	150.973014	32.548943	0.000897	1.2
1792	-0.034415	151.209611	32.504224	0.001258	1.2
1793	-0.019760	152.121953	32.332929	0.001209	1.1
1794	-0.025737	151.661920	32.419075	0.000449	1.1
1795	-0.033635	150.984558	32.546758	0.001683	1.1
1796	-0.031170	151.007607	32.542397	0.002691	1.1
1797	-0.036012	152.007580	32.354303	0.002458	1.2
1798	-0.041831	153.007580	32.168367	0.001870	1.1
1799	-0.033060	153.293252	32.115642	0.003217	1.1
1800	-0.024480	153.576818	32.063477	0.000126	1.1
1801	-0.040286	153.504693	32.076729	0.001834	1.3
1802	-0.048104	153.655843	32.048969	0.002766	1.1
1803	-0.025483	152.798239	32.207114	0.001956	1.0
1804	-0.031013	153.798237	32.022862	0.003295	1.0
1805	-0.027374	152.940633	32.180748	0.002393	1.1
1806	-0.028306	152.083030	32.340200	0.002297	1.2
1807	-0.027123	151.225426	32.501239	0.001470	1.1
1808	-0.040099	150.499330	32.638843	0.001632	1.2
1809	-0.037949	151.385517	32.471056	0.001134	1.5
1810	-0.041300	150.529963	32.633014	0.003161	1.3
1811	-0.030316	150.646249	32.610906	0.001354	1.1
1812	-0.036623	149.849741	32.762940	0.001864	1.1
1813	-0.033388	150.748216	32.591545	0.002904	1.1
1814	-0.035771	149.891027	32.755024	0.001660	1.3
1815	-0.014498	149.033539	32.920210	0.001519	1.1
1816	-0.036621	149.888030	32.755599	0.004055	1.2
1817	-0.031870	149.916639	32.750116	0.001658	1.3
1818	-0.025087	149.059035	32.915274	0.001682	1.3
1819	-0.012652	148.255455	33.071547	0.001018	1.2
1820	-0.036629	147.938270	33.133640	0.000498	1.3
1821	-0.027998	147.602485	33.199628	0.001692	1.2
1822	-0.037830	148.442144	33.035109	0.001277	1.1
1823	-0.034499	148.604808	33.003426	0.001788	1.2
1824	-0.029056	148.314560	33.060002	0.001315	1.6
1825	-0.017159	147.483879	33.222999	0.001002	1.3
1826	-0.022501	146.894101	33.339705	0.001373	1.5
1827	-0.044392	146.361250	33.445853	0.001948	1.1
1828	-0.046913	145.503697	33.618111	0.001256	1.1
1829	-0.032743	144.651057	33.791150	0.002174	1.2
1830	-0.034776	144.004097	33.923641	0.002054	1.3
1831	-0.036191	143.158307	34.098425	0.001563	1.6
1832	-0.029502	144.158162	33.891996	0.001550	1.2
1833	-0.039810	143.308848	34.067184	0.001942	1.2
1834	-0.042451	144.305187	33.861852	0.001730	1.1
1835	-0.020632	143.826768	33.960138	0.002539	1.0
1836	-0.027372	144.826755	33.755348	0.001718	1.1
1837	-0.028144	144.077296	33.908598	0.002501	1.1
1838	-0.020855	145.077023	33.704480	0.001647	1.1
1839	-0.036173	146.077007	33.502753	0.000919	1.1
1840	-0.035356	145.497743	33.619313	0.001987	1.2
1841	-0.031063	145.217877	33.675919	0.001867	1.2
1842	-0.047275	146.217876	33.474530	0.002087	1.1
1843	-0.024656	147.205432	33.277996	0.000689	1.3
1844	-0.047239	148.182184	33.085870	0.000829	1.0
1845	-0.029098	148.439566	33.035612	0.000753	1.3
1846	-0.026189	148.833454	32.958994	0.002076	1.1
1847	-0.019483	149.827102	32.767282	0.002055	1.1
1848	-0.036800	148.969606	32.932592	0.001147	1.4
1849	-0.027238	149.955317	32.742706	0.002535	1.3
1850	-0.033875	149.097880	32.907757	0.002499	1.1
1851	-0.042625	150.097798	32.715440	0.002818	1.1
1852	-0.028833	151.097798	32.525342	0.000865	1.1
1853	-0.042594	152.096870	32.337614	0.001469	1.1
1854	-0.030405	152.449208	32.271925	0.001017	1.1
1855	-0.038202	153.345386	32.106039	0.001267	1.2
1856	-0.041666	152.513659	32.259937	0.002005	1.1
1857	-0.027552	153.433909	32.089745	0.001068	1.1
1858	-0.024402	154.433653	31.906876	0.000999	1.2
1859	-0.026119	153.636858	32.052453	0.001428	1.3
1860	-0.035107	154.583206	31.879699	0.001902	1.1
1861	-0.026114	155.453450	31.722473	0.001112	1.1
1862	-0.035420	154.724245	31.854112	0.001466	1.3
1863	-0.036276	153.902807	32.003716	0.000856	1.1
1864	-0.043288	153.539937	32.070252	0.003189	1.3
1865	-0.030525	154.391051	31.914626	0.001046	1.3
1866	-0.033328	155.390971	31.733709	0.001570	1.3
1867	-0.026437	154.536060	31.888261	0.002039	1.1
1868	-0.043772	155.529762	31.708759	0.001572	1.4
1869	-0.032534	156.529692	31.530161	0.002036	1.1
1870	-0.032918	155.677760	31.682198	0.000336	1.4
1871	-0.023355	155.869964	31.647769	0.001198	1.4
1872	-0.030743	155.574494	31.700727	0.000458	1.3
1873	-0.035847	154.984353	31.807031	0.002091	1.4
1874	-0.035856	154.212562	31.947137	0.001379	1.5
1875	-0.044638	153.460537	32.084848	0.000980	1.6
1876	-0.031646	153.438171	32.088962	0.001715	1.2
1877	-0.037666	152.631465	32.238049	0.000881	1.2
1878	-0.023972	153.621824	32.055213	0.000933	1.1
1879	-0.025345	154.539662	31.887607	0.001855	1.1
1880	-0.042013	153.725954	32.036109	0.001499	1.5
1881	-0.040783	154.693644	31.859660	0.001862	1.2
1882	-0.032876	155.690297	31.679950	0.001074	1.0
1883	-0.032387	154.833829	31.834260	0.001420	1.3
1884	-0.037058	155.247356	31.759567	0.002699	1.5
1885	-0.037153	154.400160	31.912968	0.001488	1.2
1886	-0.026954	154.069365	31.973268	0.001805	1.0
1887	-0.033482	153.220302	32.129090	0.001521	1.0
1888	-0.018056	152.362744	32.288020	0.001925	1.3
1889	-0.034139	151.505164	32.448534	0.002350	1.2
1890	-0.026034	150.647716	32.610628	0.001532	1.1
1891	-0.031540	149.875617	32.757978	0.001707	1.1
1892	-0.037256	150.874880	32.567527	0.002201	1.1
1893	-0.030549	150.018420	32.730625	0.002001	1.1
1894	-0.033095	149.161096	32.895532	0.000877	1.1
1895	-0.036880	150.146568	32.706117	0.000732	1.2
1896	-0.043759	149.808301	32.770888	0.001416	1.4
1897	-0.034078	149.131585	32.901238	0.002515	1.4
1898	-0.036541	150.130998	32.709093	0.003902	1.1
1899	-0.028717	151.130998	32.519069	0.000981	1.0
1900	-0.029021	150.273396	32.681899	0.001858	1.0
1901	-0.038489	149.862428	32.760507	0.001371	1.1
1902	-0.028110	149.809169	32.770722	0.001316	1.1
1903	-0.012595	150.786233	32.584333	0.001190	1.1
1904	-0.036988	150.373967	32.662719	0.002054	1.2
1905	-0.027149	151.338765	32.479865	0.001083	1.4
1906	-0.033225	152.322155	32.295581	0.003109	1.1
1907	-0.030222	153.321969	32.110352	0.000699	1.1
1908	-0.036525	154.279971	31.934851	0.002548	1.1
1909	-0.039864	155.191612	31.769615	0.001431	1.3
1910	-0.036567	156.183271	31.591807	0.000466	1.2
1911	-0.030692	156.618312	31.514429	0.002108	1.2
1912	-0.027042	157.424159	31.372095	0.002445	1.1
1913	-0.031428	156.566589	31.523609	0.003895	1.1
1914	-0.031286	157.566589	31.347072	0.000835	1.3
1915	-0.025794	158.566193	31.172570	0.001072	1.1
1916	-0.023146	158.492394	31.185387	0.002560	1.1
1917	-0.019294	159.492009	31.012674	0.001908	1.1
1918	-0.044151	160.492008	30.841797	0.001780	1.1
1919	-0.031702	159.680751	30.980277	0.001158	1.1
1920	-0.035659	160.621731	30.819769	0.001166	1.1
1921	-0.024100	159.775760	30.963995	0.001941	1.2
1922	-0.030535	160.775147	30.793757	0.002255	1.2
1923	-0.022976	161.775145	30.625279	0.001154	1.1
1924	-0.039009	162.306402	30.536521	0.001226	1.1
1925	-0.018607	161.576701	30.658566	0.001818	1.2
1926	-0.037216	160.934084	30.766856	0.001952	1.2
1927	-0.033438	160.228610	30.886623	0.001351	1.0
1928	-0.029153	161.116504	30.736038	0.001191	1.0
1929	-0.041105	162.106952	30.569783	0.001249	1.2
1930	-0.030865	161.254245	30.712809	0.001527	1.2
1931	-0.038403	160.539737	30.833689	0.002254	1.1
1932	-0.039812	159.718427	30.973819	0.003647	1.1
1933	-0.033587	158.860823	31.121506	0.002067	1.1
1934	-0.039967	159.774528	30.964206	0.001441	1.2
1935	-0.037727	158.919033	31.111438	0.000897	1.3
1936	-0.035584	159.895188	30.943553	0.001416	1.5
1937	-0.033939	159.115390	31.077521	0.000758	1.9
1938	-0.032537	159.795049	30.960692	0.001710	1.7
1939	-0.017268	160.267666	30.879968	0.002813	1.3
1940	-0.038125	161.267666	30.710547	0.001592	1.3
1941	-0.036643	160.639411	30.816769	0.001030	1.8
1942	-0.021681	161.274437	30.709406	0.001670	1.3
1943	-0.034633	160.431719	30.852046	0.000673	1.3
1944	-0.040554	160.027458	30.920943	0.003490	1.5
1945	-0.024588	160.816547	30.786745	0.001301	1.2
1946	-0.024563	159.959029	30.932636	0.000895	1.1
1947	-0.025613	159.125205	31.075827	0.002249	1.1
1948	-0.039041	159.989667	30.927400	0.001050	1.1
1949	-0.022754	160.987508	30.757824	0.001043	1.1
1950	-0.019376	161.311610	30.703145	0.000245	1.2
1951	-0.032575	161.303279	30.704548	0.001303	1.2
1952	-0.039677	161.428910	30.683403	0.002144	1.1
1953	-0.021525	160.571740	30.828254	0.001967	1.2
1954	-0.036357	159.732961	30.971328	0.001850	1.1
1955	-0.032924	158.935185	31.108645	0.001841	1.1
1956	-0.037237	159.891190	30.944236	0.000895	1.0
1957	-0.029168	159.465037	31.017309	0.001448	1.1
1958	-0.033365	158.661077	31.156107	0.003611	1.1
1959	-0.033148	158.231573	31.230768	0.001835	1.6
1960	-0.032565	159.231573	31.057487	0.001501	1.4
1961	-0.049448	158.376617	31.205515	0.001158	1.3
1962	-0.040916	159.075909	31.084334	0.002042	1.3
1963	-0.034334	158.222758	31.232304	0.001362	1.2
1964	-0.036375	157.368488	31.381887	0.001519	1.5
1965	-0.039569	158.368221	31.206976	0.001637	1.4
1966	-0.034900	157.511788	31.356695	0.001763	1.3
1967	-0.043694	156.654528	31.508005	0.002333	1.4
1968	-0.024115	155.797460	31.660748	0.002225	1.4
1969	-0.055720	155.004046	31.803472	0.002169	1.3
1970	-0.040093	154.478199	31.898776	0.002305	1.3
1971	-0.016627	153.828465	32.017325	0.000516	1.2
1972	-0.043091	153.458540	32.085215	0.002415	1.2
1973	-0.027728	152.674700	32.230024	0.001396	1.2
1974	-0.028064	153.667108	32.046902	0.000795	1.3
1975	-0.034048	153.168699	32.138609	0.001584	1.5
1976	-0.031794	152.814077	32.204180	0.001941	1.4
1977	-0.032405	151.981219	32.359234	0.002288	1.3
1978	-0.027885	152.026100	32.350840	0.002148	1.1
1979	-0.028174	151.169444	32.511807	0.001855	1.5
1980	-0.032562	152.169443	32.324062	0.001755	1.3
1981	-0.043616	151.312099	32.484891	0.002229	2.1
1982	-0.030128	150.472403	32.643969	0.003143	2.6
1983	-0.029986	149.647640	32.801741	0.001391	1.6
1984	-0.027151	148.790036	32.967422	0.001168	1.3
1985	-0.034905	149.782595	32.775821	0.001025	1.8
1986	-0.036300	149.024163	32.922025	0.000884	2.0
1987	-0.029799	149.085258	32.910199	0.002194	1.6
1988	-0.033961	148.502838	33.023280	0.001491	1.7
1989	-0.020393	149.502834	32.829599	0.000863	1.3
1990	-0.030263	148.962072	32.934052	0.001425	1.7
1991	-0.028952	148.129584	33.096160	0.001002	1.5
1992	-0.034367	148.855128	32.954788	0.001328	1.3
1993	-0.037807	148.003343	33.120882	0.002419	1.5
1994	-0.033269	147.740916	33.172392	0.002195	1.3
1995	-0.031023	148.504342	33.022987	0.000945	1.4
1996	-0.028226	147.731400	33.174262	0.001748	1.8
1997	-0.029148	147.827604	33.155359	0.000988	1.5
1998	-0.040420	146.974729	33.323702	0.000791	1.7
1999	-0.023637	146.493156	33.419513	0.000786	1.5
