1:ItNr	2:Metric	3a:Time	3b:StepSize	4:||Gradient||	Time[ms]
0	-0.343384	0.000000	1857.547914	0.000352	30.3
1	-0.358631	0.000000	1857.547914	0.000566	1.8
2	-0.364436	0.000000	1857.547914	0.000500	1.5
3	-0.385202	0.000000	1857.547914	0.000460	1.5
4	-0.362134	0.999283	1773.171734	0.000438	1.5
5	-0.401845	0.312063	1830.348629	0.000343	1.6
6	-0.366093	0.000000	1857.547914	0.000642	1.4
7	-0.385747	1.000000	1773.113918	0.000584	1.5
8	-0.340748	1.999603	1696.051287	0.000434	1.5
9	-0.355864	2.999573	1625.383372	0.000916	1.4
10	-0.357674	3.999568	1560.367186	0.000459	1.5
11	-0.340912	4.999568	1500.352067	0.000536	1.4
12	-0.366715	4.312349	1541.085965	0.000310	1.5
13	-0.380783	5.312035	1482.534724	0.000861	1.5
14	-0.351849	6.312035	1428.253368	0.000384	1.5
15	-0.356319	7.312035	1377.806505	0.000366	1.4
16	-0.368794	8.309701	1330.907671	0.000342	1.5
17	-0.374920	9.301376	1287.350968	0.000484	1.5
18	-0.356797	9.721732	1269.736576	0.000210	1.6
19	-0.359770	9.041793	1298.474632	0.000229	1.3
20	-0.362035	8.362113	1328.531968	0.000647	1.4
21	-0.351682	7.680571	1360.102157	0.000272	1.5
22	-0.369655	7.389344	1374.054532	0.000376	1.5
23	-0.375458	6.702212	1408.136870	0.000329	1.6
24	-0.379415	6.140171	1437.297718	0.000734	1.5
25	-0.383431	5.500805	1471.974386	0.000645	1.4
26	-0.358911	6.500802	1418.449781	0.000327	1.6
27	-0.367003	5.813583	1454.803966	0.000746	1.5
28	-0.348865	6.813202	1402.517622	0.000873	1.4
29	-0.342061	6.125983	1438.049498	0.000412	1.4
30	-0.369814	7.125978	1386.920860	0.000281	1.5
31	-0.377557	6.505544	1418.205218	0.000442	1.5
32	-0.358758	7.500458	1368.697528	0.000305	1.5
33	-0.336553	8.484489	1323.017875	0.000392	1.7
34	-0.382733	9.372981	1284.316006	0.000625	1.5
35	-0.385869	8.685897	1314.041695	0.000303	1.5
36	-0.353748	9.644623	1272.931529	0.000323	1.6
37	-0.377088	8.957748	1302.117461	0.000863	1.7
38	-0.349587	9.957178	1260.079533	0.000368	1.5
39	-0.349213	10.909406	1222.476728	0.000385	1.5
40	-0.351327	10.222359	1249.377297	0.000202	1.5
41	-0.363126	11.212385	1210.978506	0.000350	1.6
42	-0.401067	12.041320	1180.597696	0.000549	1.5
43	-0.388013	11.356085	1205.600317	0.000512	1.8
44	-0.348941	10.668871	1231.761820	0.000847	1.7
45	-0.384210	11.662490	1194.290651	0.000238	1.6
46	-0.374015	10.975271	1219.958596	0.000580	1.6
47	-0.332625	10.313819	1245.728148	0.000637	1.6
48	-0.352857	11.313819	1207.177206	0.000515	1.6
49	-0.351840	12.195977	1175.097412	0.000446	1.5
50	-0.387032	13.172739	1141.509509	0.000548	1.7
51	-0.347857	12.556852	1162.460222	0.000871	1.7
52	-0.343221	11.869633	1186.764258	0.000765	1.6
53	-0.369677	11.182415	1212.106241	0.000563	1.6
54	-0.347636	10.495196	1238.554169	0.000435	1.6
55	-0.354399	11.495196	1200.439176	0.000281	1.5
56	-0.369950	10.807985	1226.374644	0.000616	1.5
57	-0.331760	10.120766	1253.455861	0.000513	1.6
58	-0.351067	11.120013	1214.461103	0.000213	1.5
59	-0.379119	10.433831	1240.972071	0.000539	1.4
60	-0.378147	9.746634	1268.708165	0.000931	1.5
61	-0.355182	9.059415	1297.713407	0.000374	1.5
62	-0.359008	8.372244	1328.073767	0.000403	1.6
63	-0.360175	7.991095	1345.534058	0.000808	1.8
64	-0.364376	8.991075	1300.670501	0.000196	1.8
65	-0.366783	8.303859	1331.173005	0.000324	1.9
66	-0.337751	8.064206	1342.149390	0.000237	1.5
67	-0.370933	9.021044	1299.372065	0.000250	1.4
68	-0.356495	9.866494	1263.781567	0.000417	1.5
69	-0.374929	10.866406	1224.126323	0.000336	1.4
70	-0.374350	11.436273	1202.619861	0.000584	1.5
71	-0.335720	10.749288	1228.641928	0.000510	1.5
72	-0.378831	11.741584	1191.405594	0.000485	1.5
73	-0.374679	12.741256	1156.107131	0.000455	1.3
74	-0.388216	13.741256	1122.829488	0.000306	1.4
75	-0.351112	14.696512	1092.781998	0.000442	1.7
76	-0.362949	14.009303	1114.232589	0.000348	1.5
77	-0.364584	13.910571	1117.383780	0.000604	1.6
78	-0.344620	13.507455	1130.437069	0.000697	1.4
79	-0.355596	12.820236	1153.407283	0.000512	1.4
80	-0.382915	12.133017	1177.330358	0.000595	1.5
81	-0.362597	11.445797	1202.266839	0.000422	1.4
82	-0.355705	10.758678	1228.278645	0.000302	1.5
83	-0.368376	11.395183	1204.145275	0.000480	1.4
84	-0.368160	10.951595	1220.862579	0.000874	1.4
85	-0.367417	11.951595	1183.812397	0.000580	1.5
86	-0.348150	12.951595	1148.944744	0.000519	1.5
87	-0.380423	12.264376	1172.681119	0.000634	1.3
88	-0.380888	13.264376	1138.456620	0.000547	1.5
89	-0.364616	12.577157	1161.757260	0.000265	1.4
90	-0.364711	11.926186	1184.725923	0.000364	1.4
91	-0.352223	11.246168	1209.709835	0.000534	1.5
92	-0.358151	12.019152	1181.390322	0.000383	1.4
93	-0.369773	13.019152	1146.663109	0.000378	1.5
94	-0.349239	12.446580	1166.292805	0.000438	1.3
95	-0.342609	11.759361	1190.759058	0.000247	1.4
96	-0.362169	11.640731	1195.086773	0.000699	1.6
97	-0.369705	11.725907	1191.976315	0.000572	1.5
98	-0.349315	11.054903	1216.927918	0.000236	1.6
99	-0.350149	11.922978	1184.841368	0.000167	1.4
100	-0.362002	11.836677	1187.955360	0.000828	1.5
101	-0.347244	12.836666	1152.847208	0.000374	1.4
102	-0.385777	12.149447	1176.746813	0.000579	1.4
103	-0.392238	12.966501	1148.440529	0.000519	1.4
104	-0.369155	12.281878	1172.064441	0.000649	1.4
105	-0.370952	13.281878	1137.875403	0.000444	1.5
106	-0.359241	14.185930	1108.639345	0.000343	1.5
107	-0.393421	13.498717	1130.723400	0.000354	1.5
108	-0.348329	14.498348	1098.882296	0.000529	1.5
109	-0.370257	13.811129	1120.575721	0.000283	1.4
110	-0.362141	14.811120	1089.284732	0.000459	1.4
111	-0.362596	14.136205	1110.208280	0.000430	1.5
112	-0.335017	15.108163	1080.323763	0.000373	1.5
113	-0.366291	14.420946	1101.283564	0.000295	1.3
114	-0.358936	13.733820	1123.069863	0.000448	1.2
115	-0.333363	14.718024	1092.123845	0.000504	1.3
116	-0.373222	14.290169	1105.364660	0.000399	1.4
117	-0.327618	13.603854	1127.287919	0.000275	1.6
118	-0.335128	14.296256	1105.174051	0.000644	1.6
119	-0.382456	15.296230	1074.726128	0.000701	1.7
120	-0.387991	16.296230	1045.910182	0.000430	1.4
121	-0.347514	15.618859	1065.257282	0.000335	1.3
122	-0.359455	15.270650	1075.484080	0.000497	1.6
123	-0.369302	14.583501	1096.252629	0.000684	1.5
124	-0.344007	13.924696	1116.931877	0.000440	1.3
125	-0.405580	14.924696	1085.840957	0.000706	1.2
126	-0.380369	14.237477	1107.017580	0.000605	1.3
127	-0.368991	13.550257	1129.036627	0.000439	1.4
128	-0.387226	14.280574	1105.665300	0.000259	1.3
129	-0.369106	13.774357	1121.760662	0.000377	1.9
130	-0.365255	14.774175	1090.409674	0.000399	1.6
131	-0.359259	14.694804	1092.834306	0.000545	1.4
132	-0.346799	14.291435	1105.325022	0.000474	1.4
133	-0.383385	13.604216	1127.276121	0.000465	1.5
134	-0.383015	14.604204	1095.615188	0.000378	1.3
135	-0.357472	13.917000	1117.178068	0.000424	1.5
136	-0.374726	14.916285	1086.095245	0.000488	1.6
137	-0.364791	14.229066	1107.281883	0.000397	1.3
138	-0.371349	15.228887	1076.723838	0.000478	1.3
139	-0.351437	14.541668	1097.542931	0.000348	2.1
140	-0.363410	15.541619	1067.508987	0.000618	1.8
141	-0.340154	16.474846	1040.925065	0.000753	1.6
142	-0.360105	17.474846	1013.870374	0.000257	1.6
143	-0.375528	16.810321	1031.689375	0.000177	1.6
144	-0.358211	16.823026	1031.342828	0.000385	1.7
145	-0.391330	16.189006	1048.925766	0.000458	1.6
146	-0.367205	15.501830	1068.672606	0.000502	1.6
147	-0.367365	14.814611	1089.178548	0.000335	1.6
148	-0.369892	14.130211	1110.397706	0.000483	1.7
149	-0.360696	15.130211	1079.664493	0.000358	1.6
150	-0.366266	16.126540	1050.690593	0.000544	1.8
151	-0.324557	15.442729	1070.405725	0.000364	1.2
152	-0.336750	14.760814	1090.817063	0.000462	1.5
153	-0.392044	15.760738	1061.145884	0.000392	1.5
154	-0.345431	15.073556	1081.360170	0.000293	1.4
155	-0.374935	16.073514	1052.193379	0.000493	1.4
156	-0.348460	17.073493	1024.558104	0.000503	1.4
157	-0.373630	16.386274	1043.391112	0.000794	1.5
158	-0.351473	17.386274	1016.209761	0.000296	1.5
159	-0.375780	18.386200	990.410512	0.000481	1.5
160	-0.358114	17.699016	1007.997362	0.000410	1.4
161	-0.367615	18.696584	982.666565	0.000428	1.4
162	-0.353393	19.692376	958.619534	0.000354	1.4
163	-0.362818	19.005884	975.069221	0.000639	1.4
164	-0.360250	18.318737	992.109847	0.000528	1.5
165	-0.362546	17.631518	1009.758570	0.000405	1.5
166	-0.393582	16.944301	1028.046514	0.000391	1.5
167	-0.350768	17.944173	1001.651934	0.000631	1.4
168	-0.388766	17.256954	1019.644857	0.000511	1.5
169	-0.360683	18.256954	993.671246	0.000374	1.6
170	-0.362424	19.256954	968.988026	0.000102	1.6
171	-0.362255	19.526503	962.543113	0.000314	1.7
172	-0.371494	18.959954	976.189975	0.000632	1.6
173	-0.361835	18.272734	993.271966	0.000495	1.7
174	-0.349490	17.585515	1010.962424	0.000438	1.9
175	-0.375323	16.898296	1029.294456	0.000478	1.6
176	-0.363331	17.897032	1002.865877	0.000875	1.7
177	-0.381947	17.733223	1007.107160	0.000398	1.9
178	-0.371764	18.733223	981.760433	0.000643	1.6
179	-0.356235	18.046007	999.039575	0.000467	1.5
180	-0.359559	19.046007	974.092279	0.000662	1.4
181	-0.376391	20.046007	950.360561	0.000408	1.6
182	-0.374767	19.358788	966.543055	0.000611	1.5
183	-0.349981	18.671569	983.286203	0.000279	1.5
184	-0.346017	18.250148	993.843551	0.000228	1.5
185	-0.357745	17.891866	1002.999081	0.000353	1.4
186	-0.360916	17.215539	1020.749873	0.000296	1.5
187	-0.333424	16.786142	1032.349542	0.000426	1.3
188	-0.359538	17.781954	1005.841687	0.000381	1.3
189	-0.353003	17.601426	1010.545729	0.000419	1.3
190	-0.367389	18.601426	985.027817	0.000279	1.3
191	-0.339262	18.069226	998.445843	0.000604	1.3
192	-0.366490	17.383197	1016.291212	0.000486	2.1
193	-0.360398	18.383197	990.486014	0.000596	1.7
194	-0.360834	19.380983	966.011794	0.000547	1.4
195	-0.373583	20.380969	942.667774	0.000332	1.3
196	-0.362172	19.694613	958.566835	0.000614	1.3
197	-0.369188	19.009321	974.985460	0.000703	1.5
198	-0.382135	18.322102	992.024954	0.000274	1.5
199	-0.355006	17.634883	1009.670628	0.000643	1.5
200	-0.360956	18.633514	984.230311	0.000321	1.5
201	-0.355988	19.631491	960.055976	0.000501	1.4
202	-0.363784	18.946747	976.512710	0.000595	1.4
203	-0.347181	18.259528	993.606096	0.000468	2.0
204	-0.357485	17.572309	1011.308567	0.000667	1.9
205	-0.368668	18.572309	985.752601	0.000117	1.8
206	-0.352379	19.371695	966.234045	0.000587	1.6
207	-0.359119	20.232916	946.052560	0.000509	1.6
208	-0.325286	21.157516	925.303707	0.000411	1.7
209	-0.353372	22.155460	903.906615	0.000180	1.8
210	-0.356330	21.979074	907.616253	0.000540	2.0
211	-0.350275	22.949793	887.569736	0.000511	1.7
212	-0.363727	23.949793	867.823933	0.000567	1.7
213	-0.372983	23.262574	881.297738	0.000565	2.0
214	-0.332603	22.575511	895.193322	0.000248	1.5
215	-0.354265	22.569057	895.325932	0.000302	1.6
216	-0.375689	22.254716	901.832445	0.000376	1.8
217	-0.371836	23.227689	881.992857	0.000551	1.7
218	-0.360915	22.542334	895.875403	0.000352	2.0
219	-0.370031	23.542334	875.762506	0.000396	1.7
220	-0.356943	24.542280	856.533890	0.000648	2.2
221	-0.341567	25.542280	838.130540	0.000275	2.1
222	-0.351257	25.753243	834.348665	0.000262	1.4
223	-0.377536	26.747277	816.978655	0.000189	1.5
224	-0.370742	26.075461	828.637787	0.000478	1.5
225	-0.376051	27.014694	812.428514	0.000118	1.2
226	-0.326199	27.767578	799.886074	0.000311	1.4
227	-0.375943	28.467393	788.570078	0.000751	1.5
228	-0.353413	27.780174	799.679520	0.000405	1.4
229	-0.371512	28.770338	783.770171	0.000183	1.4
230	-0.364562	28.779338	783.628464	0.000371	1.9
231	-0.360842	28.092951	794.584668	0.000415	1.9
232	-0.358347	27.414390	805.721314	0.000527	2.2
233	-0.366351	26.739812	817.106398	0.000489	2.0
234	-0.373523	27.714762	800.753291	0.000534	1.4
235	-0.352499	27.300699	807.617835	0.000336	1.4
236	-0.410907	26.613482	819.274383	0.000572	1.5
237	-0.343457	27.613168	802.426752	0.000470	1.4
238	-0.343720	26.925948	813.932900	0.000599	1.4
239	-0.390236	27.905737	797.626386	0.000212	1.6
240	-0.364069	28.898991	781.749406	0.000235	1.5
241	-0.374219	28.286053	791.471503	0.000713	1.6
242	-0.367431	27.600439	802.636907	0.000717	1.4
243	-0.371345	26.913220	814.149126	0.000732	1.4
244	-0.376097	26.226765	825.983026	0.000235	1.5
245	-0.335202	27.207811	809.173970	0.000730	1.4
246	-0.358692	26.520592	820.875842	0.000467	1.5
247	-0.337080	27.520592	803.957750	0.000517	1.2
248	-0.350086	26.833375	815.508137	0.000540	1.3
249	-0.371655	26.146155	827.395275	0.000327	1.4
250	-0.366656	27.146153	810.210236	0.000469	1.5
251	-0.367775	26.458935	821.942303	0.000414	1.3
252	-0.340194	25.780579	833.861131	0.000389	1.4
253	-0.346590	26.755701	816.834545	0.000758	1.8
254	-0.380331	26.642482	818.775694	0.000630	1.2
255	-0.353640	27.642479	801.943220	0.000361	1.4
256	-0.373874	28.570065	786.936762	0.000168	1.5
257	-0.340862	28.109386	794.318759	0.000279	1.4
258	-0.344079	27.540135	803.634075	0.000925	1.5
259	-0.366445	28.540135	787.412198	0.000662	1.5
260	-0.350012	27.852915	798.488810	0.000366	1.5
261	-0.357190	27.233857	808.737034	0.000440	1.4
262	-0.361755	26.546964	820.420553	0.000546	1.4
263	-0.358983	25.859876	832.450045	0.000358	1.6
264	-0.340963	25.172671	844.839715	0.000490	1.7
265	-0.344437	24.485452	857.604005	0.000195	1.4
266	-0.366588	24.541523	856.548124	0.000693	1.6
267	-0.354098	25.535191	838.258213	0.000579	1.6
268	-0.373280	26.535191	820.623736	0.000502	1.4
269	-0.349028	27.519067	803.983021	0.000466	1.3
270	-0.376468	28.505536	787.962510	0.000800	1.4
271	-0.359552	29.505536	772.361002	0.000337	1.6
272	-0.354101	28.818317	783.015343	0.000276	1.4
273	-0.370256	29.810937	767.718696	0.000250	1.3
274	-0.376509	30.508911	757.315681	0.000530	1.4
275	-0.385351	30.883493	751.848104	0.000311	1.5
276	-0.365892	31.883040	737.637357	0.000521	1.6
277	-0.382484	31.328842	745.449447	0.000585	1.5
278	-0.350957	30.641623	755.369491	0.000467	1.7
279	-0.338690	31.641608	741.020421	0.000358	1.6
280	-0.348998	32.635517	727.288719	0.000431	1.8
281	-0.334964	31.948299	736.728222	0.000370	1.6
282	-0.374670	32.836409	724.574820	0.000162	1.9
283	-0.368253	33.801468	711.814983	0.000272	1.5
284	-0.340355	33.525035	715.423776	0.000297	1.7
285	-0.343671	34.216535	706.464223	0.000592	1.5
286	-0.368573	35.216534	693.897385	0.000674	1.3
287	-0.351247	34.595716	701.645899	0.000297	1.4
288	-0.363989	35.572805	689.527524	0.000323	1.5
289	-0.376000	36.570553	677.577407	0.000290	1.5
290	-0.375902	37.486680	666.963938	0.000407	1.5
291	-0.333022	37.905524	662.221526	0.000533	1.4
292	-0.352560	37.218305	670.038506	0.000370	1.2
293	-0.340214	36.617787	677.021946	0.000134	1.2
294	-0.372780	37.030692	672.204734	0.000526	1.5
295	-0.354820	36.923342	673.450541	0.000300	1.5
296	-0.367221	37.923342	662.021276	0.000224	1.9
297	-0.377325	37.237431	669.818461	0.000728	1.9
298	-0.351630	36.550220	677.816803	0.000494	1.7
299	-0.376116	36.303183	680.738911	0.000353	1.5
300	-0.330430	35.615966	689.001862	0.000429	1.5
301	-0.353069	34.937011	697.364863	0.000439	1.5
302	-0.340971	34.253071	705.997066	0.000454	1.6
303	-0.364520	33.568326	714.856203	0.000351	1.5
304	-0.384851	33.073636	721.396032	0.000531	1.5
305	-0.365433	34.073635	708.297287	0.000191	1.4
306	-0.336061	33.387831	717.228564	0.000527	1.6
307	-0.379512	32.700701	726.405907	0.000499	1.4
308	-0.370899	33.700696	713.126318	0.000569	1.4
309	-0.348872	33.013477	722.199499	0.000464	1.4
310	-0.355004	34.011979	709.091127	0.000420	1.6
311	-0.385489	33.725829	712.798811	0.000318	1.4
312	-0.327146	33.097908	721.072357	0.000454	1.2
313	-0.368478	32.410732	730.349593	0.000331	1.5
314	-0.340998	33.171605	720.091393	0.000408	1.4
315	-0.349440	32.484386	729.343820	0.000510	1.4
316	-0.363846	31.797222	738.836336	0.000498	2.0
317	-0.387337	32.797222	725.102619	0.000466	1.5
318	-0.358780	33.797221	711.870150	0.000702	1.3
319	-0.351324	34.778252	699.349744	0.000402	1.4
320	-0.358157	34.091033	708.073606	0.000342	1.4
321	-0.347089	35.091032	695.449961	0.000415	1.5
322	-0.365697	34.425078	703.806070	0.000464	1.4
323	-0.345714	35.425060	691.333004	0.000315	1.4
324	-0.362599	34.742636	699.796585	0.000862	1.4
325	-0.382592	35.742636	687.463768	0.000393	1.5
326	-0.370553	36.742636	675.558115	0.000526	1.4
327	-0.369617	36.470965	678.751547	0.000431	1.3
328	-0.353510	37.404074	667.907277	0.000542	1.6
329	-0.362562	38.326929	657.517704	0.000944	1.3
330	-0.382656	37.639710	665.223383	0.000599	1.4
331	-0.370772	36.952491	673.111815	0.000370	2.0
332	-0.358911	36.265273	681.189560	0.000266	1.4
333	-0.344560	35.578371	689.459696	0.000421	1.2
334	-0.360379	35.121533	695.072003	0.000267	1.2
335	-0.347415	34.463314	703.320869	0.000446	1.2
336	-0.391261	35.454263	690.975385	0.000645	1.4
337	-0.377973	34.767044	699.490297	0.000311	1.5
338	-0.390261	34.406286	704.044775	0.000204	1.2
339	-0.375057	33.823998	711.522459	0.000490	1.1
340	-0.343610	34.816768	698.867165	0.000595	1.2
341	-0.370690	34.135413	707.503652	0.000164	1.1
342	-0.388317	33.487295	715.919302	0.000292	1.3
343	-0.363626	33.344754	717.797083	0.000869	1.1
344	-0.382952	34.344754	704.827524	0.000350	1.1
345	-0.370808	33.657572	713.688969	0.000467	1.1
346	-0.365888	34.656470	700.879990	0.000512	1.3
347	-0.397664	35.467054	690.818867	0.000595	1.2
348	-0.344003	34.779835	699.329892	0.000394	1.1
349	-0.391852	34.092616	708.053255	0.000717	1.2
350	-0.360196	35.088428	695.482247	0.000456	1.4
351	-0.308925	34.403216	704.083782	0.000443	1.3
352	-0.358767	35.397094	691.675819	0.000342	1.1
353	-0.371808	36.130423	682.797439	0.000381	1.3
354	-0.330718	35.443221	691.110568	0.000337	1.2
355	-0.350826	36.443204	679.079570	0.000602	1.2
356	-0.345618	37.443204	667.460091	0.000581	1.1
357	-0.377369	38.374473	656.991195	0.000502	1.2
358	-0.351872	37.687254	664.684466	0.000403	1.3
359	-0.360808	37.001306	672.545306	0.000795	1.3
360	-0.382384	37.997434	661.189884	0.000437	1.1
361	-0.362495	37.332377	668.728214	0.000530	1.1
362	-0.382689	36.645158	676.700484	0.000715	1.2
363	-0.338933	37.015609	672.379502	0.000309	1.3
364	-0.363138	36.332769	680.387624	0.000374	1.4
365	-0.365357	35.645568	688.641803	0.000720	1.3
366	-0.383478	35.297208	692.903030	0.000680	1.3
367	-0.362503	36.297208	680.809893	0.000314	1.1
368	-0.362434	37.295310	669.153425	0.000194	1.1
369	-0.374289	36.717907	675.847558	0.000479	1.1
370	-0.334124	36.081422	683.383573	0.000601	1.1
371	-0.357007	35.394617	691.706199	0.000214	1.1
372	-0.333966	36.394077	679.660831	0.000476	1.1
373	-0.339584	36.176803	682.243568	0.000226	1.1
374	-0.403196	35.489709	690.541810	0.000598	1.3
375	-0.343470	34.820316	698.822742	0.000459	1.2
376	-0.365934	35.801136	686.755741	0.000584	1.1
377	-0.333773	35.114306	695.161521	0.000446	1.4
378	-0.321952	36.114305	682.990119	0.000392	1.7
379	-0.339650	36.986757	672.714054	0.000275	1.2
380	-0.351663	37.986182	661.316004	0.000643	1.2
381	-0.328139	37.409524	667.844961	0.000389	1.6
382	-0.375795	36.753551	675.430439	0.000655	1.3
383	-0.354279	37.753543	663.934537	0.000905	1.2
384	-0.348948	37.066324	671.792251	0.000624	1.2
385	-0.349722	36.379104	679.838186	0.000245	1.2
386	-0.322994	37.276278	669.371953	0.000353	1.2
387	-0.352729	36.658919	676.538979	0.000826	1.3
388	-0.368491	37.658919	665.005542	0.000293	1.2
389	-0.345149	38.658919	653.858750	0.000368	1.7
390	-0.352163	37.971730	661.478074	0.000546	1.5
391	-0.361542	38.971646	650.449148	0.000170	1.1
392	-0.381778	39.971474	639.782896	0.000697	1.1
393	-0.378182	40.968728	629.486956	0.000424	1.3
394	-0.371593	40.755396	631.661500	0.000410	1.2
395	-0.368806	40.076011	638.687848	0.000473	1.1
396	-0.309052	41.075421	628.405015	0.000287	1.3
397	-0.357920	40.433947	634.966626	0.000184	1.4
398	-0.342023	39.887269	640.667690	0.000786	1.1
399	-0.344917	39.200051	647.981278	0.000311	1.1
400	-0.353952	38.992342	650.224756	0.000621	1.1
401	-0.363561	38.305135	657.759334	0.000327	1.1
402	-0.382246	37.618197	665.467516	0.000336	1.5
403	-0.372844	38.217391	658.733954	0.000656	1.2
404	-0.347254	37.530172	666.468328	0.000249	1.3
405	-0.363685	38.530113	655.273511	0.000468	1.3
406	-0.327308	39.515007	644.608804	0.000540	1.1
407	-0.382783	40.513584	634.144585	0.000513	1.1
408	-0.377009	41.513584	624.000477	0.000375	1.1
409	-0.355793	42.513479	614.176818	0.000294	1.1
410	-0.337921	41.829512	620.862795	0.000372	1.2
411	-0.361940	41.622305	622.917124	0.000638	1.2
412	-0.363707	40.935086	629.828887	0.000393	1.3
413	-0.361550	40.252367	636.848964	0.000405	1.2
414	-0.376296	41.251109	626.631503	0.000395	1.3
415	-0.347599	40.563891	633.626398	0.000284	1.3
416	-0.354997	41.481482	624.321082	0.000412	1.4
417	-0.350125	40.794354	631.263271	0.000396	1.2
418	-0.348169	40.107135	638.362543	0.000386	1.1
419	-0.354234	39.420057	645.621800	0.000574	1.2
420	-0.358471	40.418454	635.126796	0.000228	1.3
421	-0.378498	40.902524	630.160186	0.000427	1.2
422	-0.389254	40.217080	637.216054	0.000471	1.1
423	-0.401759	39.529861	644.450616	0.000673	1.2
424	-0.358173	38.843305	651.844116	0.000483	1.3
425	-0.362736	39.842749	641.136490	0.000521	1.3
426	-0.336488	39.155530	648.460851	0.000488	1.3
427	-0.376382	38.468312	655.954485	0.000267	1.6
428	-0.371241	39.467759	645.112485	0.000603	1.5
429	-0.359043	38.785366	652.475829	0.000522	1.3
430	-0.379802	39.785366	641.741735	0.000679	1.2
431	-0.368644	39.100548	649.054088	0.000272	1.2
432	-0.350343	40.084246	638.601744	0.000282	1.4
433	-0.387771	40.067162	638.780396	0.000479	1.4
434	-0.404873	39.380075	646.049314	0.000328	1.3
435	-0.348286	38.693073	653.484638	0.000318	1.5
436	-0.345809	38.903638	651.187595	0.000277	1.2
437	-0.349972	38.220401	658.700474	0.000556	1.4
438	-0.388242	39.220401	647.762317	0.000598	1.4
439	-0.364411	40.189852	637.499604	0.000245	1.5
440	-0.386155	39.520593	644.549306	0.000542	1.4
441	-0.369029	40.296147	636.394103	0.000528	1.3
442	-0.378684	39.631935	643.365685	0.000236	1.4
443	-0.352455	40.631760	632.928647	0.000568	1.2
444	-0.370169	41.631493	622.825741	0.000451	1.2
445	-0.354743	42.631490	613.037759	0.000615	1.1
446	-0.347810	43.631490	603.552634	0.000286	1.3
447	-0.384774	44.567461	594.936960	0.000249	1.2
448	-0.314806	44.798902	592.844332	0.000535	1.3
449	-0.368452	45.798900	583.969287	0.000422	1.3
450	-0.382172	45.269008	588.638751	0.000239	1.2
451	-0.337241	46.105452	581.301589	0.000314	1.2
452	-0.385529	47.066745	573.091989	0.000704	1.3
453	-0.346340	46.379526	578.937085	0.000338	1.3
454	-0.359517	47.279414	571.306985	0.000311	1.1
455	-0.355376	46.750738	575.765035	0.000935	1.2
456	-0.357365	47.750738	567.390361	0.000313	1.3
457	-0.371133	48.427385	561.860509	0.000347	1.4
458	-0.354422	49.425061	553.900925	0.000542	1.1
459	-0.388011	50.425058	546.145949	0.000355	1.2
460	-0.347722	49.737849	551.451690	0.000542	1.3
461	-0.371069	50.737799	543.765027	0.000749	1.3
462	-0.368183	51.737799	536.289340	0.000316	1.2
463	-0.379867	52.737799	529.016417	0.000642	1.1
464	-0.351890	53.737515	521.940099	0.000295	1.4
465	-0.359188	54.736797	515.053551	0.000127	2.1
466	-0.362273	54.110959	519.345072	0.000623	1.4
467	-0.371659	54.767669	514.843686	0.000506	1.3
468	-0.385299	55.767669	508.137168	0.000326	1.2
469	-0.325927	55.080456	512.727027	0.000356	1.5
470	-0.355952	54.393940	517.395779	0.000590	1.3
471	-0.332394	53.706721	522.155247	0.000312	1.3
472	-0.382944	54.437308	517.098330	0.000393	1.3
473	-0.379077	55.358660	510.858964	0.000226	1.4
474	-0.392499	55.648809	508.925146	0.000337	1.2
475	-0.374495	56.584547	502.787059	0.000268	1.2
476	-0.388013	55.897404	507.279887	0.000493	1.5
477	-0.366681	55.276706	511.407853	0.000803	1.5
478	-0.386257	56.276699	504.790018	0.000586	1.2
479	-0.382051	57.276698	498.341232	0.000255	1.3
480	-0.378690	58.274764	492.067135	0.000804	1.1
481	-0.331147	59.152230	486.680239	0.000264	1.2
482	-0.396748	59.631126	483.789676	0.000519	1.1
483	-0.367488	58.944804	487.942981	0.000618	1.2
484	-0.381109	58.621197	489.926143	0.000388	1.2
485	-0.354415	59.621197	483.849253	0.000134	1.2
486	-0.361137	60.534881	478.427215	0.000597	1.4
487	-0.339768	61.267059	474.169209	0.000570	1.3
488	-0.388488	62.267059	468.474650	0.000363	2.6
489	-0.378590	63.262921	462.937976	0.000308	1.5
490	-0.370588	63.915011	459.382925	0.000506	2.9
491	-0.369274	63.548772	461.372832	0.000402	1.5
492	-0.387538	64.548706	455.980083	0.000423	1.5
493	-0.379260	65.548532	450.712512	0.000683	1.2
494	-0.363665	66.479857	445.914151	0.000526	1.2
495	-0.390798	67.479857	440.874426	0.000833	1.4
496	-0.350963	66.792638	444.325483	0.000534	1.2
497	-0.380414	67.792638	439.321403	0.000263	1.3
498	-0.358123	68.792634	434.428797	0.000289	1.4
499	-0.373613	68.450099	436.092373	0.000402	1.6
500	-0.328979	67.825638	439.158187	0.000465	1.4
501	-0.339908	68.825625	434.269242	0.000443	1.2
502	-0.346144	68.306129	436.795396	0.000747	1.3
503	-0.391859	67.792623	439.321475	0.000163	1.2
504	-0.365266	68.784454	434.468379	0.000697	1.3
505	-0.377594	68.097691	437.817250	0.000409	1.3
506	-0.396273	69.097634	432.958162	0.000555	1.4
507	-0.370947	68.434406	436.168899	0.000721	1.2
508	-0.358447	67.748602	439.539385	0.000248	1.2
509	-0.357012	67.990495	438.344638	0.000344	1.2
510	-0.369042	67.304803	441.748407	0.000581	1.8
511	-0.378309	68.304803	436.801882	0.000610	1.9
512	-0.383749	69.304803	431.964909	0.000388	1.6
513	-0.315300	70.304803	427.233889	0.000322	1.7
514	-0.348379	69.623438	430.446107	0.000428	1.5
515	-0.335152	68.962451	433.608755	0.001002	1.3
516	-0.367999	69.962451	428.841857	0.000490	1.2
517	-0.366488	70.768026	425.077314	0.000239	1.3
518	-0.356344	71.671496	420.933165	0.000682	1.4
519	-0.356792	72.662830	416.477979	0.000340	1.2
520	-0.367188	73.662830	412.078385	0.000436	1.1
521	-0.395244	74.662825	407.770794	0.000328	1.6
522	-0.371131	75.624235	403.713482	0.000401	1.5
523	-0.355498	76.624051	399.578853	0.000433	1.2
524	-0.369387	75.936832	402.411607	0.000636	1.3
525	-0.309806	75.258491	405.247429	0.000330	1.3
526	-0.344348	76.258491	401.080724	0.000359	1.3
527	-0.375187	76.747526	399.074101	0.000344	1.3
528	-0.326777	76.110789	401.690755	0.000146	1.3
529	-0.389140	76.659206	399.435014	0.000547	1.7
530	-0.361270	76.110763	401.690862	0.000206	1.5
531	-0.362919	77.077263	397.732411	0.000340	1.7
532	-0.333142	78.011642	393.978986	0.000541	1.6
533	-0.379311	77.351607	396.622966	0.000648	2.3
534	-0.378670	78.351607	392.630852	0.000396	1.5
535	-0.361911	79.351605	388.718307	0.000717	1.4
536	-0.347213	80.350946	384.885467	0.000996	1.5
537	-0.348062	81.350946	381.125019	0.000288	1.6
538	-0.343670	80.663730	383.701307	0.000322	1.7
539	-0.390546	81.662353	379.968947	0.000664	1.5
540	-0.401690	81.629138	380.091922	0.000620	1.4
541	-0.366407	82.629125	376.424157	0.000583	1.4
542	-0.356895	81.941906	378.937087	0.000582	1.4
543	-0.363985	82.941846	375.291644	0.000209	1.9
544	-0.344541	83.935901	371.736517	0.000266	1.6
545	-0.339094	84.931052	368.244300	0.000519	1.6
546	-0.374030	85.830640	365.143428	0.000390	1.5
547	-0.384063	85.143421	367.507527	0.000375	1.5
548	-0.347798	84.456569	369.901149	0.000232	1.5
549	-0.350715	83.811353	372.178254	0.000783	1.6
550	-0.355442	84.811229	368.661308	0.000311	1.6
551	-0.357033	85.811229	365.209786	0.000414	1.8
552	-0.391045	85.226802	367.219056	0.000218	1.9
553	-0.366102	84.539926	369.608995	0.000328	3.5
554	-0.367780	84.920758	368.280091	0.000588	1.7
555	-0.378657	85.377074	366.700311	0.000398	1.8
556	-0.330835	86.377074	363.285242	0.000334	1.7
557	-0.365660	87.377007	359.933414	0.000435	1.5
558	-0.350832	86.689797	362.230287	0.000308	1.6
559	-0.376307	86.003608	364.553186	0.000325	1.6
560	-0.382120	85.317548	366.905623	0.000530	1.9
561	-0.361323	86.317548	363.486745	0.000301	2.4
562	-0.365511	87.317546	360.130999	0.000453	1.8
563	-0.358415	86.632502	362.423111	0.000665	1.6
564	-0.369406	85.945283	364.752004	0.000562	1.8
565	-0.342820	85.258063	367.111021	0.000600	1.7
566	-0.359043	84.570844	369.500750	0.000689	1.7
567	-0.362918	83.883625	371.921796	0.000588	1.8
568	-0.339427	83.196406	374.374777	0.000308	1.8
569	-0.345860	82.561510	376.669925	0.000455	1.7
570	-0.351380	83.561509	373.067551	0.000436	2.2
571	-0.374248	82.906225	375.420301	0.000464	1.6
572	-0.344779	83.906222	371.841683	0.000339	1.5
573	-0.360990	84.905836	368.331978	0.000197	1.4
574	-0.387453	85.331015	366.859153	0.000384	1.5
575	-0.369396	86.218909	363.821145	0.000750	1.8
576	-0.354326	87.218909	360.459246	0.000631	1.6
577	-0.355993	88.218909	357.158908	0.000538	1.6
578	-0.354206	87.531848	359.419902	0.000217	1.5
579	-0.353783	88.527129	356.153829	0.000263	1.7
580	-0.355903	89.495454	353.032680	0.000450	1.7
581	-0.357470	90.495448	349.866358	0.000354	1.7
582	-0.360366	89.808231	352.036179	0.000238	1.7
583	-0.370020	89.121424	354.231762	0.001027	1.7
584	-0.370836	90.121414	351.044004	0.000266	1.5
585	-0.370263	91.121414	347.913076	0.000653	1.6
586	-0.393619	92.118306	344.846979	0.000543	1.8
587	-0.385398	93.117647	341.827116	0.000341	1.5
588	-0.342083	92.430428	343.898077	0.000568	1.4
589	-0.344161	93.430428	340.892774	0.000520	1.7
590	-0.368469	92.743209	342.952397	0.000348	1.8
591	-0.369444	93.742204	339.966507	0.000438	1.8
592	-0.338291	93.146024	341.742139	0.000242	1.8
593	-0.347609	94.144109	338.779868	0.000733	1.8
594	-0.359201	93.456890	340.813961	0.000620	1.5
595	-0.356960	92.769671	342.872628	0.000839	1.6
596	-0.382553	92.082452	344.956317	0.000459	2.2
597	-0.338018	91.395233	347.065487	0.000284	2.0
598	-0.369309	90.708015	349.200604	0.000386	1.9
599	-0.354968	90.021039	351.361385	0.000386	1.6
600	-0.368269	89.333839	353.549797	0.000569	1.5
601	-0.385131	90.333838	350.374215	0.000579	1.7
602	-0.358018	89.672248	352.468725	0.000538	1.3
603	-0.343879	89.005739	354.604282	0.000613	1.5
604	-0.369018	89.958156	351.560512	0.000637	1.5
605	-0.377940	89.270937	353.751472	0.000244	1.8
606	-0.378276	90.270845	350.572569	0.000411	1.7
607	-0.357370	91.263897	347.471514	0.000319	1.5
608	-0.359443	92.261540	344.410876	0.000130	1.7
609	-0.365724	91.999087	345.210810	0.000666	1.6
610	-0.379410	91.312196	347.322087	0.000921	1.6
611	-0.346532	90.624976	349.460376	0.000489	1.8
612	-0.354182	91.624976	346.357508	0.000631	1.4
613	-0.363090	92.572249	343.468641	0.000583	1.8
614	-0.356111	93.572248	340.470812	0.000529	1.5
615	-0.341744	94.572248	337.524855	0.000265	1.6
616	-0.327108	93.885032	339.543851	0.000451	1.4
617	-0.365599	93.201759	341.575353	0.000739	1.4
618	-0.363184	94.183946	338.662701	0.000387	1.8
619	-0.363036	93.496727	340.695383	0.000296	1.7
620	-0.352852	92.810367	342.750026	0.000237	1.7
621	-0.372079	92.152393	344.743094	0.000390	1.4
622	-0.366761	91.465415	346.848908	0.000800	1.3
623	-0.380817	90.778195	348.981356	0.000519	1.6
624	-0.373241	90.094419	351.129304	0.000476	1.7
625	-0.341397	91.088163	348.016287	0.000479	1.9
626	-0.356484	90.478387	349.919902	0.000454	1.8
627	-0.362453	90.839940	348.788691	0.000589	1.6
628	-0.376033	91.702841	346.118215	0.000385	1.5
629	-0.355422	92.371244	344.077606	0.000364	1.6
630	-0.354532	91.684046	346.175945	0.000539	1.7
631	-0.363912	92.683635	343.132116	0.000569	1.5
632	-0.335746	91.996416	345.218970	0.000351	1.4
633	-0.348554	92.996415	342.190640	0.000210	1.6
634	-0.356096	92.761246	342.898021	0.000437	1.6
635	-0.344780	92.088222	344.938717	0.000383	1.6
636	-0.338097	92.448528	343.843211	0.000836	1.7
637	-0.342790	93.434311	340.881209	0.000369	1.6
638	-0.367944	94.434311	337.928177	0.000187	1.8
639	-0.356984	95.385504	335.166363	0.000222	1.6
640	-0.361140	94.848368	336.720376	0.000515	1.6
641	-0.356941	94.163559	338.722652	0.000311	1.6
642	-0.354212	95.163559	335.806741	0.000921	1.9
643	-0.377700	95.357545	335.246900	0.000640	1.7
644	-0.337053	94.670326	337.238665	0.000372	1.6
645	-0.365127	95.670321	334.348153	0.000255	1.6
646	-0.382051	95.022656	336.214560	0.000536	1.7
647	-0.374108	94.335437	338.217872	0.000462	1.9
648	-0.379622	94.222646	338.548953	0.000443	2.0
649	-0.364241	95.207108	335.680895	0.000473	1.6
650	-0.380409	94.519889	337.677836	0.000259	1.5
651	-0.384247	93.839222	339.679296	0.000555	1.7
652	-0.362513	93.655962	340.222223	0.000357	1.4
653	-0.373394	94.655958	337.280560	0.000304	1.6
654	-0.354243	95.655900	334.389483	0.000661	1.6
655	-0.370584	94.968702	336.370982	0.000534	1.5
656	-0.366539	94.283648	338.369812	0.000527	1.4
657	-0.386452	95.283630	335.459997	0.000280	1.5
658	-0.394838	94.905067	336.555658	0.001101	1.7
659	-0.330527	95.905013	333.676933	0.000154	1.9
660	-0.382193	95.217819	335.649960	0.000488	1.6
661	-0.363197	94.560175	337.560116	0.000391	1.7
662	-0.378760	94.673851	337.228388	0.000448	1.4
663	-0.364072	94.469057	337.826488	0.000455	1.7
664	-0.364623	94.510532	337.705189	0.000345	1.4
665	-0.378075	93.823370	339.726191	0.000488	1.5
666	-0.337540	93.136152	341.771697	0.000134	1.6
667	-0.354060	93.795971	339.807276	0.000226	1.4
668	-0.344999	93.446616	340.844557	0.000453	1.7
669	-0.351926	94.249534	338.469970	0.000558	1.4
670	-0.356236	93.572399	340.470363	0.000593	1.6
671	-0.376116	92.885180	342.524869	0.000347	1.5
672	-0.380712	93.885180	339.543415	0.000337	1.6
673	-0.378660	93.201463	341.576238	0.000246	1.4
674	-0.340881	93.175168	341.654905	0.000332	1.8
675	-0.375759	93.117629	341.827171	0.000368	1.5
676	-0.356225	94.116786	338.860278	0.000520	1.4
677	-0.373744	93.498825	340.689141	0.000522	1.7
678	-0.371034	92.811606	342.746296	0.000494	1.5
679	-0.371284	93.811563	339.761129	0.000364	1.5
680	-0.350857	94.811561	336.827392	0.000244	1.4
681	-0.356797	95.811393	333.944362	0.000569	1.5
682	-0.402528	95.124556	335.919530	0.000464	1.4
683	-0.393482	96.124556	333.051477	0.000524	1.3
684	-0.363730	95.437336	335.017164	0.000532	1.4
685	-0.365297	96.436898	332.165673	0.000549	1.4
686	-0.391669	95.749679	334.120887	0.000461	1.6
687	-0.366635	96.749672	331.283353	0.000675	1.3
688	-0.367615	97.749672	328.493591	0.000728	1.3
689	-0.383019	98.749672	325.750422	0.000504	1.5
690	-0.385115	98.078409	327.586726	0.000335	1.5
691	-0.361058	99.078374	324.858713	0.000472	1.5
692	-0.346657	98.935061	325.246896	0.000468	1.5
693	-0.374707	99.933190	322.562451	0.000589	1.7
694	-0.380754	99.245971	324.405930	0.000482	1.4
695	-0.351317	100.245971	321.730329	0.000409	1.5
696	-0.370655	99.558756	323.564273	0.000323	1.4
697	-0.345846	100.558594	320.902907	0.000484	1.6
698	-0.355163	100.101050	322.115341	0.000346	1.6
699	-0.347541	99.734312	323.093787	0.000283	1.5
700	-0.375513	99.062005	324.903006	0.000523	1.7
701	-0.368815	99.824758	322.851929	0.000407	1.5
702	-0.343434	100.824732	320.201862	0.000182	1.3
703	-0.360435	100.138097	322.016831	0.000256	1.7
704	-0.373980	101.066663	319.567237	0.000226	1.6
705	-0.316673	100.389506	321.349906	0.000363	1.4
706	-0.342681	99.754234	323.040485	0.000387	1.4
707	-0.345697	100.735957	320.435368	0.000178	1.5
708	-0.345559	100.375965	321.385756	0.000515	1.4
709	-0.375408	101.371197	318.771959	0.000569	1.3
710	-0.355290	102.347376	316.249177	0.000449	1.5
711	-0.365310	101.955979	317.255871	0.000249	1.8
712	-0.355825	101.275229	319.022149	0.000275	1.4
713	-0.380716	100.646148	320.671941	0.000284	1.6
714	-0.376512	100.978629	319.797874	0.000252	1.6
715	-0.353194	101.959578	317.246584	0.000371	1.6
716	-0.374995	102.959429	314.687688	0.001070	1.7
717	-0.345100	102.272210	316.442012	0.000520	1.7
718	-0.358420	103.272210	313.895650	0.000640	1.4
719	-0.361813	104.272210	311.389942	0.000599	1.4
720	-0.352529	105.272210	308.923921	0.000314	1.6
721	-0.342902	104.655564	310.439944	0.000600	1.7
722	-0.369928	105.655531	307.988966	0.000356	1.4
723	-0.359696	104.968324	309.669168	0.000534	1.6
724	-0.358772	105.968321	307.230228	0.000850	1.6
725	-0.362826	106.968321	304.829397	0.000358	1.7
726	-0.351814	106.281103	306.475236	0.000307	1.7
727	-0.353357	105.595231	308.135668	0.000210	1.4
728	-0.367794	105.323934	308.797430	0.000202	1.5
729	-0.347363	104.672880	310.397170	0.000529	1.6
730	-0.381264	104.090314	311.842739	0.000429	1.9
731	-0.362398	105.090314	309.369569	0.000662	1.8
732	-0.367825	104.801213	310.080526	0.000185	1.4
733	-0.368786	105.799777	307.638602	0.000334	1.6
734	-0.364458	105.580108	308.172482	0.000908	1.4
735	-0.350457	106.542228	305.847771	0.000367	1.5
736	-0.345658	107.382287	303.846481	0.000259	1.4
737	-0.353658	106.696232	305.478913	0.000641	1.6
738	-0.358032	106.009013	307.131796	0.000540	1.6
739	-0.354287	105.321794	308.802662	0.000228	1.7
740	-0.346219	105.024012	309.532330	0.000768	1.7
741	-0.389851	106.022859	307.098316	0.000447	1.7
742	-0.371019	107.022859	304.699539	0.000266	1.4
743	-0.361178	107.380140	303.851563	0.000355	1.6
744	-0.352738	108.248028	301.811228	0.000627	1.5
745	-0.377146	109.210526	299.580282	0.000408	1.6
746	-0.355078	110.210519	297.297094	0.000397	1.5
747	-0.351268	109.571368	298.752374	0.000339	1.7
748	-0.355357	110.566819	296.491975	0.000491	1.3
749	-0.373105	111.019384	295.475595	0.000205	1.6
750	-0.351465	112.013347	293.267609	0.000478	1.4
751	-0.326021	112.577650	292.028690	0.000493	1.7
752	-0.347980	112.713917	291.731085	0.000640	1.7
753	-0.367993	113.713825	289.565724	0.000353	1.5
754	-0.335940	113.028479	291.046398	0.000427	1.5
755	-0.364515	112.370326	292.482649	0.000269	1.3
756	-0.346023	113.370299	290.306017	0.000397	1.6
757	-0.394469	112.683145	291.798239	0.000487	1.5
758	-0.381315	111.995925	293.306025	0.000578	1.5
759	-0.365395	111.878098	293.566109	0.000735	1.7
760	-0.374281	111.411451	294.600701	0.000249	1.8
761	-0.366637	112.411451	292.392490	0.000428	1.8
762	-0.358201	113.403748	290.233767	0.000353	1.9
763	-0.351432	114.337208	288.231941	0.000281	1.6
764	-0.384631	113.650042	289.702890	0.000130	1.6
765	-0.367842	113.541437	289.936744	0.000429	1.6
766	-0.361350	112.961523	291.191869	0.000467	1.4
767	-0.376069	112.274350	292.693276	0.000382	1.6
768	-0.399938	113.246184	290.574414	0.000620	1.6
769	-0.363967	112.770274	291.608180	0.000185	1.7
770	-0.336797	112.084837	293.110073	0.000298	1.5
771	-0.372477	111.619955	294.137532	0.000663	1.4
772	-0.358867	110.932736	295.669653	0.000566	1.7
773	-0.350103	110.245516	297.217819	0.000123	1.6
774	-0.378353	109.585475	298.720101	0.000766	1.6
775	-0.376501	110.576293	296.470628	0.000390	1.8
776	-0.355007	109.889074	298.027216	0.000646	1.6
777	-0.366130	110.889074	295.767535	0.000324	1.5
778	-0.364796	110.201854	297.316729	0.000155	1.7
779	-0.343197	109.532167	298.842094	0.000312	1.4
780	-0.366114	110.180654	297.364778	0.000390	1.5
781	-0.367474	109.527761	298.852183	0.001054	1.4
782	-0.357491	110.527759	296.580026	0.000450	1.8
783	-0.374873	109.841093	298.136506	0.000276	1.4
784	-0.379875	110.820693	295.920962	0.000803	1.5
785	-0.361935	110.133474	297.471767	0.000304	1.5
786	-0.398913	111.133393	295.220650	0.000489	1.3
787	-0.365694	110.446232	296.763975	0.000609	1.6
788	-0.380679	109.759012	298.323652	0.000476	1.5
789	-0.349910	109.140860	299.740653	0.000676	1.6
790	-0.335984	108.522954	301.170603	0.000195	1.7
791	-0.357726	108.687189	300.789203	0.000794	1.9
792	-0.370693	109.686646	298.488847	0.000554	1.8
793	-0.356593	108.999431	300.066746	0.000325	1.6
794	-0.358095	108.857698	300.394252	0.000203	1.6
795	-0.343893	108.171445	301.990167	0.000459	1.5
796	-0.361687	109.170682	299.671981	0.000443	1.5
797	-0.361542	109.003053	300.058384	0.000442	1.5
798	-0.372980	108.315835	301.652974	0.000549	2.0
799	-0.376329	109.315816	299.338234	0.000304	1.7
800	-0.367642	108.629613	300.922800	0.000485	1.7
801	-0.368054	108.881725	300.338683	0.000512	1.6
802	-0.342559	108.194511	301.936250	0.000418	2.1
803	-0.368911	107.507293	303.550913	0.000305	1.6
804	-0.353966	108.507291	301.207028	0.000412	1.4
805	-0.357666	107.887123	302.656351	0.000163	1.5
806	-0.351266	108.624697	300.934213	0.000614	1.5
807	-0.350858	109.504806	298.904747	0.000220	1.5
808	-0.354457	108.840145	300.434862	0.000155	2.1
809	-0.366113	108.283291	301.728908	0.000402	1.8
810	-0.363079	109.223633	299.550129	0.000561	1.6
811	-0.367637	110.220545	297.274380	0.000203	1.9
812	-0.334484	109.534377	298.837036	0.000682	2.1
813	-0.352776	108.847807	300.417136	0.000413	1.7
814	-0.369491	109.821082	298.182110	0.000434	1.5
815	-0.346238	109.136277	299.751208	0.000244	1.4
816	-0.356318	110.081250	297.590283	0.000612	1.4
817	-0.372209	110.830496	295.898955	0.000448	1.5
818	-0.347358	111.820850	293.692641	0.000296	1.7
819	-0.371792	112.820471	291.498795	0.000556	1.5
820	-0.358389	113.820467	289.336680	0.000563	1.6
821	-0.383908	113.133250	290.819064	0.000357	1.9
822	-0.358875	114.133007	288.667491	0.000663	1.7
823	-0.389646	115.133002	286.547022	0.000265	1.4
824	-0.355747	114.942745	286.948053	0.000275	1.6
825	-0.356978	114.388977	288.121728	0.000600	1.7
826	-0.381167	113.952057	289.054551	0.000281	1.3
827	-0.356358	114.900614	287.037011	0.000558	1.4
828	-0.325005	114.904087	287.029677	0.000359	1.4
829	-0.369833	114.257127	288.402594	0.000437	1.5
830	-0.352267	113.570112	289.874962	0.000367	1.5
831	-0.347177	112.883284	291.362036	0.000588	1.8
832	-0.362116	112.196662	292.863993	0.000554	1.7
833	-0.350117	113.196544	290.681898	0.000498	1.6
834	-0.402198	112.509325	292.178139	0.000636	1.5
835	-0.326968	111.822106	293.689864	0.000265	1.5
836	-0.366402	111.134888	295.217310	0.000497	1.6
837	-0.373498	110.447690	296.760683	0.000525	1.6
838	-0.367158	111.447638	294.520211	0.000456	1.6
839	-0.362114	112.422006	292.369357	0.000457	1.5
840	-0.352790	113.422006	290.194346	0.000649	1.7
841	-0.334360	112.734787	291.685559	0.000348	1.8
842	-0.345817	113.734787	289.520672	0.000423	1.7
843	-0.336901	113.456937	290.118956	0.000421	1.5
844	-0.367969	112.769733	291.609359	0.000302	1.7
845	-0.347499	113.769711	289.445647	0.000447	1.5
846	-0.338780	113.694219	289.607873	0.000307	1.6
847	-0.333548	113.007104	291.092822	0.000349	1.7
848	-0.348508	112.360557	292.504073	0.000190	1.6
849	-0.355864	113.308627	290.439320	0.000098	1.7
850	-0.350316	112.977418	291.157323	0.000298	1.6
851	-0.365759	112.566592	292.052867	0.000297	1.9
852	-0.389049	111.880745	293.560262	0.000355	2.1
853	-0.374569	111.194656	295.083836	0.000237	1.7
854	-0.372263	110.513852	296.611388	0.000543	1.5
855	-0.328966	111.513349	294.374164	0.000674	1.6
856	-0.354317	110.830694	295.898513	0.000394	1.6
857	-0.347950	110.143475	297.449083	0.000858	1.5
858	-0.353082	109.456255	299.015989	0.000301	1.3
859	-0.337377	108.769052	300.599453	0.000510	1.7
860	-0.365280	108.082026	302.199364	0.000460	1.8
861	-0.358810	109.077219	299.887302	0.000413	2.5
862	-0.363963	108.390000	301.480070	0.000549	1.9
863	-0.347427	109.390000	299.167929	0.000817	1.7
864	-0.366580	108.770242	300.596698	0.000466	1.4
865	-0.356561	108.083023	302.197031	0.000460	1.3
866	-0.353015	108.580768	301.036232	0.000146	1.9
867	-0.366508	108.245044	301.818197	0.000292	1.7
868	-0.348097	108.455695	301.327077	0.000408	1.9
869	-0.358937	107.772445	302.925880	0.000716	1.8
870	-0.346735	108.108571	302.137232	0.000442	2.6
871	-0.362514	108.492836	301.240651	0.000575	1.8
872	-0.361803	109.420594	299.097749	0.000629	1.5
873	-0.344373	108.733375	300.682120	0.000802	1.4
874	-0.382101	109.732022	298.385242	0.000646	1.4
875	-0.360814	109.044803	299.962053	0.000385	1.5
876	-0.354552	108.359357	301.551484	0.000438	1.5
877	-0.352515	109.359357	299.238253	0.000482	1.7
878	-0.353610	108.672138	300.824116	0.000368	1.6
879	-0.381497	109.080547	299.879629	0.000326	1.4
880	-0.368631	108.393467	301.471991	0.000243	1.6
881	-0.357765	107.752240	302.973418	0.000631	1.6
882	-0.343778	107.283370	304.080772	0.000458	1.6
883	-0.371744	108.058781	302.253793	0.000493	1.4
884	-0.339448	107.510152	303.544159	0.000657	1.4
885	-0.347923	108.510152	301.200373	0.000440	1.6
886	-0.322533	107.822933	302.807157	0.000281	1.6
887	-0.379644	107.237886	304.188624	0.000634	1.5
888	-0.373365	106.559171	305.807148	0.000504	1.7
889	-0.350329	107.559171	303.428421	0.000779	1.8
890	-0.364365	106.871952	305.059129	0.000447	1.9
891	-0.354618	107.871952	302.691980	0.000488	1.5
892	-0.354019	108.871952	300.361284	0.000392	1.5
893	-0.393581	108.189042	301.949032	0.000848	1.4
894	-0.395288	107.501823	303.563835	0.000330	1.4
895	-0.427488	108.501588	301.220292	0.000606	1.4
896	-0.382624	107.814376	302.827273	0.000320	1.5
897	-0.369181	108.811038	300.502228	0.000437	1.5
898	-0.380790	108.134520	302.076518	0.000746	1.7
899	-0.331576	109.134520	299.755255	0.000514	1.6
900	-0.359648	108.447301	301.346617	0.000425	1.8
901	-0.375626	107.760081	302.954967	0.000404	1.6
902	-0.379518	107.668484	303.170637	0.000566	1.4
903	-0.352457	108.668484	300.832593	0.000212	1.4
904	-0.376718	108.017493	302.350520	0.000561	1.4
905	-0.340686	109.017344	300.025404	0.000256	1.5
906	-0.341480	108.339878	301.596899	0.000719	1.5
907	-0.367474	109.334067	299.296317	0.000291	1.7
908	-0.365809	108.647132	300.882138	0.000424	1.5
909	-0.359918	109.646786	298.579915	0.000385	1.6
910	-0.366881	108.959567	300.158790	0.000639	1.8
911	-0.340695	109.959567	297.866794	0.000264	1.6
912	-0.343965	109.272347	299.438115	0.000452	1.6
913	-0.389164	108.585203	301.025930	0.000583	1.5
914	-0.384513	109.585198	298.720735	0.000443	1.8
915	-0.352106	110.585197	296.450566	0.000599	1.5
916	-0.367804	109.930087	297.933860	0.000331	1.7
917	-0.344892	110.754070	296.070598	0.000261	1.4
918	-0.358449	111.695772	293.969474	0.000478	1.5
919	-0.349761	112.686023	291.791956	0.000810	1.6
920	-0.374165	111.998826	293.299628	0.000332	1.5
921	-0.343201	112.998825	291.110807	0.000252	1.6
922	-0.350442	113.967665	289.021125	0.000388	1.4
923	-0.364888	113.351717	290.346168	0.000914	1.3
924	-0.349912	114.351717	288.201045	0.000318	1.4
925	-0.378231	115.351717	286.087386	0.000280	1.4
926	-0.371881	116.288017	284.136278	0.000432	1.4
927	-0.355193	115.601835	285.563559	0.000433	1.4
928	-0.357257	114.914649	287.007372	0.000257	1.5
929	-0.350344	115.262194	286.275343	0.000263	1.4
930	-0.324823	114.578597	287.718764	0.000279	1.6
931	-0.347795	113.994781	288.963069	0.000400	1.9
932	-0.367243	113.542242	289.935009	0.000142	1.7
933	-0.337873	114.515931	287.851812	0.000625	1.5
934	-0.366584	115.512386	285.750674	0.000381	1.8
935	-0.352760	114.825167	287.196453	0.000415	2.8
936	-0.354521	115.819214	285.109855	0.000466	1.7
937	-0.364904	115.131995	286.549141	0.000414	1.4
938	-0.390793	116.036058	284.658701	0.000356	2.0
939	-0.383746	116.596566	283.499126	0.000463	1.7
940	-0.331825	115.909347	284.922155	0.000263	1.9
941	-0.368746	116.895399	282.884754	0.000503	1.7
942	-0.358051	117.217648	282.225221	0.000276	1.5
943	-0.340726	118.216977	280.199347	0.000335	1.9
944	-0.362693	119.140220	278.353396	0.000906	1.7
945	-0.349897	120.140220	276.381219	0.000702	1.8
946	-0.357024	119.453796	277.731947	0.000353	1.7
947	-0.332086	118.769976	279.090742	0.000480	1.8
948	-0.345891	118.889667	278.851948	0.000784	1.7
949	-0.357230	118.202451	280.228588	0.000625	2.1
950	-0.363058	119.186752	278.261002	0.000614	1.7
951	-0.359194	120.186752	276.290131	0.000510	1.5
952	-0.364497	119.506634	277.627506	0.000275	1.7
953	-0.360968	118.819449	278.991988	0.000534	2.0
954	-0.356866	119.689109	277.267419	0.000435	1.7
955	-0.376646	120.689109	275.310547	0.000366	1.7
956	-0.331376	120.095982	276.467874	0.000618	1.7
957	-0.387349	121.093172	274.527660	0.000298	1.6
958	-0.385595	120.470785	275.735420	0.000882	1.9
959	-0.353712	121.293720	274.140743	0.000431	1.7
960	-0.341973	120.845969	275.006096	0.000520	1.8
961	-0.389455	120.158751	276.344938	0.000384	1.8
962	-0.338748	119.471624	277.696698	0.000353	1.8
963	-0.353529	118.803929	279.022961	0.000181	1.5
964	-0.365004	118.124635	280.385326	0.000479	1.4
965	-0.339577	119.065930	278.501033	0.000145	1.4
966	-0.350710	118.459234	279.712609	0.000390	1.4
967	-0.361230	119.432377	277.774306	0.000240	1.6
968	-0.356263	118.907702	278.816002	0.000466	1.6
969	-0.357253	118.237877	280.157290	0.000740	1.7
970	-0.384505	119.197544	278.239583	0.000272	1.4
971	-0.344923	120.197544	276.269014	0.000243	1.6
972	-0.401543	120.392608	275.887875	0.000626	1.7
973	-0.364304	119.705389	277.235339	0.000528	1.8
974	-0.356394	120.705389	275.278919	0.000554	1.8
975	-0.338226	120.018170	276.620426	0.000478	1.5
976	-0.378112	121.018170	274.672644	0.000309	1.6
977	-0.375838	120.350132	275.970780	0.000841	1.5
978	-0.367259	119.672679	277.299802	0.000376	1.9
979	-0.379197	118.985460	278.661127	0.000860	1.8
980	-0.359253	119.985460	276.684604	0.000402	1.9
981	-0.355678	120.982065	274.742490	0.000644	1.8
982	-0.352165	120.294846	276.078762	0.000293	1.8
983	-0.369265	119.607648	277.428054	0.000309	1.9
984	-0.383162	120.595843	275.491889	0.000379	1.8
985	-0.359575	119.922117	276.808971	0.000345	1.7
986	-0.337363	119.244852	278.145726	0.000558	1.5
987	-0.356277	120.244566	276.177041	0.000265	1.6
988	-0.376478	119.564145	277.513914	0.000609	2.0
989	-0.378908	120.564113	275.553636	0.000343	2.0
990	-0.389852	121.564113	273.620796	0.001210	2.0
991	-0.372815	122.564113	271.714882	0.000398	1.7
992	-0.341192	121.876894	273.021796	0.000201	1.9
993	-0.346094	121.403007	273.930354	0.000600	1.8
994	-0.372694	120.717508	275.255378	0.000545	1.9
995	-0.380148	121.710510	273.340107	0.000585	1.7
996	-0.368544	121.023291	274.662739	0.000312	1.8
997	-0.377194	122.023069	272.742757	0.000884	1.6
998	-0.372951	121.336109	274.059101	0.000458	1.5
999	-0.344416	122.336102	272.147111	0.000350	1.6
1000	-0.350397	121.648991	273.457989	0.000485	1.7
1001	-0.342056	120.961771	274.781765	0.000461	1.5
1002	-0.331837	120.627167	275.430957	0.000343	1.6
1003	-0.351109	121.331750	274.067496	0.000362	1.5
1004	-0.357851	122.330814	272.157152	0.000175	1.5
1005	-0.348382	121.729575	273.303597	0.000433	1.7
1006	-0.366282	121.380016	273.974587	0.000516	2.3
1007	-0.386436	122.380014	272.063763	0.000162	1.9
1008	-0.350923	123.373050	270.192437	0.000601	1.7
1009	-0.354955	123.024201	270.846886	0.000817	1.5
1010	-0.336627	124.024201	268.979288	0.000425	1.4
1011	-0.345335	125.024201	267.137269	0.000528	1.8
1012	-0.360400	124.469934	268.155111	0.000438	1.6
1013	-0.379796	123.782715	269.427924	0.000206	1.4
1014	-0.343298	123.111699	270.682439	0.000413	1.7
1015	-0.369422	122.502962	271.830668	0.000488	1.6
1016	-0.336131	122.230994	272.346823	0.000378	1.5
1017	-0.391749	123.230955	270.458628	0.000774	1.6
1018	-0.367497	123.744840	269.498424	0.000370	1.8
1019	-0.374329	123.057620	270.784052	0.000227	1.6
1020	-0.351316	123.966753	269.085880	0.000628	2.0
1021	-0.323088	124.966734	267.242440	0.000538	1.7
1022	-0.347506	125.966734	265.424053	0.000639	1.7
1023	-0.371058	126.966734	263.630244	0.000470	1.9
1024	-0.346376	127.966734	261.860518	0.000505	1.7
1025	-0.360601	127.279530	263.074115	0.000287	1.9
1026	-0.386345	128.273852	261.321763	0.000278	1.9
1027	-0.340901	129.189695	259.728247	0.000197	1.8
1028	-0.384528	129.938312	258.440059	0.000788	1.7
1029	-0.345925	130.931984	256.749798	0.000853	1.6
1030	-0.385555	131.931984	255.070948	0.000304	1.3
1031	-0.368579	132.931984	253.413912	0.000436	1.6
1032	-0.342469	132.257728	254.528803	0.000870	1.4
1033	-0.361309	133.257728	252.878780	0.000693	1.4
1034	-0.373489	132.570509	254.010398	0.000314	1.5
1035	-0.362901	133.522473	252.445520	0.000305	1.6
1036	-0.361851	133.286642	252.831390	0.000326	1.4
1037	-0.329516	134.286110	251.204091	0.000351	1.4
1038	-0.350692	134.818709	250.345459	0.000347	1.5
1039	-0.385988	134.813831	250.353296	0.000505	1.6
1040	-0.341424	134.326711	251.138429	0.000724	1.6
1041	-0.353110	133.639503	252.254471	0.000630	1.8
1042	-0.357382	134.639503	250.633710	0.000694	1.7
1043	-0.388191	133.952284	251.745280	0.000751	1.7
1044	-0.355331	133.265065	252.866753	0.000548	1.8
1045	-0.331579	134.265065	251.238140	0.000700	1.7
1046	-0.377422	133.577846	252.355090	0.000566	1.8
1047	-0.361433	134.577846	250.733039	0.000470	1.6
1048	-0.370095	133.890627	251.845492	0.000447	1.7
1049	-0.372654	133.203408	252.967861	0.000248	1.6
1050	-0.371353	132.855567	253.539777	0.000562	1.8
1051	-0.363645	133.457070	252.552416	0.000198	1.7
1052	-0.352464	134.456636	250.928537	0.000415	1.7
1053	-0.356315	134.629355	250.650053	0.000555	1.7
1054	-0.349997	133.942136	251.761768	0.000582	1.9
1055	-0.367120	133.254917	252.883389	0.000557	1.5
1056	-0.355150	132.567698	254.015048	0.000199	1.7
1057	-0.363992	131.880501	255.156844	0.000171	2.1
1058	-0.367085	132.111964	254.771118	0.000975	1.8
1059	-0.375415	131.426554	255.916737	0.000502	1.6
1060	-0.362627	130.739334	257.075770	0.000213	1.4
1061	-0.355579	130.052130	258.245324	0.000577	1.3
1062	-0.360481	131.051759	256.547549	0.000376	1.5
1063	-0.316557	130.364541	257.712315	0.000482	1.8
1064	-0.366364	129.877695	258.543890	0.000229	1.7
1065	-0.361422	130.877052	256.842661	0.000408	1.5
1066	-0.379424	131.873417	255.168668	0.000652	1.5
1067	-0.368425	132.401717	254.289893	0.000678	1.4
1068	-0.386597	131.714498	255.434205	0.001043	1.5
1069	-0.349417	131.027278	256.588861	0.000835	1.9
1070	-0.353249	132.027278	254.912109	0.000451	1.9
1071	-0.365063	131.350117	256.045134	0.000288	2.0
1072	-0.367290	130.663197	257.204826	0.000257	1.8
1073	-0.363520	130.043525	258.260037	0.000526	2.0
1074	-0.357500	129.378530	259.402098	0.000669	1.9
1075	-0.387307	128.691311	260.592990	0.000534	1.8
1076	-0.353144	128.004092	261.794866	0.000433	1.6
1077	-0.374162	129.004092	260.049615	0.000237	1.8
1078	-0.388744	128.322758	261.236176	0.000286	1.4
1079	-0.351013	129.305806	259.527607	0.000324	1.7
1080	-0.346268	128.855791	260.306966	0.000488	1.8
1081	-0.352801	128.169052	261.505358	0.000699	1.8
1082	-0.353757	127.481876	262.715607	0.000515	1.8
1083	-0.360789	126.794657	263.937188	0.000523	1.6
1084	-0.347631	126.107438	265.170183	0.000688	1.3
1085	-0.364756	127.107438	263.379792	0.000499	1.3
1086	-0.330630	126.496704	264.470359	0.000405	1.9
1087	-0.383174	125.809485	265.708352	0.000289	1.7
1088	-0.368892	126.807526	263.914208	0.000418	3.1
1089	-0.372048	127.807499	262.140728	0.000320	3.3
1090	-0.361563	128.803463	260.397893	0.000638	1.8
1091	-0.371957	129.803463	258.671156	0.000405	1.6
1092	-0.399324	129.116244	259.855331	0.000311	1.8
1093	-0.341345	130.116228	258.135786	0.000371	1.6
1094	-0.364114	130.689328	257.160518	0.001033	1.4
1095	-0.383478	130.002109	258.330870	0.000582	1.4
1096	-0.348966	129.334128	259.478713	0.000517	1.9
1097	-0.346163	129.971114	258.383907	0.000444	1.5
1098	-0.355758	130.970615	256.684532	0.000438	1.7
1099	-0.361525	130.283396	257.850546	0.000462	1.4
1100	-0.382267	129.596392	259.026831	0.000436	1.8
1101	-0.379076	130.579125	257.347482	0.000458	1.8
1102	-0.355123	131.469010	255.845475	0.000243	1.8
1103	-0.325289	132.287410	254.479517	0.000569	1.5
1104	-0.379784	133.267549	252.862683	0.000484	1.5
1105	-0.357482	132.581073	253.992926	0.000369	1.4
1106	-0.389063	131.896192	255.130660	0.000455	1.8
1107	-0.388661	131.209027	256.282475	0.000454	1.5
1108	-0.369134	132.209027	254.609711	0.000493	1.3
1109	-0.375052	133.207288	252.961496	0.000334	1.4
1110	-0.363866	132.520075	254.093845	0.000650	1.6
1111	-0.355860	131.832856	255.236388	0.000770	1.6
1112	-0.375221	131.145637	256.389253	0.000358	1.3
1113	-0.346098	130.458423	257.552570	0.000653	1.3
1114	-0.390296	129.771204	258.726502	0.000342	1.5
1115	-0.365227	130.771204	257.021788	0.000449	1.5
1116	-0.374349	131.771196	255.339404	0.000270	1.3
1117	-0.356013	132.769757	253.681263	0.000151	1.6
1118	-0.367869	133.082645	253.166124	0.000603	1.5
1119	-0.377385	132.425575	254.250351	0.000289	1.4
1120	-0.379472	132.063057	254.852523	0.000248	1.5
1121	-0.366767	133.026676	253.258119	0.000489	1.7
1122	-0.349994	132.638688	253.897678	0.000265	1.4
1123	-0.352006	132.078267	254.827200	0.000576	1.5
1124	-0.378449	131.391051	255.976358	0.000263	1.4
1125	-0.328751	130.703832	257.135932	0.000464	1.4
1126	-0.374193	131.674622	255.500919	0.000646	1.7
1127	-0.334807	130.987402	256.656181	0.000338	1.4
1128	-0.350177	130.300689	257.821074	0.000532	1.5
1129	-0.369601	131.300072	256.129269	0.000585	1.4
1130	-0.348999	130.612853	257.290232	0.000555	1.5
1131	-0.353519	129.925634	258.461768	0.000461	1.6
1132	-0.386778	130.882102	256.834122	0.000440	1.8
1133	-0.375596	130.194883	258.001498	0.000731	1.6
1134	-0.368602	129.619673	258.986793	0.000650	1.5
1135	-0.344571	128.932454	260.173865	0.000565	1.6
1136	-0.372199	129.901972	258.502296	0.000392	1.7
1137	-0.352225	129.214753	259.684921	0.000331	1.5
1138	-0.351953	130.212276	257.971821	0.000289	1.3
1139	-0.385506	129.525350	259.149081	0.000257	1.3
1140	-0.347436	130.034185	258.276006	0.000515	1.5
1141	-0.349718	129.494523	259.202166	0.000303	1.6
1142	-0.363111	128.807699	260.390530	0.000684	2.3
1143	-0.378085	128.120514	261.590476	0.000409	1.5
1144	-0.349562	129.120514	259.847940	0.000547	1.4
1145	-0.350019	128.433317	261.042898	0.000217	1.3
1146	-0.359971	127.746400	262.248406	0.000301	1.5
1147	-0.367799	128.457512	261.000639	0.000539	1.4
1148	-0.378678	127.770295	262.206283	0.000178	1.4
1149	-0.365364	128.729876	260.525870	0.000352	1.7
1150	-0.328879	128.055284	261.704954	0.000468	1.6
1151	-0.379909	127.368066	262.917131	0.000368	3.4
1152	-0.352768	128.350163	261.188239	0.000796	2.4
1153	-0.349554	129.350163	259.451040	0.000426	1.4
1154	-0.348009	130.329681	257.771681	0.000402	1.4
1155	-0.371296	131.246293	256.219744	0.000607	1.5
1156	-0.344746	132.246293	254.547797	0.000324	1.7
1157	-0.382231	131.559074	255.694435	0.001030	1.7
1158	-0.376303	130.871859	256.851443	0.000711	1.7
1159	-0.345071	131.871859	255.171268	0.000372	1.9
1160	-0.360671	131.184640	256.323543	0.000299	1.9
1161	-0.363150	132.179709	254.658442	0.000257	1.5
1162	-0.379601	133.079562	253.171191	0.000242	1.6
1163	-0.324676	132.607075	253.949932	0.000338	1.4
1164	-0.359399	132.468159	254.179802	0.000214	1.3
1165	-0.349068	132.279590	254.492501	0.000512	1.3
1166	-0.363521	133.278259	252.845129	0.000135	1.3
1167	-0.368882	134.261581	251.243779	0.000416	1.6
1168	-0.385259	135.145076	249.822199	0.000334	1.7
1169	-0.352432	136.145067	248.232458	0.000590	1.6
1170	-0.381052	137.145067	246.662808	0.001002	1.5
1171	-0.341823	136.457848	247.739359	0.000429	1.7
1172	-0.340215	135.788264	248.797361	0.000480	1.5
1173	-0.388140	135.791728	248.791863	0.000923	1.3
1174	-0.350979	136.791728	247.215153	0.000575	1.3
1175	-0.391808	136.104509	248.296541	0.000253	1.6
1176	-0.351956	135.965350	248.516671	0.000264	1.5
1177	-0.346626	136.775018	247.241336	0.000465	1.2
1178	-0.359945	136.093743	248.313558	0.000573	1.3
1179	-0.376656	137.093722	246.742917	0.000392	2.0
1180	-0.354152	136.406530	247.820127	0.000499	2.1
1181	-0.368397	137.349385	246.344539	0.000604	1.2
1182	-0.385558	136.662166	247.418307	0.000662	1.2
1183	-0.368659	137.662166	245.858904	0.000586	1.3
1184	-0.381121	137.035989	246.833057	0.000085	1.3
1185	-0.374055	137.169728	246.624350	0.000482	1.4
1186	-0.368010	137.993003	245.347313	0.000564	1.8
1187	-0.365274	138.992996	243.813837	0.000556	1.4
1188	-0.382957	138.305777	244.865610	0.000419	1.4
1189	-0.347711	137.618558	245.926497	0.000460	1.3
1190	-0.381566	138.618557	244.385784	0.000477	1.4
1191	-0.365487	138.962624	243.860130	0.000333	1.5
1192	-0.379614	138.275410	244.912294	0.000705	1.3
1193	-0.336242	139.275410	243.384223	0.000460	1.5
1194	-0.360610	139.589564	242.908103	0.000178	1.4
1195	-0.360275	138.905429	243.947354	0.000416	1.3
1196	-0.394015	139.662773	242.797417	0.000526	1.3
1197	-0.377023	138.988422	243.820807	0.000451	1.3
1198	-0.348201	139.987939	242.307010	0.000203	1.3
1199	-0.370828	140.030016	242.243695	0.000443	1.8
1200	-0.368142	139.343622	243.280685	0.000265	1.5
1201	-0.355204	140.122414	242.104778	0.000225	1.2
1202	-0.368356	139.446746	243.124321	0.000306	1.7
1203	-0.349402	140.444467	241.621822	0.000159	1.3
1204	-0.344725	140.599131	241.390569	0.000474	1.3
1205	-0.355700	141.021129	240.761847	0.000457	1.4
1206	-0.376925	140.333910	241.787398	0.000508	1.4
1207	-0.391891	139.646690	242.821723	0.000656	1.3
1208	-0.381202	140.646690	241.319547	0.000534	1.6
1209	-0.355950	139.962437	242.345400	0.000189	1.4
1210	-0.367338	140.499907	241.538878	0.000507	1.9
1211	-0.344144	139.813039	242.570543	0.000266	1.5
1212	-0.356987	140.577672	241.422628	0.000404	1.6
1213	-0.369329	140.042020	242.225639	0.000401	1.5
1214	-0.371917	141.041549	240.731506	0.000491	1.2
1215	-0.358206	142.041545	239.255008	0.000200	1.3
1216	-0.378792	141.447268	240.130269	0.000471	1.4
1217	-0.352864	140.806350	241.081430	0.000389	1.4
1218	-0.355710	141.604375	239.898258	0.000482	1.6
1219	-0.366441	140.917157	240.916447	0.000588	1.5
1220	-0.376406	141.917156	239.437682	0.000553	1.4
1221	-0.341242	142.917083	237.977064	0.000556	1.3
1222	-0.341981	143.917083	236.534054	0.000696	1.3
1223	-0.351279	144.860912	235.188060	0.000386	1.3
1224	-0.359374	145.806163	233.855306	0.000528	1.6
1225	-0.372817	146.802742	232.466441	0.000216	1.5
1226	-0.373283	147.799345	231.093943	0.000274	1.5
1227	-0.375218	148.646409	229.940065	0.000606	1.4
1228	-0.338476	149.646408	228.592600	0.000284	1.6
1229	-0.371952	150.645036	227.262653	0.000661	1.4
1230	-0.376186	149.957817	228.176207	0.000758	1.3
1231	-0.385085	150.957803	226.849293	0.000378	1.3
1232	-0.377879	151.149806	226.596283	0.000268	1.4
1233	-0.349174	150.473356	227.490189	0.000341	1.4
1234	-0.375432	151.471970	226.173019	0.000613	1.2
1235	-0.380602	150.784756	227.077810	0.000632	1.5
1236	-0.351669	150.097543	227.989868	0.000278	1.4
1237	-0.371126	151.097223	226.665518	0.000745	1.4
1238	-0.374020	152.097223	225.356049	0.000713	1.4
1239	-0.360377	151.410004	226.254309	0.000635	1.6
1240	-0.360653	150.722785	227.159758	0.000282	1.5
1241	-0.334725	151.303087	226.394703	0.000358	1.3
1242	-0.361004	151.823466	225.713019	0.000603	1.6
1243	-0.378930	151.698309	225.876596	0.000432	1.3
1244	-0.339947	151.011090	226.779019	0.000278	1.4
1245	-0.382472	150.337575	227.670470	0.000628	1.7
1246	-0.355733	151.337206	226.349881	0.000662	1.6
1247	-0.373826	150.650099	227.255949	0.000627	1.5
1248	-0.358061	151.650099	225.939669	0.000463	1.5
1249	-0.346823	151.178832	226.558083	0.000354	1.4
1250	-0.372314	151.844076	225.686104	0.000453	1.7
1251	-0.361644	152.844076	224.387895	0.000377	1.5
1252	-0.361548	153.844006	223.104624	0.000327	1.6
1253	-0.358276	153.156788	223.984989	0.000396	1.7
1254	-0.366172	152.859500	224.367988	0.000764	1.4
1255	-0.374101	153.859500	223.084855	0.000838	1.3
1256	-0.340011	153.172281	223.965065	0.000544	1.3
1257	-0.354528	152.485062	224.852249	0.000438	1.5
1258	-0.361889	153.485062	223.563587	0.000387	1.8
1259	-0.378667	152.800814	224.443748	0.000161	1.6
1260	-0.353666	152.457740	224.887666	0.000175	1.3
1261	-0.381109	152.974926	224.219128	0.000597	1.5
1262	-0.345572	153.914261	223.015013	0.000430	1.6
1263	-0.341040	154.914261	221.747265	0.000153	1.4
1264	-0.346750	155.900803	220.510623	0.000479	1.3
1265	-0.386317	155.254060	221.319760	0.000567	1.5
1266	-0.359907	154.566841	222.186069	0.000578	1.4
1267	-0.338683	155.566826	220.927719	0.000171	1.3
1268	-0.372867	155.741045	220.709945	0.000235	1.5
1269	-0.363311	155.883939	220.531646	0.000383	1.4
1270	-0.373475	156.820741	219.369833	0.000525	1.5
1271	-0.381780	157.820740	218.143076	0.000504	1.3
1272	-0.388925	157.133539	218.984625	0.000439	1.6
1273	-0.350766	158.133533	217.762166	0.000593	1.3
1274	-0.354441	157.446314	218.600796	0.000485	1.3
1275	-0.308898	156.929337	219.235944	0.000455	1.3
1276	-0.389468	156.242118	220.085985	0.000518	1.3
1277	-0.352481	157.242118	218.851227	0.000418	1.6
1278	-0.379287	158.238660	217.634445	0.000209	1.4
1279	-0.357815	159.235590	216.430652	0.000453	1.5
1280	-0.367350	158.551689	217.255022	0.000226	1.5
1281	-0.348700	159.075975	216.622491	0.000521	1.5
1282	-0.347410	159.099425	216.594285	0.000765	1.3
1283	-0.369076	160.099425	215.398288	0.000490	1.3
1284	-0.371553	161.099425	214.215427	0.000499	1.3
1285	-0.350065	160.412206	215.026910	0.000281	1.3
1286	-0.367064	161.246182	214.042926	0.000668	1.3
1287	-0.374453	160.558964	214.853100	0.000456	1.4
1288	-0.373829	159.871744	215.669431	0.000286	1.4
1289	-0.363427	159.184708	216.491769	0.000479	1.4
1290	-0.367579	158.530643	217.280490	0.000551	1.3
1291	-0.384891	157.843424	218.115407	0.000299	1.6
1292	-0.386093	157.156206	218.956763	0.000486	1.6
1293	-0.348036	158.156205	217.734608	0.000074	1.6
1294	-0.367190	157.731978	218.251410	0.000501	1.4
1295	-0.372842	157.152522	218.961291	0.000711	1.4
1296	-0.345522	156.465302	219.809200	0.000460	1.4
1297	-0.352747	155.778150	220.663618	0.000459	1.4
1298	-0.365421	156.778150	219.422388	0.000474	1.3
1299	-0.385734	157.778079	218.195131	0.000504	1.5
1300	-0.353781	158.778079	216.981439	0.000502	1.4
1301	-0.349429	158.090859	217.814054	0.000303	1.3
1302	-0.369464	158.814511	216.937477	0.000665	1.7
1303	-0.346843	158.127478	217.769527	0.000377	1.4
1304	-0.358808	157.440259	218.608213	0.000330	1.3
1305	-0.362805	158.440151	217.390066	0.000399	1.3
1306	-0.366887	157.756064	218.222002	0.000628	1.6
1307	-0.369479	158.756064	217.008012	0.000309	1.8
1308	-0.348303	158.068846	217.840830	0.000364	1.4
1309	-0.373012	157.392751	218.666431	0.000343	1.3
1310	-0.350969	156.707504	219.509617	0.000244	1.3
1311	-0.363048	156.224069	220.108400	0.000677	1.3
1312	-0.357772	157.224068	218.873391	0.000623	1.4
1313	-0.356392	156.536849	219.720618	0.000632	1.8
1314	-0.360133	155.849630	220.574429	0.000180	1.5
1315	-0.365390	155.173429	221.421053	0.000513	1.4
1316	-0.367650	154.560276	222.194377	0.000443	1.3
1317	-0.370772	155.038382	221.590915	0.000280	1.3
1318	-0.387457	154.927058	221.731134	0.000155	1.3
1319	-0.342682	155.701945	220.758782	0.000663	1.4
1320	-0.341376	156.467166	219.806891	0.000587	1.5
1321	-0.340045	157.467166	218.575254	0.000699	1.4
1322	-0.368429	158.467163	217.357345	0.000332	1.4
1323	-0.367374	157.779944	218.192854	0.000443	1.4
1324	-0.319303	157.092728	219.034806	0.000632	1.3
1325	-0.360005	158.092728	217.811782	0.000373	1.4
1326	-0.367846	157.720205	218.265787	0.000145	1.3
1327	-0.356229	157.730209	218.253570	0.000458	1.5
1328	-0.374282	158.686514	217.092008	0.000444	1.3
1329	-0.363167	158.001500	217.922790	0.000794	1.3
1330	-0.367377	157.314548	218.762331	0.000322	1.3
1331	-0.368006	156.627329	219.608696	0.000436	1.4
1332	-0.344735	157.625510	218.381496	0.000733	1.6
1333	-0.342272	156.938291	219.224912	0.000474	1.4
1334	-0.355793	157.938291	217.999769	0.000149	1.4
1335	-0.361886	158.914298	216.817155	0.000376	1.3
1336	-0.311688	159.424278	216.204308	0.000737	1.4
1337	-0.377443	158.737059	217.030958	0.000437	1.4
1338	-0.385789	158.049840	217.863954	0.000843	1.3
1339	-0.346844	159.049840	216.653934	0.000189	1.3
1340	-0.353176	158.452804	217.374737	0.000500	1.4
1341	-0.339295	159.408490	216.223228	0.000347	1.5
1342	-0.335399	158.721334	217.049948	0.000412	1.5
1343	-0.394937	159.631088	215.956769	0.000608	1.4
1344	-0.349486	158.943869	216.781524	0.000383	1.4
1345	-0.355782	158.256650	217.612603	0.000317	1.6
1346	-0.362667	157.569439	218.450069	0.000683	1.6
1347	-0.364616	158.568515	217.234665	0.000412	1.6
1348	-0.394104	157.881296	218.069229	0.000797	1.5
1349	-0.367562	157.194079	218.910226	0.000791	1.3
1350	-0.340220	156.506860	219.757739	0.000598	1.3
1351	-0.368358	155.842109	220.583810	0.000494	1.3
1352	-0.349925	155.155018	221.444195	0.000634	1.3
1353	-0.391934	156.154927	220.194305	0.000292	1.6
1354	-0.358957	155.467711	221.051806	0.000714	1.5
1355	-0.391711	156.467652	219.806290	0.000856	1.7
1356	-0.359633	157.467652	218.574659	0.000198	1.7
1357	-0.376920	158.467638	217.356770	0.000806	1.6
1358	-0.375463	157.780420	218.192273	0.000313	1.9
1359	-0.345451	158.780420	216.978614	0.000207	1.9
1360	-0.363514	159.765223	215.796520	0.000496	1.8
1361	-0.369509	159.079874	216.617800	0.000269	2.0
1362	-0.363834	160.056387	215.449490	0.000141	1.6
1363	-0.348475	159.512161	216.099048	0.000584	1.6
1364	-0.374020	158.832669	216.915571	0.000540	1.9
1365	-0.360828	159.832664	215.716040	0.000602	1.6
1366	-0.367253	159.145445	216.538954	0.000431	1.6
1367	-0.364703	158.458226	217.368170	0.000410	1.7
1368	-0.375378	159.289477	216.365962	0.000470	1.5
1369	-0.348801	158.653877	217.131447	0.000507	1.7
1370	-0.364697	159.652596	215.931058	0.000264	1.8
1371	-0.337924	160.651675	214.743443	0.000465	1.7
1372	-0.363414	161.563693	213.670668	0.000225	1.5
1373	-0.353166	161.257788	214.029297	0.000264	1.5
1374	-0.368581	161.749435	213.453498	0.000368	1.4
1375	-0.363036	162.709735	212.337720	0.000747	1.4
1376	-0.369823	162.023326	213.134070	0.000417	1.4
1377	-0.362424	161.336106	213.937365	0.000331	1.6
1378	-0.371957	162.336074	212.770489	0.000183	1.6
1379	-0.346118	163.241392	211.724987	0.000683	1.5
1380	-0.381545	164.183849	210.647453	0.000378	1.5
1381	-0.373216	163.496630	211.432079	0.000521	1.6
1382	-0.344310	162.809682	212.222260	0.000208	1.6
1383	-0.361773	162.122745	213.018357	0.000325	1.8
1384	-0.330323	162.624020	212.436837	0.000424	1.5
1385	-0.362719	163.620035	211.290753	0.000455	1.6
1386	-0.375152	162.932927	212.080060	0.000526	1.5
1387	-0.341217	162.245885	212.875209	0.000285	1.5
1388	-0.376395	163.245569	211.720186	0.000554	1.5
1389	-0.355740	162.558351	212.512838	0.000411	1.5
1390	-0.389703	163.541540	211.380626	0.000362	1.4
1391	-0.346753	162.854329	212.170725	0.000704	1.2
1392	-0.327310	163.854329	211.022952	0.000295	1.3
1393	-0.369588	164.854182	209.887696	0.000401	1.5
1394	-0.367065	164.924843	209.807929	0.000190	1.3
1395	-0.365518	165.860435	208.757441	0.000312	1.3
1396	-0.371416	166.763261	207.753668	0.000749	1.4
1397	-0.397452	166.076042	208.516846	0.000285	1.2
1398	-0.389909	166.772100	207.743888	0.000475	1.7
1399	-0.363031	166.093760	208.497099	0.000222	1.6
1400	-0.356957	167.093645	207.388751	0.000209	1.6
1401	-0.361398	166.725671	207.795268	0.000133	1.4
1402	-0.331614	167.574622	206.859787	0.000496	1.4
1403	-0.363944	167.019970	207.470016	0.000390	1.7
1404	-0.338544	168.004921	206.388839	0.000511	1.5
1405	-0.359015	167.317725	207.141978	0.000439	1.6
1406	-0.366773	166.631325	207.899753	0.000399	1.6
1407	-0.359480	165.944109	208.664003	0.000385	1.3
1408	-0.356555	165.452350	209.214345	0.000541	1.3
1409	-0.358570	166.437669	208.114551	0.000416	1.7
1410	-0.362309	167.290466	207.171967	0.000414	1.4
1411	-0.383096	168.290341	206.077637	0.000481	1.3
1412	-0.360918	167.604984	206.826487	0.000561	1.4
1413	-0.371264	166.917842	207.582770	0.000348	1.9
1414	-0.363105	167.646762	206.780682	0.000382	1.7
1415	-0.385599	166.960265	207.535918	0.000119	1.5
1416	-0.353530	167.191592	207.280813	0.000492	1.4
1417	-0.364931	168.072959	206.314570	0.000510	2.1
1418	-0.344499	167.512069	206.928429	0.000166	1.8
1419	-0.359997	167.902769	206.500447	0.000339	1.8
1420	-0.371047	167.930410	206.470236	0.000555	1.4
1421	-0.356250	167.243193	207.223993	0.000549	1.8
1422	-0.351432	168.243193	206.128979	0.000502	1.5
1423	-0.369029	167.555974	206.880246	0.000529	1.3
1424	-0.333298	166.868898	207.636850	0.000839	1.3
1425	-0.369802	166.183778	208.396831	0.000323	1.4
1426	-0.347656	167.183778	207.289420	0.000418	1.2
1427	-0.373143	167.920772	206.480768	0.001002	1.8
1428	-0.373681	168.904324	205.411364	0.000177	1.5
1429	-0.356299	169.904324	204.335373	0.000316	1.4
1430	-0.375858	169.228853	205.060934	0.000323	1.8
1431	-0.367742	168.548953	205.796474	0.000230	1.5
1432	-0.353948	169.529049	204.737841	0.000488	1.8
1433	-0.345208	168.957238	205.354145	0.000241	1.7
1434	-0.369872	168.272472	206.097092	0.000457	1.3
1435	-0.362547	167.585564	206.847785	0.000300	1.6
1436	-0.351475	168.585541	205.756758	0.000693	1.6
1437	-0.383448	169.585541	204.677155	0.000440	1.6
1438	-0.349109	170.585541	203.608822	0.000261	1.7
1439	-0.367806	171.585435	202.551695	0.000549	1.8
1440	-0.366607	171.893039	202.228688	0.000381	1.7
1441	-0.350543	172.893021	201.185716	0.000469	1.7
1442	-0.363835	173.893021	200.153428	0.000609	1.5
1443	-0.358209	174.753274	199.273838	0.000264	1.6
1444	-0.335820	175.225191	198.794589	0.000414	1.6
1445	-0.388675	176.224822	197.787002	0.000466	1.8
1446	-0.334594	177.224820	196.789213	0.000674	1.5
1447	-0.348795	176.537601	197.473828	0.000251	1.7
1448	-0.334650	177.513755	196.502788	0.000245	1.9
1449	-0.360592	178.115437	195.909000	0.000657	1.7
1450	-0.368610	179.053401	194.990467	0.000377	1.3
1451	-0.328167	180.053401	194.020623	0.000573	1.7
1452	-0.361998	181.053401	193.060379	0.000629	1.7
1453	-0.382973	182.053401	192.109593	0.000350	1.6
1454	-0.333004	183.053401	191.168126	0.000487	1.8
1455	-0.368434	182.930667	191.283179	0.000336	1.5
1456	-0.365490	182.243463	191.929942	0.000359	1.5
1457	-0.372425	183.243202	190.990475	0.000754	1.7
1458	-0.373109	184.243202	190.059918	0.000521	1.6
1459	-0.395684	183.555983	190.698437	0.000321	1.9
1460	-0.342706	184.555901	189.770792	0.000443	1.4
1461	-0.356168	185.555898	188.852057	0.000814	1.7
1462	-0.373911	185.387089	189.006524	0.000311	1.6
1463	-0.349950	186.262028	188.208648	0.000280	1.6
1464	-0.362524	185.576631	188.833103	0.000236	1.8
1465	-0.363138	184.899665	189.453956	0.000420	1.7
1466	-0.376735	185.875157	188.560612	0.000463	1.7
1467	-0.373008	186.875156	187.653527	0.000333	1.6
1468	-0.366651	186.201786	188.263369	0.000349	1.8
1469	-0.385082	186.048224	188.402998	0.000347	1.7
1470	-0.381485	185.361660	189.029814	0.000449	1.4
1471	-0.342270	186.361629	188.118248	0.000321	1.6
1472	-0.358659	185.675062	188.743169	0.000360	1.7
1473	-0.373686	186.674414	187.834916	0.000809	1.4
1474	-0.395610	185.987195	188.458548	0.000350	1.4
1475	-0.323773	185.299976	189.086334	0.000720	1.4
1476	-0.340460	184.612757	189.718317	0.000469	1.5
1477	-0.370093	185.612756	188.800087	0.000337	1.3
1478	-0.353686	184.925536	189.430154	0.000862	1.5
1479	-0.347709	184.238320	190.064439	0.000850	1.5
1480	-0.367788	185.238320	189.142862	0.000509	1.6
1481	-0.367871	184.551101	189.775224	0.000513	1.6
1482	-0.379076	183.863893	190.411818	0.000585	1.7
1483	-0.368504	183.176882	191.052512	0.000730	1.4
1484	-0.353001	182.489663	191.697729	0.000825	1.4
1485	-0.341805	181.802444	192.347318	0.000415	1.3
1486	-0.356486	181.115225	193.001325	0.000619	1.3
1487	-0.362466	180.428006	193.659795	0.000670	1.4
1488	-0.381626	181.427937	192.703175	0.000679	1.6
1489	-0.344891	182.427937	191.755896	0.000176	1.3
1490	-0.340878	182.959075	191.256536	0.000204	1.5
1491	-0.370414	183.224587	191.007884	0.000261	1.5
1492	-0.379998	184.107086	190.186049	0.000650	1.3
1493	-0.359939	183.420911	190.824442	0.000646	1.4
1494	-0.353046	182.733692	191.468117	0.000526	1.9
1495	-0.370919	183.733691	190.532911	0.000164	1.3
1496	-0.351064	184.726578	189.613353	0.000343	1.3
1497	-0.340752	185.693504	188.726328	0.000349	1.3
1498	-0.368754	185.007533	189.354756	0.000452	1.8
1499	-0.360788	184.320585	189.988287	0.000543	1.4
1500	-0.378083	185.234840	189.146054	0.000366	1.4
1501	-0.374298	186.234472	188.233675	0.000511	1.7
1502	-0.372130	187.233571	187.330535	0.000201	1.4
1503	-0.357373	186.700913	187.810952	0.000572	1.6
1504	-0.372863	186.976696	187.561910	0.000161	1.3
1505	-0.363022	186.289704	188.183520	0.000574	1.7
1506	-0.366386	185.602644	188.809327	0.000657	1.5
1507	-0.370611	186.076064	188.377668	0.000576	1.3
1508	-0.348352	185.388845	189.004915	0.000345	1.3
1509	-0.364195	184.701626	189.636353	0.000374	1.5
1510	-0.332207	185.621710	188.791904	0.000543	1.6
1511	-0.357605	186.388450	188.093919	0.000520	2.3
1512	-0.341425	185.726490	188.696215	0.000295	1.8
1513	-0.364079	185.039279	189.325581	0.000592	1.7
1514	-0.328279	186.039279	188.411138	0.000423	1.3
1515	-0.390488	185.352059	189.038609	0.000917	1.3
1516	-0.343490	186.350643	188.128214	0.000480	1.3
1517	-0.368862	187.350643	187.225274	0.000259	1.4
1518	-0.354679	188.350510	186.331078	0.000315	1.3
1519	-0.389802	187.669522	186.939165	0.000779	1.6
1520	-0.347296	186.982303	187.556853	0.000845	1.4
1521	-0.369665	187.982297	186.659381	0.000617	1.2
1522	-0.346868	188.982297	185.770452	0.000570	1.3
1523	-0.347897	189.982297	184.889949	0.000252	1.3
1524	-0.351592	190.977439	184.021971	0.000830	1.3
1525	-0.355308	191.977331	183.158020	0.000302	1.3
1526	-0.362955	192.925673	182.346072	0.000516	1.2
1527	-0.340488	192.238942	182.933313	0.000490	1.6
1528	-0.368670	191.551723	183.524770	0.000856	1.3
1529	-0.350618	192.551254	182.665779	0.000513	1.2
1530	-0.374684	193.551254	181.814393	0.000542	1.4
1531	-0.348851	192.864035	182.398626	0.000492	1.3
1532	-0.374684	192.176818	182.986623	0.000734	1.6
1533	-0.344706	193.176818	182.132252	0.000739	1.6
1534	-0.331443	192.489599	182.718532	0.000561	1.6
1535	-0.343775	191.802382	183.308598	0.000354	1.3
1536	-0.354125	191.115164	183.902487	0.000197	1.3
1537	-0.362998	191.856456	183.262030	0.000228	1.3
1538	-0.353936	192.489877	182.718294	0.000280	1.6
1539	-0.370904	193.429435	181.917684	0.000354	1.7
1540	-0.350313	194.428548	181.073987	0.000276	1.9
1541	-0.353721	195.259489	180.378241	0.000332	1.6
1542	-0.357128	196.231153	179.571418	0.000320	1.6
1543	-0.367722	197.048871	178.897997	0.000488	1.9
1544	-0.371902	196.361652	179.463608	0.000653	1.9
1545	-0.375780	197.361652	178.641743	0.000488	1.5
1546	-0.347804	198.355179	177.832620	0.000344	1.4
1547	-0.356957	197.672186	178.388056	0.000409	1.3
1548	-0.348366	198.671753	177.576341	0.000361	1.4
1549	-0.364660	197.985878	178.132519	0.000331	1.4
1550	-0.356733	197.298715	178.693247	0.000421	1.7
1551	-0.374183	196.611716	179.257381	0.000312	1.3
1552	-0.364889	195.930067	179.820652	0.000513	1.4
1553	-0.375405	195.242849	180.392121	0.000388	1.5
1554	-0.349295	194.568599	180.956347	0.000549	1.4
1555	-0.364415	195.566938	180.122167	0.000405	1.5
1556	-0.376972	194.879719	180.695557	0.000461	1.4
1557	-0.347360	195.879340	179.862712	0.000424	1.3
1558	-0.374160	195.192122	180.434448	0.000233	1.3
1559	-0.366513	196.191748	179.603998	0.000305	1.7
1560	-0.359391	195.660215	180.044620	0.000370	1.4
1561	-0.355341	194.994947	180.599161	0.000373	1.7
1562	-0.364878	194.307733	181.175593	0.000791	1.6
1563	-0.386146	193.963298	181.465890	0.000767	1.8
1564	-0.363056	194.963298	180.625627	0.000623	1.4
1565	-0.372730	195.917870	179.830763	0.000308	1.7
1566	-0.381967	196.917870	179.005541	0.000603	1.6
1567	-0.347341	197.917370	178.188264	0.000549	1.4
1568	-0.327822	197.230151	178.749389	0.000609	1.3
1569	-0.384981	198.230151	177.934039	0.000569	1.3
1570	-0.344336	199.230151	177.126093	0.000549	1.4
1571	-0.354192	198.542932	177.680538	0.000272	1.8
1572	-0.365605	199.542809	176.874986	0.000582	1.5
1573	-0.388619	200.542603	176.076771	0.000431	1.4
1574	-0.352520	201.542603	175.285566	0.000356	1.3
1575	-0.389661	202.542602	174.501441	0.000817	1.3
1576	-0.349882	201.855382	175.039551	0.000463	1.4
1577	-0.372701	201.168163	175.580991	0.000640	1.5
1578	-0.361840	200.496352	176.113538	0.000369	1.4
1579	-0.355660	201.496352	175.322003	0.000293	1.4
1580	-0.384956	202.416177	174.600186	0.000668	1.4
1581	-0.387119	201.728970	175.138897	0.000839	1.5
1582	-0.380421	202.728970	174.356080	0.000469	1.3
1583	-0.366367	203.728970	173.580230	0.000547	1.6
1584	-0.349292	204.728970	172.811253	0.000477	1.7
1585	-0.373599	205.707379	172.065446	0.000449	1.9
1586	-0.360664	206.707328	171.309842	0.000431	1.7
1587	-0.361698	206.020108	171.828419	0.000588	1.9
1588	-0.392386	207.019988	171.074942	0.000514	1.5
1589	-0.353032	206.332769	171.592095	0.000306	1.7
1590	-0.344852	205.718862	172.056731	0.000282	1.4
1591	-0.373220	205.880423	171.934210	0.000410	1.6
1592	-0.371230	206.879765	171.180211	0.000437	1.4
1593	-0.375619	207.879748	170.432319	0.000493	1.4
1594	-0.366436	208.879747	169.690922	0.000674	1.5
1595	-0.370460	209.879746	168.955948	0.000439	1.4
1596	-0.355049	209.192526	169.460350	0.000317	1.3
1597	-0.388482	210.192183	168.727617	0.000574	1.7
1598	-0.346201	211.192175	168.000951	0.000196	1.7
1599	-0.362196	211.754093	167.595361	0.000265	1.4
1600	-0.348738	211.636854	167.679822	0.000766	1.5
1601	-0.334283	212.252456	167.237280	0.000607	1.7
1602	-0.374766	213.252277	166.523488	0.000266	1.8
1603	-0.372371	214.250819	165.816665	0.000790	1.9
1604	-0.380338	214.342379	165.752154	0.000222	1.7
1605	-0.352628	215.148972	165.186009	0.000495	1.6
1606	-0.368061	215.843118	164.701877	0.000512	1.4
1607	-0.372332	216.843118	164.009396	0.000569	1.5
1608	-0.361389	217.777848	163.367358	0.000333	1.6
1609	-0.354504	218.777848	162.686030	0.000400	1.4
1610	-0.376896	218.209624	163.072478	0.000392	1.4
1611	-0.381209	217.522405	163.542315	0.000288	1.7
1612	-0.370984	216.892644	163.975252	0.000384	1.3
1613	-0.365336	216.206666	164.449452	0.000429	1.4
1614	-0.363759	217.204022	163.760905	0.000577	1.4
1615	-0.340445	216.516803	164.234723	0.000564	1.5
1616	-0.357675	216.585708	164.187090	0.000570	1.8
1617	-0.360431	217.585708	163.498922	0.000604	1.7
1618	-0.337158	216.899469	163.970548	0.000379	1.8
1619	-0.368684	217.898491	163.284858	0.000358	1.4
1620	-0.369413	217.241240	163.735322	0.000381	1.5
1621	-0.351726	218.241199	163.050956	0.000239	1.9
1622	-0.348402	217.554259	163.520477	0.000886	1.7
1623	-0.377772	218.554256	162.837876	0.000686	1.6
1624	-0.381150	219.554256	162.160948	0.000774	1.3
1625	-0.347428	220.481090	161.538555	0.000308	1.4
1626	-0.352675	221.481074	160.872375	0.000198	1.5
1627	-0.408228	221.522481	160.844908	0.000511	1.4
1628	-0.365190	222.446460	160.234436	0.000735	1.6
1629	-0.352361	223.446397	159.578978	0.000440	1.7
1630	-0.363076	224.446397	158.928819	0.000669	1.7
1631	-0.352981	225.304064	158.375406	0.000654	1.5
1632	-0.357876	224.620301	158.816295	0.000361	1.6
1633	-0.362058	223.933082	159.261892	0.000493	1.3
1634	-0.367552	224.688341	158.772313	0.000891	1.4
1635	-0.367086	225.688309	158.128718	0.000300	1.7
1636	-0.387565	225.001090	158.570461	0.000422	1.7
1637	-0.359646	224.313888	159.014667	0.000546	1.3
1638	-0.357208	225.310040	158.371564	0.000255	1.4
1639	-0.348016	226.309835	157.731318	0.000375	1.7
1640	-0.354249	227.266590	157.123462	0.000543	1.6
1641	-0.352281	228.266315	156.493292	0.000452	1.5
1642	-0.337042	227.579096	156.925931	0.000539	1.3
1643	-0.359624	228.569036	156.303469	0.000410	1.3
1644	-0.334286	227.900936	156.723019	0.000375	1.3
1645	-0.355707	227.214059	157.156715	0.000271	1.6
1646	-0.346205	226.568095	157.566775	0.000887	1.4
1647	-0.383177	225.880909	158.005357	0.000620	1.5
1648	-0.374350	225.193690	158.446409	0.000382	1.3
1649	-0.383541	226.193690	157.805429	0.000512	1.2
1650	-0.340630	225.507859	158.244473	0.000644	1.5
1651	-0.393445	226.382183	157.685188	0.000142	1.7
1652	-0.369559	227.376780	157.053756	0.000465	1.5
1653	-0.347689	227.804047	156.784050	0.000387	1.6
1654	-0.377513	228.801930	156.157746	0.000266	1.5
1655	-0.395047	228.164265	156.557387	0.000355	1.5
1656	-0.347577	227.477682	156.989980	0.000417	1.5
1657	-0.346370	228.295371	156.475052	0.000180	1.7
1658	-0.357126	229.211595	155.902073	0.000609	1.5
1659	-0.369242	230.209904	155.282517	0.000687	1.5
1660	-0.357377	231.209904	154.666830	0.000447	1.5
1661	-0.363896	230.522684	155.089416	0.000407	2.0
1662	-0.355316	229.835642	155.514208	0.000619	1.6
1663	-0.385257	230.835642	154.896685	0.000485	1.7
1664	-0.353039	230.148423	155.320530	0.000673	1.8
1665	-0.355285	231.148416	154.704546	0.000589	1.9
1666	-0.371916	230.461196	155.127339	0.000438	1.4
1667	-0.328952	229.773977	155.552449	0.000669	1.3
1668	-0.389536	229.086767	155.979889	0.000607	1.4
1669	-0.362201	228.399548	156.409691	0.000221	1.4
1670	-0.372656	227.712564	156.841719	0.000442	1.4
1671	-0.356159	227.040744	157.266527	0.000982	1.4
1672	-0.341910	226.353530	157.703455	0.000228	1.4
1673	-0.338033	227.353530	157.068459	0.000233	1.4
1674	-0.371931	226.701398	157.481978	0.000492	1.4
1675	-0.362737	226.927506	157.338356	0.000353	1.3
1676	-0.351008	227.538166	156.951775	0.000328	1.3
1677	-0.351662	226.850971	157.386941	0.000247	1.3
1678	-0.358976	226.904770	157.352786	0.000821	1.4
1679	-0.350991	226.304608	157.734652	0.000233	1.6
1680	-0.369712	225.617390	158.174191	0.000535	1.4
1681	-0.336977	224.934317	158.613514	0.000722	1.5
1682	-0.333747	224.247097	159.057973	0.000453	1.5
1683	-0.329747	223.559878	159.504930	0.000511	1.5
1684	-0.389311	224.559231	158.855793	0.000708	1.5
1685	-0.370735	224.272877	159.041255	0.000345	1.4
1686	-0.362816	225.272862	158.395472	0.000488	1.5
1687	-0.391368	226.271002	157.756089	0.000460	1.3
1688	-0.373266	227.259900	157.127696	0.000677	1.5
1689	-0.365529	228.259900	156.497319	0.000294	1.4
1690	-0.368504	229.217591	155.898337	0.000609	1.8
1691	-0.339187	228.530613	156.327537	0.000389	1.4
1692	-0.342596	227.876344	156.738505	0.000193	1.4
1693	-0.353772	227.190366	157.171718	0.000562	1.5
1694	-0.386844	227.099297	157.229411	0.000539	1.3
1695	-0.357042	226.413136	157.665461	0.000288	1.4
1696	-0.388485	227.413136	157.030771	0.000265	1.3
1697	-0.339923	226.771449	157.437454	0.000453	1.4
1698	-0.362287	227.771405	156.804622	0.000414	1.3
1699	-0.352407	228.770471	156.177414	0.000607	1.3
1700	-0.337896	229.678050	155.611974	0.000402	1.4
1701	-0.364542	228.991002	156.039641	0.000354	1.4
1702	-0.385899	229.990996	155.417951	0.000316	1.4
1703	-0.359482	230.990173	154.801696	0.000488	1.5
1704	-0.356802	230.303622	155.224608	0.000354	1.8
1705	-0.375357	231.303027	154.609743	0.000460	1.7
1706	-0.376468	232.303025	153.999370	0.000389	1.6
1707	-0.358433	231.615807	154.418311	0.000198	1.4
1708	-0.365661	231.523060	154.475026	0.000672	1.5
1709	-0.345759	231.634277	154.407021	0.000570	1.6
1710	-0.397776	232.634277	153.798243	0.000320	1.5
1711	-0.356271	231.949977	154.214310	0.000364	1.5
1712	-0.356825	232.949556	153.607302	0.000518	1.7
1713	-0.383756	232.268399	154.020424	0.000704	1.6
1714	-0.361373	233.268399	153.414685	0.000409	1.8
1715	-0.357040	232.581179	153.830447	0.000284	1.8
1716	-0.374836	231.903310	154.242766	0.000478	1.6
1717	-0.356998	232.903310	153.635280	0.000538	1.5
1718	-0.348993	233.903310	153.032560	0.000606	1.6
1719	-0.350499	233.217144	153.445616	0.000552	1.4
1720	-0.355603	232.529925	153.861546	0.000383	1.6
1721	-0.389335	231.868135	154.264222	0.000072	1.4
1722	-0.343127	231.809645	154.299913	0.000664	1.5
1723	-0.371253	232.787788	153.705214	0.000239	1.5
1724	-0.374346	232.979817	153.589000	0.000359	1.6
1725	-0.339989	233.972737	152.990891	0.000500	1.4
1726	-0.365717	234.972737	152.393206	0.000512	1.3
1727	-0.350754	234.285518	152.803443	0.000189	1.6
1728	-0.398477	235.284647	152.207737	0.000534	1.6
1729	-0.384293	236.281196	151.618178	0.000408	1.2
1730	-0.355572	235.593977	152.024247	0.000416	1.4
1731	-0.360687	234.917185	152.426287	0.000556	1.4
1732	-0.370525	235.917185	151.832997	0.000405	1.3
1733	-0.355971	235.229966	152.240219	0.000431	1.5
1734	-0.364299	236.228493	151.649243	0.000288	1.4
1735	-0.317232	235.541990	152.055054	0.000312	1.9
1736	-0.355281	234.855393	152.463099	0.000261	1.6
1737	-0.396231	234.169137	152.873136	0.000368	1.7
1738	-0.373433	233.512424	153.267591	0.000309	1.7
1739	-0.391175	232.825227	153.682542	0.000443	1.7
1740	-0.354620	232.138490	154.099466	0.000350	1.6
1741	-0.355928	232.708688	153.753135	0.000539	1.3
1742	-0.375613	233.708683	153.149495	0.000497	1.4
1743	-0.352239	234.708683	152.550573	0.000708	1.4
1744	-0.403563	235.708609	151.956362	0.000557	1.2
1745	-0.370837	235.021391	152.364246	0.000691	1.5
1746	-0.346696	234.334172	152.774327	0.000531	1.4
1747	-0.357739	235.334172	152.178330	0.000419	1.3
1748	-0.381657	234.646978	152.587394	0.000547	1.4
1749	-0.350213	235.646638	151.993054	0.000306	1.2
1750	-0.346532	236.646621	151.403135	0.000391	1.4
1751	-0.383495	237.640877	150.821118	0.000593	1.2
1752	-0.358955	236.953658	151.222923	0.000447	1.2
1753	-0.382288	237.953658	150.638946	0.000331	1.2
1754	-0.393262	238.953643	150.059471	0.000402	1.4
1755	-0.344900	239.953445	149.484542	0.000530	1.5
1756	-0.341348	239.266226	149.879248	0.000621	1.2
1757	-0.339569	238.745249	150.179864	0.000475	1.4
1758	-0.366190	239.745249	149.603900	0.000550	1.5
1759	-0.381930	240.682838	149.067881	0.000773	1.2
1760	-0.364333	239.995619	149.460387	0.000807	1.2
1761	-0.363904	239.308400	149.854965	0.000628	1.5
1762	-0.368906	238.621183	150.251631	0.000356	1.5
1763	-0.336919	237.933965	150.650403	0.000475	1.3
1764	-0.367377	238.922830	150.077260	0.000209	1.4
1765	-0.353856	239.922643	149.502189	0.000820	1.2
1766	-0.371047	240.877192	148.957249	0.000548	1.2
1767	-0.366022	240.189973	149.349172	0.000657	1.4
1768	-0.344415	239.502755	149.743162	0.000135	1.3
1769	-0.345095	239.517469	149.734704	0.000212	1.6
1770	-0.370577	240.102968	149.398938	0.000278	1.5
1771	-0.367254	239.601982	149.686145	0.000389	1.5
1772	-0.380828	239.129629	149.957951	0.000206	1.5
1773	-0.336479	239.662486	149.651401	0.000655	1.3
1774	-0.363080	238.993289	150.036589	0.000618	1.2
1775	-0.364647	238.334510	150.417722	0.000378	1.1
1776	-0.377864	237.647294	150.817376	0.000327	1.2
1777	-0.371553	238.647281	150.236529	0.000310	1.2
1778	-0.370039	239.646649	149.660493	0.000469	1.5
1779	-0.361619	240.646644	149.088502	0.000668	1.4
1780	-0.357078	241.646630	148.520871	0.000398	1.1
1781	-0.387093	240.960524	148.909865	0.000405	1.8
1782	-0.369686	240.332129	149.267931	0.000161	1.4
1783	-0.369892	241.087175	148.837905	0.000651	1.3
1784	-0.379298	241.821119	148.422266	0.000577	1.2
1785	-0.340849	242.787436	147.878560	0.000209	1.4
1786	-0.363891	243.787430	147.320083	0.000341	1.2
1787	-0.361190	243.102274	147.702273	0.000405	1.2
1788	-0.368597	244.102215	147.145154	0.000364	1.2
1789	-0.363992	244.981702	146.658608	0.000620	1.2
1790	-0.366819	244.294482	147.038513	0.000230	1.2
1791	-0.346523	245.293704	146.486776	0.000271	1.4
1792	-0.391006	246.266494	145.953597	0.000745	1.4
1793	-0.380496	246.882049	145.618217	0.000515	1.6
1794	-0.349373	247.878025	145.078818	0.001022	1.4
1795	-0.372664	247.190806	145.450572	0.000356	1.2
1796	-0.362956	246.512974	145.819119	0.000455	1.1
1797	-0.356570	247.509409	145.277986	0.000362	1.4
1798	-0.347478	248.509409	144.738940	0.000579	1.2
1799	-0.325232	249.311766	144.309316	0.000301	1.2
1800	-0.357098	248.624719	144.677040	0.000340	1.2
1801	-0.343482	248.227377	144.890563	0.000200	1.4
1802	-0.349202	247.903731	145.064950	0.000799	1.3
1803	-0.346315	248.903581	144.527561	0.000464	1.4
1804	-0.367829	249.903581	143.994059	0.000416	1.2
1805	-0.391254	250.273746	143.797573	0.000903	1.1
1806	-0.369343	251.273746	143.269437	0.000410	1.6
1807	-0.379490	252.273746	142.745166	0.000631	1.7
1808	-0.362447	253.176883	142.274964	0.000405	1.5
1809	-0.349980	252.489708	142.632447	0.000313	1.3
1810	-0.344594	253.489680	142.112834	0.000289	1.2
1811	-0.366501	254.486534	141.598595	0.000548	1.2
1812	-0.373536	253.821898	141.941041	0.000611	1.2
1813	-0.362483	254.802614	141.436318	0.000370	1.2
1814	-0.346608	255.800059	140.926654	0.000567	1.2
1815	-0.360055	255.112840	141.277407	0.000249	1.2
1816	-0.356659	254.426489	141.629464	0.000447	1.4
1817	-0.345589	254.978724	141.346063	0.000604	1.2
1818	-0.353756	254.384902	141.650853	0.000643	1.9
1819	-0.359464	255.384898	141.138342	0.000532	1.3
1820	-0.364953	256.384898	140.629524	0.000620	1.2
1821	-0.382292	255.697679	140.978798	0.000642	1.2
1822	-0.371829	256.697679	140.471128	0.000270	1.4
1823	-0.355520	257.697679	139.967101	0.000968	1.3
1824	-0.352097	258.697679	139.466678	0.000191	1.2
1825	-0.365194	259.697662	138.969829	0.000202	1.5
1826	-0.347681	260.532338	138.557817	0.000369	1.2
1827	-0.359040	259.845527	138.896662	0.000566	1.2
1828	-0.365033	259.158307	139.237371	0.000412	1.2
1829	-0.393116	258.591506	139.519640	0.000524	1.4
1830	-0.380880	259.591506	139.022406	0.000465	1.3
1831	-0.352873	259.137693	139.247617	0.000722	1.3
1832	-0.355885	259.566169	139.034960	0.000243	1.4
1833	-0.367575	258.878950	139.376349	0.000500	1.2
1834	-0.397667	259.878937	138.880140	0.000312	1.2
1835	-0.346554	259.225198	139.204135	0.000524	1.2
1836	-0.359861	260.220956	138.711235	0.000419	1.4
1837	-0.359199	259.714426	138.961530	0.000360	1.2
1838	-0.354102	260.519176	138.564295	0.000624	1.3
1839	-0.351714	259.832036	138.903334	0.000279	1.3
1840	-0.380088	259.144958	139.244006	0.000856	1.3
1841	-0.376167	260.144958	138.748731	0.000756	1.2
1842	-0.386995	261.144958	138.256967	0.000491	1.4
1843	-0.394408	262.144958	137.768677	0.000487	1.5
1844	-0.367058	263.144958	137.283823	0.000466	1.2
1845	-0.380771	262.457757	137.616647	0.000238	1.3
1846	-0.353708	262.015999	137.831452	0.000173	1.3
1847	-0.377447	261.385736	138.139081	0.000698	1.1
1848	-0.354588	262.376399	137.656157	0.000212	1.5
1849	-0.350691	263.376182	137.172199	0.000420	1.4
1850	-0.374206	264.353481	136.702401	0.000547	1.6
1851	-0.363688	263.666461	137.032322	0.000436	1.4
1852	-0.362622	264.642502	136.564082	0.000430	1.5
1853	-0.364112	265.641055	136.088343	0.000578	1.5
1854	-0.355067	266.641055	135.615224	0.000313	1.7
1855	-0.371171	266.230564	135.809037	0.000500	1.4
1856	-0.350977	266.623833	135.623344	0.000207	1.2
1857	-0.364335	266.029497	135.904172	0.000409	1.2
1858	-0.362199	265.350908	136.226236	0.000376	1.3
1859	-0.387873	266.350905	135.752160	0.000508	1.5
1860	-0.373182	266.394941	135.731360	0.000381	1.6
1861	-0.357385	267.393865	135.261221	0.000339	1.2
1862	-0.376379	268.390478	134.795403	0.000507	1.2
1863	-0.351915	267.723414	135.106834	0.000254	1.6
1864	-0.362248	268.723248	134.640580	0.000373	1.3
1865	-0.382162	268.036150	134.960648	0.000350	1.5
1866	-0.374637	268.788522	134.610253	0.000272	1.5
1867	-0.395778	269.502609	134.279366	0.000461	1.5
1868	-0.364011	270.499362	133.820211	0.000361	1.2
1869	-0.333486	270.778596	133.692145	0.000628	1.2
1870	-0.367447	271.778531	133.235542	0.000324	1.1
1871	-0.365890	272.778530	132.782018	0.000293	1.2
1872	-0.363154	272.204988	133.041755	0.000367	1.5
1873	-0.363436	271.518322	133.354061	0.000629	1.3
1874	-0.378592	270.831103	133.668090	0.000693	1.1
1875	-0.326076	271.831102	133.211623	0.000371	1.5
1876	-0.356134	271.143882	133.524980	0.000771	1.3
1877	-0.392369	272.143882	133.069487	0.000437	1.3
1878	-0.378654	273.143882	132.617092	0.000137	1.4
1879	-0.345826	274.113468	132.181383	0.000194	1.3
1880	-0.353547	274.764397	131.890473	0.000292	1.1
1881	-0.354902	274.310121	132.093360	0.000171	1.3
1882	-0.361332	273.685948	132.373146	0.000550	1.3
1883	-0.376116	274.156320	132.162192	0.000212	1.2
1884	-0.370687	275.155232	131.716417	0.000371	1.3
1885	-0.378280	274.474799	132.019740	0.000718	1.5
1886	-0.354684	273.787786	132.327417	0.000304	1.1
1887	-0.352053	274.787786	131.880044	0.000286	1.6
1888	-0.345702	275.715763	131.467590	0.000349	1.3
1889	-0.344025	275.028805	131.772671	0.000252	1.2
1890	-0.355274	276.023661	131.331309	0.000438	1.3
1891	-0.334223	275.365731	131.622864	0.000261	1.3
1892	-0.365968	274.680563	131.927868	0.000554	1.2
1893	-0.352790	275.680172	131.483361	0.000615	1.5
1894	-0.379638	276.680136	131.041683	0.000523	1.4
1895	-0.360388	277.038029	130.884325	0.000466	1.4
1896	-0.362020	276.351937	131.186320	0.000238	1.4
1897	-0.381775	276.331586	131.195298	0.000646	1.7
1898	-0.371772	275.724551	131.463696	0.000445	1.6
1899	-0.352171	275.037332	131.768875	0.000866	1.5
1900	-0.361289	274.350113	132.075474	0.000378	1.2
1901	-0.338577	273.868294	132.291287	0.000286	1.5
1902	-0.348410	273.238273	132.574548	0.000585	1.4
1903	-0.343254	272.551055	132.884912	0.000371	1.2
1904	-0.374846	273.551055	132.433768	0.000660	1.3
1905	-0.353193	274.468014	132.022772	0.000304	1.4
1906	-0.377567	273.780795	132.330555	0.000697	1.3
1907	-0.339965	274.780778	131.883169	0.000636	1.3
1908	-0.372680	274.093559	132.190300	0.000591	1.4
1909	-0.370944	273.406340	132.498866	0.000513	1.3
1910	-0.338529	274.406339	132.050335	0.000676	1.5
1911	-0.388155	273.719120	132.358247	0.000647	1.2
1912	-0.375819	274.719120	131.910666	0.000867	1.3
1913	-0.365056	274.031901	132.217926	0.000216	1.2
1914	-0.337905	275.031901	131.771292	0.000294	1.3
1915	-0.345259	275.716147	131.467420	0.000529	1.2
1916	-0.357693	276.716147	131.025833	0.000556	1.3
1917	-0.369242	276.028928	131.328980	0.000419	1.2
1918	-0.346486	275.341708	131.633533	0.000361	1.1
1919	-0.356379	274.654489	131.939502	0.000413	1.1
1920	-0.361042	273.967282	132.246892	0.000427	1.2
1921	-0.359562	274.967135	131.800128	0.000341	1.3
1922	-0.373450	275.963972	131.357706	0.000371	1.4
1923	-0.351825	275.291783	131.655714	0.000365	1.4
1924	-0.362890	276.291134	131.213150	0.000850	1.5
1925	-0.336909	275.603915	131.517166	0.000376	1.2
1926	-0.364394	274.916697	131.822592	0.000475	1.5
1927	-0.360116	275.626638	131.507091	0.000202	1.3
1928	-0.391237	275.007349	131.782222	0.000743	1.4
1929	-0.396670	275.240106	131.678680	0.000539	1.1
1930	-0.377366	274.553728	131.984484	0.000657	1.4
1931	-0.382814	275.553728	131.539423	0.000445	1.4
1932	-0.340989	274.866508	131.844954	0.000255	1.4
1933	-0.392585	274.568614	131.977836	0.000360	1.3
1934	-0.370085	273.889648	132.281707	0.000883	1.2
1935	-0.370913	274.799416	131.874859	0.000200	1.2
1936	-0.343581	275.799416	131.430536	0.000341	1.5
1937	-0.386898	275.753146	131.451028	0.000371	1.9
1938	-0.345290	275.629384	131.505873	0.000746	1.9
1939	-0.345232	274.942165	131.811248	0.000427	1.3
1940	-0.358166	274.254945	132.118045	0.000594	1.3
1941	-0.365028	273.567777	132.426251	0.000386	1.5
1942	-0.379455	272.968760	132.696094	0.000296	1.3
1943	-0.339492	272.281824	133.006900	0.000509	1.2
1944	-0.356589	272.405284	132.950933	0.001038	1.4
1945	-0.341552	271.718065	133.263064	0.000210	1.6
1946	-0.359181	271.032291	133.576003	0.000503	1.5
1947	-0.336051	270.346991	133.890197	0.000275	1.5
1948	-0.333047	269.659773	134.206759	0.000239	1.6
1949	-0.366255	269.531161	134.266170	0.000523	1.7
1950	-0.379697	270.530050	133.806124	0.000170	1.5
1951	-0.361985	271.473631	133.374438	0.000404	1.2
1952	-0.376976	272.202888	133.042708	0.000534	1.2
1953	-0.327815	271.515669	133.355271	0.000979	1.0
1954	-0.342954	272.515669	132.900933	0.000190	1.1
1955	-0.353372	271.828511	133.212801	0.000427	1.1
1956	-0.382868	271.150069	133.522153	0.000238	1.1
1957	-0.364977	270.463321	133.836759	0.000412	1.1
1958	-0.332599	271.382998	133.415782	0.000366	1.1
1959	-0.378541	272.382995	132.961033	0.000430	1.2
1960	-0.368214	273.382994	132.509374	0.000407	1.0
1961	-0.379684	272.695955	132.819351	0.000510	1.0
1962	-0.372829	273.695955	132.368651	0.000407	1.2
1963	-0.403060	274.695934	131.921010	0.000510	1.2
1964	-0.362151	274.008715	132.228318	0.000368	1.0
1965	-0.355371	275.007871	131.781990	0.000565	1.2
1966	-0.362550	276.006198	131.339031	0.000596	1.1
1967	-0.339271	276.253218	131.229887	0.000355	1.1
1968	-0.376671	277.253216	130.789893	0.000660	1.1
1969	-0.361230	276.568794	131.090716	0.000479	1.0
1970	-0.371331	275.881574	131.394164	0.000129	1.0
1971	-0.341148	276.873568	130.956588	0.000447	1.0
1972	-0.381442	277.845970	130.530474	0.000186	1.1
1973	-0.339441	278.707035	130.155457	0.000334	1.1
1974	-0.366568	279.700640	129.725385	0.000328	1.2
1975	-0.356715	279.013439	130.022529	0.000131	1.2
1976	-0.355544	279.966102	129.610962	0.000461	1.1
1977	-0.378676	279.659768	129.743020	0.000418	1.3
1978	-0.372459	278.972558	130.040249	0.000663	1.1
1979	-0.351187	279.972558	129.608183	0.000437	1.1
1980	-0.358330	279.285345	129.904795	0.000348	1.2
1981	-0.368703	280.231305	129.496853	0.000466	1.1
1982	-0.374863	280.736541	129.280020	0.000122	1.0
1983	-0.372966	281.653833	128.888195	0.000369	1.1
1984	-0.349929	282.442816	128.553072	0.000413	1.2
1985	-0.379224	281.755603	128.844870	0.000749	1.2
1986	-0.359227	281.069905	129.137347	0.000431	1.1
1987	-0.375515	280.382686	129.431809	0.000398	1.2
1988	-0.369406	281.368784	129.009700	0.000373	1.2
1989	-0.366976	280.696271	129.297276	0.000522	1.1
1990	-0.370433	280.249592	129.488993	0.000583	1.1
1991	-0.364864	279.562499	129.785007	0.000547	1.3
1992	-0.383766	280.562499	129.354632	0.000635	1.1
1993	-0.359322	279.875280	129.650087	0.000128	1.2
1994	-0.370472	280.805000	129.250695	0.000232	1.2
1995	-0.365176	280.415803	129.417588	0.000185	1.1
1996	-0.351610	280.289439	129.471867	0.000183	1.1
1997	-0.385536	280.807381	129.249676	0.000119	1.2
1998	-0.371600	280.850802	129.231083	0.000172	1.1
1999	-0.340989	280.398907	129.424843	0.000370	1.1
