1:ItNr	2:Metric	3a:Time	3b:StepSize	4:||Gradient||	Time[ms]
0	-0.279620	0.000000	960.972371	0.001067	20.7
1	-0.298595	0.000000	960.972371	0.000740	1.2
2	-0.282597	0.000000	960.972371	0.000730	1.1
3	-0.276741	0.999997	917.291913	0.000681	1.1
4	-0.285332	1.118951	912.358821	0.000512	1.1
5	-0.313624	0.480943	939.456880	0.000659	1.1
6	-0.294450	0.000000	960.972371	0.000193	1.1
7	-0.282956	0.000000	960.972371	0.000718	1.3
8	-0.271093	0.516452	937.906464	0.000969	1.3
9	-0.299816	0.092569	956.754941	0.000777	1.0
10	-0.280772	1.081927	913.888521	0.000398	1.0
11	-0.298287	0.447166	940.936440	0.000913	1.0
12	-0.280335	0.000000	960.972371	0.000984	1.0
13	-0.258905	0.294681	947.674219	0.000744	1.1
14	-0.313868	0.000000	960.972371	0.000405	1.3
15	-0.291378	0.979474	918.148446	0.001262	1.2
16	-0.269135	1.942646	879.602967	0.001419	1.4
17	-0.312526	2.942646	842.865050	0.000950	1.3
18	-0.283655	3.583724	820.885399	0.000347	1.1
19	-0.283954	2.939223	842.985593	0.001139	1.0
20	-0.289383	3.923201	809.704176	0.000305	1.0
21	-0.281616	4.305880	797.459706	0.000528	1.1
22	-0.282239	4.644542	786.928454	0.000769	1.1
23	-0.284219	5.606855	758.466934	0.000833	1.1
24	-0.298144	6.606793	730.994727	0.001088	1.5
25	-0.291448	5.959582	748.543503	0.001446	1.1
26	-0.298208	5.312376	766.955439	0.001238	1.0
27	-0.276353	6.312376	738.874563	0.000553	1.4
28	-0.287890	7.268701	713.878556	0.001294	1.1
29	-0.293806	8.268698	689.488139	0.000578	1.1
30	-0.314279	8.098720	693.515714	0.000724	1.1
31	-0.277084	7.675054	703.762225	0.000837	1.1
32	-0.292888	7.027902	720.011793	0.001130	1.2
33	-0.288199	6.380690	737.031078	0.000243	1.2
34	-0.308601	5.764204	754.007850	0.001645	1.1
35	-0.282389	6.578057	731.756399	0.000845	1.1
36	-0.290949	5.930845	749.342247	0.000789	1.1
37	-0.287773	6.930697	722.517584	0.000895	1.0
38	-0.283871	6.283485	739.656972	0.001057	1.1
39	-0.294485	5.639285	757.543599	0.000946	1.1
40	-0.287892	4.992073	776.406719	0.000957	1.2
41	-0.280291	5.992073	747.642469	0.000674	1.2
42	-0.298851	5.344860	766.009750	0.000729	1.2
43	-0.281118	4.735940	784.133786	0.000733	1.1
44	-0.300522	5.735880	754.806631	0.000599	1.0
45	-0.277612	5.089984	773.492980	0.000685	1.1
46	-0.285364	4.595255	788.443779	0.000904	1.1
47	-0.291815	5.562228	759.741238	0.001028	1.1
48	-0.288895	6.562227	732.176673	0.000897	1.2
49	-0.302602	7.562221	706.542385	0.000716	1.6
50	-0.289753	6.932329	722.475382	0.000745	1.1
51	-0.275410	7.452342	709.270946	0.000631	1.1
52	-0.279852	8.451948	685.198137	0.000433	1.1
53	-0.262311	7.824949	700.102523	0.001013	1.6
54	-0.293369	8.817889	676.789016	0.000761	1.1
55	-0.310351	8.503445	684.002156	0.000904	1.3
56	-0.295762	9.503443	661.578417	0.001093	1.5
57	-0.298472	10.503435	640.578397	0.000724	1.4
58	-0.284913	9.858454	653.967308	0.001454	1.1
59	-0.291474	10.858454	633.440030	0.000160	1.0
60	-0.295310	10.780831	634.987169	0.000288	1.0
61	-0.299806	10.992133	630.793199	0.000474	1.1
62	-0.290351	11.632309	618.418390	0.000852	1.1
63	-0.282661	12.317026	605.708925	0.000794	1.1
64	-0.292944	13.317024	588.058567	0.001061	1.0
65	-0.293154	14.000695	576.571973	0.001066	1.1
66	-0.299027	15.000695	560.556395	0.000794	1.3
67	-0.293752	16.000695	545.406508	0.000563	1.3
68	-0.280520	17.000583	531.055533	0.000672	1.4
69	-0.252296	17.998100	517.471870	0.000840	1.4
70	-0.298831	18.998086	504.534631	0.001148	1.1
71	-0.296967	19.997768	492.232152	0.000630	1.1
72	-0.305352	19.351245	500.118889	0.000776	1.2
73	-0.294813	20.351066	488.026590	0.000425	1.3
74	-0.305456	21.331647	476.721825	0.000791	1.5
75	-0.269495	20.717316	483.742041	0.000537	1.4
76	-0.290580	20.887173	481.780419	0.000804	1.2
77	-0.300127	20.342400	488.128890	0.000696	1.2
78	-0.295223	19.912525	493.257746	0.000760	1.5
79	-0.294043	20.912491	481.489394	0.000721	1.3
80	-0.290210	20.268848	488.998867	0.000838	1.5
81	-0.265585	19.873468	493.729083	0.000879	1.5
82	-0.288374	20.873468	481.938107	0.000769	1.1
83	-0.279222	21.873466	470.697190	0.000602	1.1
84	-0.295201	22.873449	459.968849	0.001120	1.1
85	-0.302501	22.226238	466.855800	0.000940	1.1
86	-0.276660	21.579025	473.952131	0.001261	1.1
87	-0.272427	20.931816	481.267493	0.000774	1.1
88	-0.276001	21.931815	470.057460	0.000514	1.1
89	-0.284241	22.930747	459.368915	0.000414	1.2
90	-0.278332	23.264385	455.906477	0.000632	1.9
91	-0.296244	22.894481	459.748451	0.000892	1.3
92	-0.279046	23.205615	456.512595	0.000378	2.1
93	-0.297731	24.204528	446.424745	0.000742	1.4
94	-0.274457	24.133597	447.126334	0.001493	1.0
95	-0.296951	23.486385	453.631369	0.001036	1.0
96	-0.282842	22.839658	460.323388	0.000371	1.0
97	-0.277880	23.728776	451.173086	0.000739	1.1
98	-0.266155	23.260953	455.941829	0.000641	1.1
99	-0.300757	22.615625	462.687852	0.000667	1.1
100	-0.288384	22.060889	468.648466	0.001119	1.3
101	-0.296623	23.060380	458.017375	0.000668	1.1
102	-0.315523	22.420023	464.772203	0.000980	1.0
103	-0.280598	23.419712	454.312264	0.000761	1.0
104	-0.267379	24.419329	444.313476	0.000652	1.6
105	-0.304826	25.407254	434.854853	0.000906	1.1
106	-0.275829	24.761054	440.995518	0.000328	1.2
107	-0.305305	25.640404	432.681070	0.000586	1.1
108	-0.274112	25.298224	435.878915	0.000620	1.3
109	-0.284870	26.220209	427.368283	0.000483	1.4
110	-0.294250	25.730918	431.842998	0.000451	1.0
111	-0.310610	26.138934	428.105133	0.000674	1.0
112	-0.305801	25.511327	433.881831	0.001486	1.0
113	-0.279554	26.511327	424.749655	0.000661	1.0
114	-0.293617	27.508915	416.014659	0.000682	1.0
115	-0.266604	26.870212	421.565291	0.000440	1.1
116	-0.306415	26.224439	427.330006	0.000634	1.1
117	-0.311310	25.580759	433.235104	0.001022	1.4
118	-0.288732	24.938678	439.290391	0.000322	1.3
119	-0.312241	24.350855	444.984329	0.000445	1.2
120	-0.296330	24.919223	439.476509	0.000560	1.0
121	-0.294478	24.463672	443.880115	0.001036	1.0
122	-0.273478	23.949612	448.956481	0.000513	1.1
123	-0.285039	24.949482	439.187102	0.000237	1.1
124	-0.277756	25.448856	434.465380	0.000640	1.1
125	-0.285633	25.078194	437.960307	0.001809	1.2
126	-0.291767	26.025481	429.137979	0.000485	1.2
127	-0.284358	25.379291	435.117035	0.000786	1.0
128	-0.303387	26.378788	425.937869	0.000651	1.1
129	-0.258070	27.364156	417.259837	0.000163	1.1
130	-0.306161	26.830024	421.919504	0.000495	1.2
131	-0.305110	27.459927	416.435210	0.000797	1.3
132	-0.300749	28.458875	408.024238	0.000675	1.3
133	-0.296939	27.899342	412.693077	0.000802	1.2
134	-0.298829	27.252130	418.228584	0.000321	1.3
135	-0.301945	27.578439	415.419275	0.000657	1.1
136	-0.300874	28.541789	407.341359	0.000457	1.1
137	-0.290913	27.894804	412.731381	0.000710	1.1
138	-0.307998	27.252466	418.225666	0.001250	1.0
139	-0.287870	26.647058	423.539684	0.000708	1.0
140	-0.285617	27.647051	414.833362	0.000535	1.0
141	-0.309848	27.014481	420.298616	0.001255	1.1
142	-0.310495	26.380340	425.923910	0.000541	1.1
143	-0.309981	27.376020	417.157504	0.000558	1.1
144	-0.305908	26.856208	421.688655	0.000842	1.1
145	-0.272792	26.209007	427.469691	0.000523	1.4
146	-0.274429	25.569631	433.338623	0.000884	1.3
147	-0.243087	24.922461	439.445521	0.000449	1.1
148	-0.281681	24.276342	445.716655	0.000617	1.1
149	-0.296649	23.837894	450.075102	0.000819	1.0
150	-0.270312	24.837871	440.256485	0.000444	1.2
151	-0.265936	24.190951	446.558861	0.000759	1.3
152	-0.295885	25.187858	436.920449	0.000616	1.1
153	-0.286680	26.185616	427.681604	0.001458	1.1
154	-0.311450	27.184833	418.812700	0.000493	1.2
155	-0.269027	26.537620	424.514725	0.000635	1.2
156	-0.307044	27.408591	416.876825	0.000623	1.0
157	-0.287209	26.768836	422.459945	0.000835	1.0
158	-0.303623	26.423042	425.540386	0.000803	1.2
159	-0.320838	27.402489	416.929378	0.000977	1.4
160	-0.294493	28.402489	408.489938	0.001153	1.3
161	-0.303320	29.402489	400.385379	0.000535	1.1
162	-0.295175	28.755277	405.593556	0.000836	1.1
163	-0.292835	28.279398	409.510273	0.000470	1.2
164	-0.283658	28.834033	404.952572	0.000460	1.1
165	-0.319411	29.781710	397.395438	0.000694	1.1
166	-0.282602	30.777002	389.756435	0.000451	1.2
167	-0.304062	31.598684	383.667773	0.000461	1.3
168	-0.283829	32.557213	376.801154	0.000795	1.4
169	-0.287773	31.913940	381.381919	0.001027	1.1
170	-0.301604	31.266728	386.104515	0.000950	1.1
171	-0.301132	31.305217	385.820403	0.000551	1.7
172	-0.297043	30.662499	390.620280	0.001207	2.4
173	-0.277843	30.054737	395.270274	0.000709	1.2
174	-0.310448	31.043083	387.763730	0.000714	1.4
175	-0.288634	30.396966	392.638345	0.000339	1.3
176	-0.301407	31.384280	385.238089	0.000511	1.3
177	-0.298969	32.321694	378.465468	0.001039	1.4
178	-0.276015	31.674598	383.114831	0.000750	1.4
179	-0.295728	31.027447	387.880262	0.000754	1.4
180	-0.289336	30.381409	392.757230	0.001126	1.6
181	-0.301567	31.380576	385.265327	0.000478	1.6
182	-0.295294	30.810646	389.503343	0.000727	1.4
183	-0.293293	31.601083	383.650273	0.000574	2.3
184	-0.292411	31.254827	386.192449	0.000898	1.7
185	-0.266756	30.610250	391.015731	0.000544	2.0
186	-0.326050	29.963043	395.981451	0.000921	1.7
187	-0.292355	30.962974	388.361522	0.000899	1.2
188	-0.300185	30.315847	393.259022	0.001188	1.3
189	-0.300696	31.315754	385.742693	0.000236	1.3
190	-0.287742	32.301696	378.607458	0.001382	1.3
191	-0.309487	33.235559	372.088352	0.000464	1.3
192	-0.284420	34.204680	365.556321	0.001042	1.5
193	-0.294316	34.886066	361.099309	0.000630	1.5
194	-0.270932	35.886046	354.751668	0.000884	1.4
195	-0.302915	36.886045	348.623227	0.001031	1.4
196	-0.301895	36.440580	351.326882	0.000614	1.3
197	-0.304623	35.793408	355.330321	0.000833	1.4
198	-0.286078	35.146231	359.426082	0.000787	1.4
199	-0.292524	34.499029	363.617532	0.001130	1.4
200	-0.312842	34.175690	365.748389	0.000757	1.4
201	-0.292337	35.172882	359.255551	0.000574	1.3
202	-0.250117	34.526027	363.440733	0.001013	1.3
203	-0.298414	35.525101	357.016960	0.000554	1.3
204	-0.287223	35.206968	359.037685	0.000916	1.4
205	-0.284304	34.559926	363.218986	0.001255	1.5
206	-0.274244	33.912713	367.499958	0.000815	1.3
207	-0.286304	33.265503	371.883032	0.000164	1.3
208	-0.295804	33.816014	368.148253	0.000930	1.2
209	-0.310324	34.583909	363.062265	0.000872	1.1
210	-0.312705	35.202489	359.066301	0.001707	1.2
211	-0.269942	36.202489	352.789191	0.001008	1.3
212	-0.312224	35.555277	356.826472	0.000636	1.3
213	-0.269823	35.893833	354.703117	0.001130	1.2
214	-0.299670	35.335229	358.220252	0.000751	1.3
215	-0.317920	36.335228	351.972437	0.000353	1.3
216	-0.289707	35.905752	354.628823	0.000672	1.4
217	-0.292697	35.272031	358.622562	0.000734	1.5
218	-0.299611	36.271430	352.364517	0.000319	1.4
219	-0.274972	35.673487	356.082199	0.000758	1.1
220	-0.304287	36.583032	350.457752	0.000353	1.1
221	-0.306101	37.426091	345.400823	0.000929	1.2
222	-0.294157	38.310617	340.249703	0.000830	1.3
223	-0.280462	37.663405	344.003556	0.001895	1.2
224	-0.297547	38.663405	338.237818	0.000401	1.2
225	-0.275739	39.661005	332.675328	0.000526	1.3
226	-0.263178	39.043460	336.096885	0.000493	1.3
227	-0.292784	38.407993	339.691998	0.000300	1.2
228	-0.264313	38.967125	336.524719	0.000226	1.2
229	-0.281716	38.591114	338.648140	0.001148	1.3
230	-0.277406	37.998489	342.049774	0.000479	1.6
231	-0.252107	37.351310	345.843477	0.000505	1.2
232	-0.296104	37.912762	342.547506	0.000628	1.1
233	-0.311108	38.613200	338.522672	0.000969	1.1
234	-0.290998	39.600972	333.004884	0.000471	1.2
235	-0.280306	40.600402	327.602079	0.001497	1.2
236	-0.305787	39.953190	331.080619	0.000541	1.2
237	-0.323075	39.305978	334.633820	0.001380	1.5
238	-0.280540	40.075283	330.418767	0.000800	1.2
239	-0.256038	41.075283	325.095895	0.000966	1.2
240	-0.285341	40.428079	328.521095	0.001163	1.1
241	-0.298783	39.849973	331.642215	0.000429	1.4
242	-0.270302	40.848689	326.286946	0.001035	1.1
243	-0.301084	41.848618	321.095681	0.000810	1.7
244	-0.283288	42.848613	316.066692	0.000989	1.2
245	-0.264494	42.201400	319.303365	0.000570	1.3
246	-0.267816	41.554303	322.606419	0.000778	1.1
247	-0.300018	41.557633	322.589246	0.000297	1.1
248	-0.257260	41.312558	323.857988	0.001399	1.1
249	-0.286934	41.639873	322.165719	0.000556	1.5
250	-0.301891	41.833789	321.171461	0.000692	1.4
251	-0.281836	42.833749	316.140290	0.000546	1.3
252	-0.328916	43.833681	311.264444	0.000202	1.5
253	-0.261264	43.483700	312.953814	0.001063	1.5
254	-0.287908	43.210692	314.284417	0.001004	1.4
255	-0.324796	44.210692	309.464894	0.000861	1.5
256	-0.292400	45.210692	304.790952	0.000588	1.2
257	-0.304158	44.564531	307.794772	0.000455	1.2
258	-0.270683	43.920362	310.848851	0.000667	1.4
259	-0.282975	43.894238	310.973983	0.000261	1.4
260	-0.322468	43.441339	313.159534	0.000559	1.2
261	-0.280087	43.082852	314.911387	0.000952	1.1
262	-0.306034	44.082844	310.072804	0.000900	1.1
263	-0.266971	45.082844	305.380621	0.000884	1.2
264	-0.299836	44.578684	307.728342	0.000316	1.3
265	-0.301545	43.931921	310.793513	0.001081	1.2
266	-0.287938	44.737818	306.983412	0.000842	1.1
267	-0.287916	44.090606	310.035826	0.000805	1.2
268	-0.265229	43.485742	312.943905	0.000414	1.6
269	-0.294709	43.470100	313.019831	0.000842	1.1
270	-0.272458	42.824565	316.185776	0.000316	1.2
271	-0.306384	42.179108	319.416030	0.000549	1.2
272	-0.317009	43.122450	314.716915	0.000714	1.4
273	-0.290437	42.480701	317.898501	0.000939	1.2
274	-0.304522	41.918877	320.737127	0.000855	1.3
275	-0.309752	42.918873	315.719269	0.000800	1.7
276	-0.295180	43.912620	310.885922	0.000880	1.2
277	-0.278505	43.265416	314.016791	0.000459	1.1
278	-0.295018	44.099475	309.993587	0.000541	1.2
279	-0.283481	43.818436	311.337655	0.001292	1.2
280	-0.321532	43.437685	313.177293	0.000511	1.3
281	-0.280312	42.961424	315.509231	0.000811	1.2
282	-0.302313	43.928757	310.808655	0.000661	1.2
283	-0.289472	43.281792	313.936796	0.000641	1.1
284	-0.297187	42.972319	315.455501	0.000545	1.3
285	-0.268180	42.450484	318.049895	0.000422	1.1
286	-0.276371	41.846071	321.108693	0.000516	1.0
287	-0.271401	42.055041	320.044510	0.000277	1.2
288	-0.262600	41.677422	321.972715	0.001335	1.3
289	-0.263224	41.030415	325.331048	0.000764	1.2
290	-0.301113	42.030415	320.169555	0.000965	1.3
291	-0.272624	43.030297	315.169860	0.000439	1.2
292	-0.302224	43.523141	312.762512	0.000363	1.2
293	-0.274569	43.193363	314.369254	0.001202	1.2
294	-0.296884	44.171596	309.650540	0.000508	1.3
295	-0.287426	43.524385	312.756486	0.000732	1.2
296	-0.294510	44.482020	308.182607	0.000392	1.1
297	-0.287358	45.467239	303.614536	0.000788	1.1
298	-0.312920	45.613764	302.946697	0.001381	1.1
299	-0.309868	44.966552	305.918972	0.000360	1.1
300	-0.287621	44.320269	308.945755	0.000795	1.0
301	-0.264490	43.675929	312.023654	0.001293	1.2
302	-0.294818	44.675929	307.272695	0.000512	1.2
303	-0.262007	44.037710	310.287981	0.001095	1.1
304	-0.295591	45.036609	305.594431	0.000593	1.1
305	-0.285974	46.036588	301.035905	0.000584	1.1
306	-0.289158	46.273355	299.976414	0.000355	1.6
307	-0.277191	46.819478	297.560823	0.000684	1.7
308	-0.260602	46.779967	297.734280	0.000641	1.5
309	-0.256034	46.134653	300.596172	0.000448	1.5
310	-0.321219	46.082918	300.827995	0.000912	1.3
311	-0.290598	45.489800	303.511515	0.000495	1.2
312	-0.306443	46.425423	299.299860	0.001241	1.1
313	-0.301376	45.778257	302.200458	0.000489	1.3
314	-0.287923	46.774789	297.757029	0.000521	1.4
315	-0.281134	47.771511	293.441565	0.000287	1.3
316	-0.300022	48.453868	290.558618	0.000670	1.3
317	-0.294232	48.285019	291.266714	0.000352	1.3
318	-0.282146	48.897414	288.714826	0.000773	1.2
319	-0.271191	48.460236	290.531979	0.000186	1.3
320	-0.273369	49.291049	287.098001	0.000509	1.3
321	-0.287781	48.875593	288.804989	0.000973	1.0
322	-0.311417	49.875558	284.730313	0.001189	1.1
323	-0.307492	50.875558	280.768878	0.000509	1.3
324	-0.321189	51.872946	276.926086	0.000706	1.1
325	-0.276090	51.881986	276.891739	0.000897	1.4
326	-0.288308	52.881973	273.144031	0.000718	1.2
327	-0.303770	52.234764	275.557927	0.000734	1.2
328	-0.303484	53.061442	272.482134	0.001082	1.2
329	-0.296164	54.061442	268.852012	0.000836	1.2
330	-0.276398	55.061442	265.317343	0.000678	1.3
331	-0.298088	54.414484	267.593421	0.000871	1.2
332	-0.300133	53.767273	269.909802	0.000378	1.2
333	-0.284593	53.120210	272.266091	0.000737	1.3
334	-0.298494	54.112186	268.670384	0.000532	1.1
335	-0.299721	55.088180	265.224110	0.000561	1.0
336	-0.290074	54.896118	265.895284	0.000780	1.0
337	-0.265258	54.249226	268.181096	0.000573	1.2
338	-0.288657	55.056930	265.333084	0.001077	1.3
339	-0.280184	54.412550	267.600284	0.000729	1.0
340	-0.315729	53.768523	269.905287	0.001247	1.0
341	-0.260733	53.121311	272.262046	0.000765	1.0
342	-0.279070	54.120550	268.640469	0.001455	1.0
343	-0.294805	53.473338	270.975096	0.000792	1.0
344	-0.300423	52.827774	273.344552	0.000906	1.1
345	-0.291299	52.180584	275.761939	0.000992	1.1
346	-0.297788	53.179050	272.050124	0.000285	1.3
347	-0.291589	52.565428	274.319342	0.000815	1.3
348	-0.316828	52.737492	273.679227	0.000705	1.0
349	-0.279042	52.783350	273.509130	0.000484	1.0
350	-0.284043	52.582748	274.254773	0.000578	1.0
351	-0.280647	53.560662	270.657734	0.000350	1.0
352	-0.269282	54.385617	267.695891	0.001049	1.2
353	-0.324067	54.758592	266.377968	0.000798	1.0
354	-0.292169	54.111453	268.673003	0.000563	1.0
355	-0.287166	54.826221	266.140386	0.000932	1.4
356	-0.260969	54.561735	267.071949	0.000497	1.2
357	-0.321208	55.088506	265.222972	0.000782	1.1
358	-0.304007	56.006996	262.059565	0.000697	1.1
359	-0.295163	56.922160	258.981780	0.000412	1.1
360	-0.284004	56.276422	261.145888	0.000503	1.1
361	-0.279311	56.180485	261.470498	0.000819	1.2
362	-0.280322	57.180247	258.126835	0.000603	1.3
363	-0.258452	58.136288	255.008422	0.000603	1.3
364	-0.293520	57.489114	257.111068	0.000400	1.5
365	-0.297091	58.246722	254.653053	0.000760	1.4
366	-0.284874	57.645628	256.599386	0.000531	1.4
367	-0.306387	57.000725	258.720927	0.000374	1.5
368	-0.281050	56.399130	260.731869	0.000532	1.5
369	-0.286558	55.916765	262.366987	0.000412	1.6
370	-0.268242	56.809432	259.356985	0.000469	1.4
371	-0.279420	56.381234	260.792167	0.001243	1.3
372	-0.282530	55.752144	262.929719	0.000631	1.4
373	-0.298837	56.296062	261.079534	0.000463	1.4
374	-0.297266	55.649546	263.281661	0.000543	1.4
375	-0.309472	56.616413	260.001965	0.000875	1.3
376	-0.292779	56.949373	258.891368	0.000931	1.3
377	-0.298736	57.949373	255.612161	0.000273	1.5
378	-0.307153	57.335666	257.614708	0.000351	1.3
379	-0.306965	57.055874	258.538133	0.000660	1.2
380	-0.291536	56.567563	260.165705	0.000754	1.2
381	-0.287519	55.920390	262.354622	0.000306	1.3
382	-0.295699	56.915879	259.002660	0.000688	1.3
383	-0.318535	56.274101	261.153730	0.001262	1.3
384	-0.319091	57.274100	257.817335	0.000397	1.4
385	-0.282804	56.626891	259.966868	0.000450	1.5
386	-0.293976	56.929678	258.956795	0.000485	1.5
387	-0.282724	57.508162	257.048685	0.000538	1.3
388	-0.322044	58.490328	253.872644	0.000543	1.3
389	-0.286186	58.550990	253.679052	0.000961	1.3
390	-0.285717	59.142114	251.807929	0.000822	1.2
391	-0.301769	58.494902	253.858038	0.000784	1.6
392	-0.265229	59.494901	250.704324	0.001183	1.3
393	-0.293652	58.847689	252.736429	0.000792	1.4
394	-0.290581	59.847689	249.610348	0.000492	1.3
395	-0.316240	60.846070	246.565533	0.000672	1.3
396	-0.302628	61.575593	244.387223	0.000889	1.4
397	-0.277944	62.525581	241.607655	0.000770	1.7
398	-0.291188	62.230030	242.465608	0.001410	1.5
399	-0.320182	61.582818	244.365842	0.000759	1.4
400	-0.284643	60.935606	246.296096	0.000869	1.3
401	-0.304963	60.700856	247.003776	0.000419	1.3
402	-0.281044	61.682175	244.072195	0.000432	1.3
403	-0.298463	62.578579	241.454450	0.000422	1.3
404	-0.278852	63.256130	239.512779	0.000570	1.5
405	-0.311630	64.138874	237.029442	0.001046	1.4
406	-0.280740	63.519575	238.766225	0.000444	1.3
407	-0.300682	64.517333	235.980462	0.000538	1.4
408	-0.305590	64.515288	235.986107	0.000617	1.6
409	-0.272385	64.179785	236.915600	0.000825	1.3
410	-0.283578	63.567816	238.630021	0.000551	1.2
411	-0.296894	62.920917	240.469485	0.000739	1.3
412	-0.262480	63.891721	237.719526	0.000896	1.5
413	-0.297719	63.415087	239.061767	0.000488	1.3
414	-0.299989	64.139134	237.028719	0.001320	1.2
415	-0.296844	63.540277	238.707755	0.001185	1.3
416	-0.279909	64.540227	235.917305	0.000739	1.3
417	-0.260792	64.231353	236.772258	0.000272	1.3
418	-0.292509	65.202798	234.104000	0.000461	1.7
419	-0.283367	66.101366	231.688901	0.000462	1.4
420	-0.293372	66.985037	229.361952	0.001636	1.5
421	-0.272785	67.984153	226.786671	0.000753	1.2
422	-0.297238	68.984153	224.266376	0.000801	1.3
423	-0.276970	69.667783	222.575419	0.000620	1.4
424	-0.297909	69.288918	223.509376	0.000640	1.3
425	-0.272879	68.646405	225.111312	0.000312	1.5
426	-0.289402	69.522419	222.932839	0.000904	1.8
427	-0.275347	69.004106	224.216657	0.000376	1.3
428	-0.260143	68.358789	225.835870	0.001019	1.2
429	-0.285799	68.583351	225.269757	0.001032	1.1
430	-0.310109	67.936325	226.908631	0.001097	1.2
431	-0.291811	68.936314	224.385666	0.001037	1.5
432	-0.294791	68.294753	225.997823	0.000745	1.4
433	-0.321527	67.647541	227.647825	0.000762	1.4
434	-0.293575	68.644363	225.116439	0.001284	1.4
435	-0.260893	69.644363	222.632926	0.000504	1.2
436	-0.274403	70.641998	220.209296	0.000374	1.2
437	-0.305115	70.846714	219.718474	0.001136	1.3
438	-0.297902	70.199533	221.277666	0.000952	1.3
439	-0.277950	69.553335	222.856726	0.000385	1.2
440	-0.274199	69.985894	221.797236	0.000863	1.6
441	-0.296291	70.979884	219.400362	0.000525	1.3
442	-0.280265	70.352511	220.907118	0.000594	1.4
443	-0.274988	71.349595	218.522017	0.000588	1.7
444	-0.283704	71.600159	217.930725	0.000507	1.5
445	-0.278524	72.370904	216.131782	0.000559	1.6
446	-0.289020	73.192231	214.247179	0.000979	1.4
447	-0.285114	74.183455	212.016046	0.000833	1.7
448	-0.294305	75.183337	209.812015	0.000567	1.6
449	-0.295901	76.179388	207.661523	0.000446	1.3
450	-0.311571	75.624636	208.853772	0.001176	1.2
451	-0.290615	74.977518	210.261947	0.000235	1.3
452	-0.289870	74.359431	211.624792	0.000835	1.3
453	-0.285951	73.841153	212.781259	0.000563	1.4
454	-0.286007	74.840881	210.561710	0.000816	1.5
455	-0.291268	75.840278	208.388703	0.000482	1.4
456	-0.292329	75.841894	208.385223	0.000377	1.5
457	-0.302261	76.720053	206.512574	0.000717	1.4
458	-0.290680	77.691403	204.480018	0.000581	1.6
459	-0.286510	77.044310	205.829586	0.000609	1.6
460	-0.282504	76.398277	207.194834	0.000969	1.6
461	-0.302929	75.751066	208.580852	0.001216	1.6
462	-0.297812	76.751021	206.447150	0.000895	1.8
463	-0.288809	77.751021	204.356568	0.000795	1.8
464	-0.274733	78.611184	202.591907	0.000483	2.3
465	-0.291621	78.100672	203.635549	0.000993	1.7
466	-0.287500	77.818363	204.217305	0.000547	2.8
467	-0.294375	78.816321	202.175552	0.001091	2.4
468	-0.289690	78.359593	203.104896	0.000505	3.2
469	-0.286944	77.712381	204.436561	0.000789	2.4
470	-0.309339	78.702215	202.406936	0.000553	1.8
471	-0.260920	79.270812	201.259163	0.000810	2.4
472	-0.278554	78.623661	202.566534	0.000954	1.4
473	-0.294759	77.976449	203.891128	0.000593	1.6
474	-0.285928	78.976433	201.851769	0.001013	1.6
475	-0.261711	79.976431	199.852773	0.000990	1.4
476	-0.305918	79.329219	201.142001	0.001395	1.4
477	-0.296394	80.329219	199.156966	0.000642	1.5
478	-0.278304	81.329218	197.210731	0.000916	1.3
479	-0.297004	82.323042	195.313838	0.000555	1.4
480	-0.291735	81.698577	196.501455	0.000798	1.8
481	-0.311496	81.090879	197.671133	0.000637	1.8
482	-0.277706	80.444304	198.931029	0.000850	1.3
483	-0.273574	80.494950	198.831762	0.000756	1.3
484	-0.308167	81.494671	196.892380	0.000594	1.3
485	-0.275355	80.847462	198.143571	0.000568	1.3
486	-0.293426	81.714588	196.470825	0.000792	1.4
487	-0.292834	81.871234	196.171651	0.001068	1.5
488	-0.280772	81.224025	197.413668	0.000644	1.5
489	-0.285684	80.577054	198.671047	0.000943	1.5
490	-0.276922	79.934627	199.935547	0.000540	1.3
491	-0.282667	79.287424	201.225827	0.000853	1.6
492	-0.289320	80.228417	199.355284	0.000851	1.5
493	-0.296227	81.155229	197.546616	0.000209	1.4
494	-0.299388	80.566962	198.690788	0.000566	1.5
495	-0.288892	80.171167	199.468092	0.000261	1.5
496	-0.263747	79.991912	199.822138	0.000936	1.3
497	-0.293861	80.968895	197.907605	0.000542	1.3
498	-0.276728	81.804198	196.299569	0.000828	1.3
499	-0.298816	81.524517	196.835064	0.000518	1.4
500	-0.301105	80.888784	198.063211	0.000716	1.4
501	-0.295408	80.275308	199.262980	0.001106	1.3
502	-0.295862	79.628096	200.544585	0.000142	1.4
503	-0.299955	79.297459	201.205694	0.000141	1.4
504	-0.270374	79.287862	201.224949	0.000797	1.6
505	-0.323064	79.351676	201.096988	0.000800	1.5
506	-0.276886	80.351674	199.112842	0.000628	1.3
507	-0.304103	81.349122	197.172378	0.000155	1.7
508	-0.279694	81.886714	196.142135	0.001103	1.5
509	-0.299084	81.646285	196.601560	0.000364	1.6
510	-0.246837	81.001319	197.844694	0.000561	1.5
511	-0.302905	81.983103	195.958552	0.000904	1.3
512	-0.280752	82.950340	194.135197	0.000581	1.2
513	-0.270921	83.950312	192.285468	0.000484	1.3
514	-0.310266	84.947420	190.475801	0.000284	1.6
515	-0.285583	84.393581	191.476744	0.000484	1.8
516	-0.272729	83.964309	192.259825	0.001212	1.3
517	-0.301014	84.482093	191.316073	0.000637	1.3
518	-0.294789	85.482033	189.519482	0.000853	1.5
519	-0.298555	84.839104	190.670735	0.000856	1.3
520	-0.274193	85.828837	188.904235	0.000477	1.2
521	-0.292625	86.825426	187.158266	0.000758	1.6
522	-0.249817	87.617322	185.793753	0.000311	1.2
523	-0.280261	87.039038	186.788222	0.000672	1.2
524	-0.267902	86.504458	187.717051	0.000617	1.4
525	-0.288069	85.992502	188.615272	0.001104	1.6
526	-0.288601	86.990212	186.872675	0.001151	1.5
527	-0.284341	87.990196	185.158120	0.001048	1.2
528	-0.279835	88.030430	185.089793	0.000527	1.5
529	-0.306967	87.589966	185.840556	0.000540	1.3
530	-0.295426	87.874025	185.355687	0.000334	1.4
531	-0.316268	88.430429	184.413239	0.001082	1.4
532	-0.311966	89.290249	182.975557	0.000921	1.2
533	-0.293427	90.290249	181.331428	0.000479	1.2
534	-0.302455	89.650025	182.380617	0.001003	1.3
535	-0.286308	89.078869	183.326917	0.000584	1.6
536	-0.254344	90.078868	181.676499	0.001501	2.4
537	-0.287762	91.078868	180.055529	0.000839	1.7
538	-0.270179	92.078867	178.463230	0.000581	1.3
539	-0.305059	91.432356	179.489432	0.001293	1.3
540	-0.303636	90.785154	180.528622	0.000868	1.9
541	-0.288201	91.785154	178.927980	0.000415	1.5
542	-0.276331	92.775695	177.370217	0.001570	1.3
543	-0.268138	92.128485	178.384956	0.000737	1.4
544	-0.264791	91.481458	179.411079	0.000874	1.4
545	-0.286815	90.834246	180.449374	0.001051	1.8
546	-0.298812	90.187034	181.499758	0.001198	1.2
547	-0.290278	91.187034	179.881926	0.000733	1.6
548	-0.290972	90.778290	180.539708	0.000548	1.5
549	-0.299173	90.162423	181.539942	0.001809	1.2
550	-0.289578	89.515210	182.603098	0.000829	1.3
551	-0.267906	88.867998	183.678780	0.000604	1.2
552	-0.288197	89.456232	182.700600	0.001253	1.2
553	-0.287027	88.811016	183.774092	0.001003	1.2
554	-0.272392	88.163804	184.863655	0.001141	1.3
555	-0.298400	89.163804	183.185575	0.000922	1.4
556	-0.265955	90.162860	181.539228	0.000301	1.2
557	-0.281971	89.516954	182.600217	0.000395	1.2
558	-0.279701	89.776733	182.172007	0.000456	1.3
559	-0.285769	89.568345	182.515346	0.000608	1.3
560	-0.293233	90.255889	181.387431	0.000840	1.8
561	-0.290784	91.251295	179.778948	0.001048	1.4
562	-0.327094	90.604083	180.821519	0.000708	1.4
563	-0.292898	89.956871	181.876252	0.001113	1.2
564	-0.272942	90.956870	180.251732	0.000307	1.3
565	-0.286187	91.942513	178.678687	0.000568	1.2
566	-0.264569	92.604494	177.637513	0.000430	1.2
567	-0.300229	91.982880	178.614847	0.000456	1.3
568	-0.295727	92.878675	177.209823	0.000580	1.3
569	-0.283291	92.327681	178.071408	0.000236	1.4
570	-0.293646	91.896628	178.751306	0.001194	1.3
571	-0.258587	91.266117	179.755214	0.001020	1.4
572	-0.285710	92.265366	178.169378	0.000450	2.3
573	-0.283186	91.618386	179.192941	0.000880	1.5
574	-0.282612	91.605030	179.214196	0.000456	1.3
575	-0.286281	92.604960	177.636784	0.000605	1.5
576	-0.280043	91.958991	178.652621	0.000374	1.4
577	-0.306557	91.316198	179.675061	0.000643	1.3
578	-0.316920	92.300932	178.113449	0.000545	1.2
579	-0.273932	93.299162	176.557899	0.000772	1.3
580	-0.302843	94.298171	175.028100	0.000319	1.2
581	-0.250431	93.932468	175.585021	0.000621	1.6
582	-0.280190	94.473142	174.762889	0.000305	1.6
583	-0.284769	93.966057	175.533721	0.000384	1.5
584	-0.312788	94.852656	174.190394	0.000710	1.2
585	-0.284106	95.818437	172.750299	0.000909	1.2
586	-0.287993	95.171311	173.712594	0.000613	1.3
587	-0.294243	94.530176	174.676613	0.000889	1.3
588	-0.274964	93.883571	175.659753	0.000730	1.4
589	-0.281383	93.667897	175.990145	0.000557	1.3
590	-0.304927	94.648414	174.498025	0.000954	1.3
591	-0.290074	94.001225	175.480042	0.000724	1.7
592	-0.267290	95.001166	173.967387	0.000275	1.9
593	-0.293034	95.803281	172.772714	0.000845	1.4
594	-0.290210	96.428968	171.852143	0.000452	1.5
595	-0.286505	95.781859	172.804406	0.000473	1.5
596	-0.310441	96.759322	171.370041	0.000540	1.5
597	-0.287938	96.510617	171.732736	0.000595	1.6
598	-0.287047	97.085068	170.897305	0.000603	1.7
599	-0.283207	97.982194	169.608738	0.000193	1.3
600	-0.322224	98.470789	168.915096	0.001368	1.3
601	-0.284303	97.831135	169.824346	0.000489	1.3
602	-0.277870	98.731245	168.547649	0.000743	1.6
603	-0.288057	99.574706	167.368601	0.001099	1.5
604	-0.306998	99.187657	167.907590	0.000800	1.4
605	-0.279693	100.187435	166.522377	0.000801	1.7
606	-0.328574	99.540240	167.416457	0.001069	1.3
607	-0.310841	100.455007	166.155519	0.000742	1.3
608	-0.286649	99.808274	167.045014	0.000979	1.3
609	-0.272018	99.161304	167.944415	0.000929	1.5
610	-0.271451	98.514104	168.853877	0.000871	1.3
611	-0.263684	99.514096	167.452774	0.000923	1.3
612	-0.289853	98.866884	168.356923	0.000428	1.4
613	-0.268822	98.220351	169.269924	0.000450	1.5
614	-0.290348	99.188738	167.906080	0.000459	1.5
615	-0.296902	99.913193	166.900065	0.000822	1.3
616	-0.294575	99.271122	167.791067	0.000247	1.6
617	-0.287868	99.912067	166.901619	0.000409	1.5
618	-0.279202	99.832746	167.011182	0.000505	1.3
619	-0.296243	99.904227	166.912442	0.000694	1.3
620	-0.296579	100.129517	166.602001	0.000515	1.3
621	-0.286433	101.019028	165.387482	0.000598	1.3
622	-0.279300	100.393198	166.240120	0.000555	1.4
623	-0.308053	99.757188	167.115682	0.000526	1.5
624	-0.274015	100.729026	165.781493	0.000955	1.3
625	-0.294836	101.728681	164.431163	0.000707	1.3
626	-0.293163	102.728681	163.102197	0.000879	1.3
627	-0.286584	103.606334	161.953402	0.000821	1.4
628	-0.298337	103.449391	162.157642	0.000632	1.6
629	-0.292011	104.447595	160.867331	0.000644	2.1
630	-0.306680	104.979283	160.188400	0.000745	1.5
631	-0.276163	104.365121	160.973161	0.000593	1.6
632	-0.305772	105.365017	159.699419	0.000791	1.3
633	-0.277298	106.226914	158.617537	0.000933	1.5
634	-0.306161	106.385338	158.420272	0.001246	1.6
635	-0.314973	105.738125	159.229275	0.000524	1.8
636	-0.288675	105.090913	160.046583	0.000687	1.5
637	-0.264910	104.708451	160.533517	0.000675	1.2
638	-0.266995	104.334368	161.012658	0.000653	1.5
639	-0.315066	103.687161	161.848418	0.000335	1.3
640	-0.291548	104.661721	160.593215	0.000844	1.2
641	-0.297151	104.052373	161.375745	0.000719	1.2
642	-0.274494	105.052371	160.095519	0.000638	1.4
643	-0.267105	105.886555	159.043011	0.000320	1.4
644	-0.279328	105.407994	159.645123	0.000745	1.4
645	-0.290084	106.378021	158.429372	0.000461	1.3
646	-0.280450	107.377818	157.195535	0.000837	1.3
647	-0.311696	106.816353	157.886055	0.001137	1.2
648	-0.285986	107.816353	156.660387	0.000245	1.2
649	-0.297400	108.271648	156.108630	0.000471	1.2
650	-0.286013	108.923539	155.325355	0.001003	1.4
651	-0.297918	109.895075	154.172491	0.000693	1.5
652	-0.315801	109.247869	154.938579	0.001255	1.1
653	-0.317155	110.247869	153.758076	0.000940	1.2
654	-0.260327	111.247869	152.595425	0.000823	1.3
655	-0.286259	110.603091	153.343053	0.000572	1.4
656	-0.269715	109.973632	154.080019	0.000515	1.3
657	-0.286396	109.468462	154.676612	0.000677	1.6
658	-0.275344	110.280267	153.720131	0.000409	1.3
659	-0.297073	111.269974	152.569924	0.000431	1.6
660	-0.291777	111.710623	152.063334	0.000884	1.5
661	-0.273819	112.681339	150.959139	0.000701	1.4
662	-0.293409	112.034127	151.693556	0.000162	2.0
663	-0.265019	111.462858	152.347760	0.000329	1.6
664	-0.285509	111.105145	152.760286	0.000781	2.0
665	-0.291674	111.729510	152.041695	0.000685	1.5
666	-0.286785	112.729268	150.905035	0.000587	1.4
667	-0.279482	113.729113	149.785146	0.000687	1.6
668	-0.266430	114.728901	148.681818	0.001022	1.4
669	-0.281017	114.081691	149.394190	0.000941	1.4
670	-0.277190	114.093628	149.380989	0.001313	1.4
671	-0.276563	115.093612	148.283372	0.000974	1.4
672	-0.266197	114.446400	148.991925	0.000444	1.6
673	-0.315077	113.904888	149.589982	0.000683	1.2
674	-0.300462	113.258675	150.309988	0.000453	1.0
675	-0.322511	112.653250	150.990864	0.000491	1.1
676	-0.296788	112.020295	151.709330	0.000626	1.2
677	-0.307715	112.994072	150.606811	0.000595	1.0
678	-0.268064	113.992511	149.492884	0.000773	1.1
679	-0.290220	114.992480	148.393645	0.000861	1.0
680	-0.283191	114.345297	149.103221	0.000417	1.0
681	-0.271902	114.113110	149.359450	0.001211	1.1
682	-0.298244	114.990931	148.395335	0.000826	1.1
683	-0.286950	115.990559	147.312486	0.001508	1.2
684	-0.289040	115.343347	148.011768	0.000635	1.2
685	-0.260779	114.696148	148.717706	0.000854	1.3
686	-0.276138	115.696105	147.629808	0.000671	1.3
687	-0.269118	115.500238	147.841645	0.000570	1.1
688	-0.296079	116.500188	146.766489	0.000927	1.1
689	-0.278737	115.854542	147.458897	0.000590	1.4
690	-0.294299	116.854541	146.389228	0.000678	1.4
691	-0.300946	117.816485	145.374808	0.000923	1.3
692	-0.308401	118.816473	144.335066	0.000429	1.4
693	-0.289357	119.815041	143.311536	0.000922	1.4
694	-0.292245	120.728002	142.388374	0.001067	1.4
695	-0.257678	121.677107	141.441190	0.000651	1.1
696	-0.267447	122.638653	140.494354	0.000557	1.2
697	-0.258320	123.601407	139.558945	0.000497	1.4
698	-0.280891	122.956115	140.184526	0.000220	1.2
699	-0.271673	122.391411	140.736601	0.000435	1.2
700	-0.284987	122.307450	140.819056	0.000615	1.2
701	-0.275955	123.219986	139.928039	0.000443	1.3
702	-0.301922	123.206128	139.941486	0.000492	1.1
703	-0.299072	123.603111	139.557301	0.000878	1.0
704	-0.280636	124.603090	138.598843	0.000298	1.0
705	-0.292176	123.963206	139.210634	0.001487	1.1
706	-0.318408	123.316010	139.834935	0.000810	1.1
707	-0.296188	122.668797	140.464876	0.000325	1.1
708	-0.290627	122.188218	140.936315	0.000680	1.3
709	-0.263508	122.183894	140.940571	0.001060	1.2
710	-0.285500	123.181307	139.965577	0.000656	1.1
711	-0.287952	122.686684	140.447390	0.000608	1.1
712	-0.311727	123.686567	139.476803	0.000545	1.3
713	-0.249783	124.038550	139.138317	0.000684	1.3
714	-0.310357	125.025759	138.197671	0.000520	1.0
715	-0.299243	126.017361	137.265556	0.000615	1.1
716	-0.297407	127.016675	136.338827	0.000484	1.0
717	-0.256618	127.673525	135.736472	0.000720	1.2
718	-0.270881	127.147309	136.218606	0.000635	1.3
719	-0.285381	128.114349	135.335197	0.000354	1.1
720	-0.299462	127.472339	135.920400	0.000591	1.1
721	-0.291543	128.455294	135.026464	0.000646	1.1
722	-0.268366	129.406374	134.172637	0.000844	1.1
723	-0.291185	130.406365	133.286469	0.000246	1.1
724	-0.300542	129.930891	133.706358	0.000615	1.0
725	-0.262608	130.073046	133.580545	0.000549	1.1
726	-0.315408	129.495116	134.093520	0.000416	1.3
727	-0.272943	129.010800	134.526446	0.000147	1.3
728	-0.291017	129.111181	134.436487	0.000780	1.1
729	-0.283762	128.514325	134.973153	0.000756	1.1
730	-0.271291	127.868806	135.558418	0.000715	1.1
731	-0.294220	128.101930	135.346469	0.000819	1.1
732	-0.287924	129.101917	134.444784	0.000595	1.1
733	-0.280744	130.101858	133.555074	0.001432	1.2
734	-0.285817	130.822381	132.921244	0.000588	1.2
735	-0.260575	130.175267	133.490221	0.001147	1.2
736	-0.255888	129.562113	134.033851	0.000559	1.1
737	-0.275490	130.562107	133.149507	0.000646	1.1
738	-0.286781	129.937815	133.700225	0.000708	1.2
739	-0.283896	129.328313	134.242308	0.000608	1.1
740	-0.294404	128.883870	134.640370	0.000232	1.3
741	-0.297947	129.700831	133.910475	0.000823	1.3
742	-0.264925	130.623186	133.095870	0.000540	1.1
743	-0.279281	131.620296	132.226318	0.000482	1.1
744	-0.303842	131.319339	132.487575	0.000801	1.2
745	-0.299464	131.302637	132.502104	0.000475	1.1
746	-0.276915	132.299492	131.640487	0.001445	1.1
747	-0.281730	131.652280	132.198614	0.000683	1.1
748	-0.310350	132.652274	131.338243	0.000605	1.1
749	-0.293438	132.005223	131.893666	0.000823	1.1
750	-0.294462	131.360166	132.452073	0.000625	1.1
751	-0.284903	132.360163	131.588409	0.000600	1.1
752	-0.268491	133.334184	130.757938	0.000483	1.1
753	-0.274439	132.687955	131.307751	0.000678	1.0
754	-0.266577	133.453701	130.656757	0.001181	1.1
755	-0.281449	132.806518	131.206532	0.000695	1.2
756	-0.306387	133.141636	130.921277	0.000930	1.1
757	-0.298357	132.494919	131.472885	0.000502	1.1
758	-0.274844	133.458707	130.652524	0.001151	1.1
759	-0.300742	134.360923	129.893794	0.001099	1.2
760	-0.288842	133.713711	130.437177	0.000310	1.2
761	-0.275688	134.706463	129.605537	0.000757	1.1
762	-0.289015	135.694213	128.788545	0.000485	1.1
763	-0.279686	135.049770	129.320407	0.000637	1.1
764	-0.256722	134.450152	129.819235	0.000414	1.2
765	-0.258894	134.752840	129.566946	0.000368	1.1
766	-0.297185	134.933055	129.417203	0.000495	1.1
767	-0.281984	134.325885	129.923096	0.000462	1.3
768	-0.283818	135.176063	129.215832	0.001008	1.2
769	-0.274934	134.532300	129.750668	0.000255	1.2
770	-0.283307	135.405423	129.026343	0.001346	1.1
771	-0.296447	134.758883	129.561919	0.000554	1.1
772	-0.274153	135.758870	128.735425	0.000686	1.1
773	-0.297864	135.121570	129.260933	0.000278	1.2
774	-0.301385	135.777938	128.719768	0.000728	1.2
775	-0.299471	135.136151	129.248861	0.000427	1.2
776	-0.298874	134.655149	129.648264	0.000704	1.3
777	-0.283672	134.016122	130.182716	0.000980	1.1
778	-0.280768	133.381554	130.717818	0.000891	1.1
779	-0.235165	133.565870	130.561940	0.000947	1.1
780	-0.303116	134.565799	129.722727	0.000605	1.3
781	-0.284854	133.918590	130.264675	0.000707	1.2
782	-0.296352	134.863254	129.475160	0.001183	1.2
783	-0.297740	135.861042	128.651573	0.000800	1.2
784	-0.316604	136.861011	127.836631	0.001235	1.1
785	-0.287132	137.861011	127.031923	0.000974	1.2
786	-0.285070	138.852723	126.243829	0.000637	1.1
787	-0.288194	139.838544	125.470048	0.000582	1.1
788	-0.287296	140.146404	125.230345	0.000767	1.1
789	-0.298139	139.499205	125.735326	0.000780	1.2
790	-0.290915	138.852617	126.243913	0.000461	1.2
791	-0.305985	138.207188	126.755708	0.001189	1.2
792	-0.288466	137.847677	127.042587	0.000665	1.1
793	-0.282999	138.847672	126.247818	0.000530	1.3
794	-0.273500	139.842580	125.466900	0.000935	1.1
795	-0.256931	139.195383	125.973791	0.000673	1.1
796	-0.280713	138.548171	126.484808	0.000756	1.2
797	-0.299560	139.501862	125.733244	0.000649	1.2
798	-0.282359	140.443465	124.999917	0.000579	1.0
799	-0.296316	139.796952	125.502502	0.000907	1.1
800	-0.295618	139.150696	126.008942	0.000913	1.1
801	-0.257314	139.615086	125.644610	0.000645	1.2
802	-0.292915	140.604839	124.875096	0.000421	1.3
803	-0.263920	139.960023	125.375353	0.000912	1.1
804	-0.296865	139.314691	125.880040	0.001209	1.1
805	-0.284575	140.314691	125.099702	0.000990	1.2
806	-0.284462	139.667479	125.603638	0.000262	1.4
807	-0.294093	140.658266	124.833826	0.000553	1.2
808	-0.292046	140.353719	125.069443	0.000418	1.2
809	-0.266921	139.830260	125.476510	0.001303	1.6
810	-0.299999	140.779055	124.740621	0.000856	1.2
811	-0.299689	140.131843	125.241662	0.001051	1.0
812	-0.259804	141.131843	124.469194	0.000512	1.0
813	-0.272956	141.459965	124.217802	0.000500	1.0
814	-0.309207	142.146440	123.695128	0.001036	1.0
815	-0.297917	141.499278	124.187751	0.000429	1.1
816	-0.316667	142.169680	123.677510	0.000740	1.1
817	-0.284467	143.168208	122.925261	0.000895	1.2
818	-0.288335	142.521183	123.411655	0.000611	1.1
819	-0.293751	142.309532	123.571597	0.000667	1.5
820	-0.303030	141.708978	124.027697	0.000347	1.3
821	-0.304560	142.536472	123.400117	0.001081	1.3
822	-0.289034	141.929482	123.859841	0.000845	1.3
823	-0.285035	142.929482	123.104274	0.000882	1.9
824	-0.299199	143.907688	122.374039	0.000364	1.4
825	-0.290745	143.261343	122.855563	0.000295	1.3
826	-0.294175	143.041413	123.020275	0.001170	1.1
827	-0.303158	143.862789	122.407366	0.000358	1.0
828	-0.299918	143.222256	122.884804	0.000912	1.0
829	-0.315082	142.656545	123.309580	0.001130	1.0
830	-0.311911	142.012390	123.796846	0.000402	1.0
831	-0.305411	143.010165	123.043714	0.000920	1.1
832	-0.283907	144.009695	122.298389	0.001886	1.1
833	-0.291727	145.009682	121.561704	0.001189	1.2
834	-0.286208	144.362470	122.037484	0.000652	1.0
835	-0.293459	145.361925	121.304318	0.001413	1.0
836	-0.307165	146.361536	120.579795	0.000501	1.5
837	-0.281530	147.358090	119.866054	0.000714	1.5
838	-0.299932	147.355657	119.867786	0.000835	1.2
839	-0.296064	148.297150	119.201179	0.000758	1.0
840	-0.283385	149.293045	118.504075	0.001466	1.3
841	-0.261847	148.645852	118.956164	0.000963	1.1
842	-0.298693	149.249472	118.534404	0.000722	1.0
843	-0.277994	150.190023	117.883154	0.000310	1.0
844	-0.286261	149.548762	118.326393	0.000563	1.0
845	-0.294781	148.975194	118.725676	0.000529	1.0
846	-0.294909	149.915503	118.072495	0.001499	1.1
847	-0.315502	149.274669	118.516864	0.000524	1.1
848	-0.280362	149.683056	118.233293	0.000665	1.1
849	-0.288605	150.615202	117.591097	0.000461	1.2
850	-0.291202	149.968782	118.035699	0.000892	1.5
851	-0.310836	150.899761	117.396439	0.000375	1.1
852	-0.303263	151.898782	116.718114	0.000692	1.0
853	-0.271124	152.873885	116.063547	0.000454	1.0
854	-0.295946	153.284869	115.789855	0.000771	1.0
855	-0.295045	152.651381	116.212262	0.001236	1.0
856	-0.293393	153.651381	115.546867	0.000885	1.0
857	-0.284504	154.651381	114.889047	0.000760	1.0
858	-0.281741	155.651379	114.238677	0.000712	1.1
859	-0.268146	155.054418	114.626035	0.000670	1.1
860	-0.283674	154.407216	115.048971	0.000420	1.1
861	-0.270520	155.316358	114.455743	0.000607	1.1
862	-0.278546	154.672940	114.874948	0.000624	1.1
863	-0.300387	154.026578	115.299174	0.000845	1.1
864	-0.276436	153.384801	115.723501	0.000589	1.0
865	-0.286252	152.742172	116.151534	0.000969	1.2
866	-0.297380	153.741205	115.487471	0.001177	1.2
867	-0.286133	153.096882	115.914884	0.000583	1.1
868	-0.295263	154.096880	115.252880	0.000529	1.1
869	-0.309832	154.630560	114.902667	0.000793	1.1
870	-0.277221	155.620193	114.258848	0.000904	1.1
871	-0.276685	154.972980	114.679082	0.000759	1.2
872	-0.298463	155.972980	114.031079	0.001116	1.1
873	-0.309337	155.325768	114.449635	0.001368	1.1
874	-0.297210	154.678555	114.871276	0.000886	1.2
875	-0.303581	154.031366	115.296020	0.000592	1.2
876	-0.296328	155.031353	114.641054	0.000746	1.2
877	-0.300122	155.724241	114.191577	0.000690	1.1
878	-0.299443	155.092228	114.601422	0.001083	1.0
879	-0.312706	154.445017	115.024183	0.000753	1.2
880	-0.254658	153.797806	115.450075	0.000532	1.2
881	-0.271017	154.797705	114.793420	0.000922	1.4
882	-0.301459	155.797659	114.144157	0.000729	1.1
883	-0.281144	155.150447	114.563546	0.000642	1.2
884	-0.297875	154.503414	114.985910	0.000551	1.3
885	-0.295393	155.502875	114.334793	0.000690	1.1
886	-0.289492	156.497765	113.693937	0.000339	1.1
887	-0.268893	155.959458	114.039792	0.000850	1.0
888	-0.298813	155.317834	114.454785	0.000879	1.0
889	-0.281196	154.670623	114.876463	0.000774	1.0
890	-0.314825	154.063408	115.274917	0.000575	1.1
891	-0.263088	155.059395	114.622794	0.001338	0.9
892	-0.293682	156.059322	113.975472	0.000612	1.0
893	-0.301677	155.412110	114.393620	0.000633	1.2
894	-0.307385	156.033982	113.991786	0.001251	1.2
895	-0.285458	157.009713	113.366959	0.000784	1.1
896	-0.294881	158.009713	112.733658	0.000650	1.0
897	-0.288055	159.007465	112.108794	0.000417	1.0
898	-0.273020	158.442024	112.462061	0.000462	1.0
899	-0.310084	158.787287	112.246089	0.000383	1.1
900	-0.282952	159.704802	111.676168	0.000972	1.2
901	-0.271237	160.702012	111.063271	0.000793	1.2
902	-0.290411	160.054950	111.460194	0.000846	1.1
903	-0.290762	160.647455	111.096628	0.000390	1.0
904	-0.281786	160.000795	111.493542	0.000796	1.0
905	-0.330107	159.679162	111.692015	0.000332	0.9
906	-0.282387	159.033485	112.092591	0.000477	1.0
907	-0.288041	159.953081	111.522941	0.001233	1.3
908	-0.321121	159.306255	111.923016	0.001043	1.6
909	-0.278474	158.659043	112.326212	0.000341	1.1
910	-0.277586	158.312125	112.543531	0.000601	1.0
911	-0.314077	157.939195	112.778085	0.000669	1.2
912	-0.277511	158.542897	112.398876	0.000979	1.0
913	-0.267547	159.524235	111.787871	0.000611	1.0
914	-0.305188	158.921115	112.162599	0.001198	1.1
915	-0.315225	158.283810	112.561306	0.000341	1.0
916	-0.294182	159.277987	111.940566	0.000764	1.0
917	-0.285170	158.633421	112.342234	0.000943	0.9
918	-0.293909	157.991644	112.745038	0.000871	1.0
919	-0.281330	157.344432	113.154190	0.000626	1.1
920	-0.279018	156.702423	113.562997	0.000936	1.2
921	-0.283449	157.702393	112.927530	0.000252	1.0
922	-0.295470	157.294043	113.186170	0.000761	1.0
923	-0.317419	157.709639	112.922951	0.000989	1.1
924	-0.301910	157.062426	113.333398	0.000706	1.0
925	-0.264550	156.437518	113.732541	0.001082	1.0
926	-0.268648	155.790781	114.148598	0.001066	1.0
927	-0.324587	156.790781	113.506559	0.000809	1.0
928	-0.289818	156.143569	113.921267	0.000676	1.1
929	-0.296650	157.143530	113.281800	0.001446	1.1
930	-0.264132	156.496318	113.694865	0.000526	1.0
931	-0.303516	155.849130	114.110936	0.000662	1.0
932	-0.301572	155.206513	114.527093	0.000236	1.0
933	-0.284451	156.072166	113.967205	0.001099	1.0
934	-0.276165	155.426480	114.384302	0.000976	1.1
935	-0.257988	154.779268	114.805461	0.001257	1.1
936	-0.279141	154.132055	115.229732	0.001663	1.0
937	-0.304305	153.484843	115.657151	0.000817	1.0
938	-0.278689	152.837631	116.087752	0.000443	1.4
939	-0.329211	153.834702	115.425711	0.001006	1.1
940	-0.297543	153.187493	115.854585	0.000450	1.1
941	-0.299520	152.540318	116.286636	0.000853	1.1
942	-0.290868	153.540193	115.620474	0.000704	1.0
943	-0.291179	152.893001	116.050788	0.000915	0.9
944	-0.277967	153.892896	115.387304	0.000686	1.0
945	-0.286152	154.891282	114.732348	0.000559	1.0
946	-0.315209	155.890797	114.084057	0.001088	1.1
947	-0.289053	156.890512	113.442924	0.000656	1.4
948	-0.271608	156.243384	113.857112	0.001131	1.1
949	-0.308288	155.684790	114.217074	0.000918	1.3
950	-0.259764	156.496396	113.694814	0.000352	1.2
951	-0.278375	157.478839	113.068977	0.000512	1.0
952	-0.303199	157.930294	112.783696	0.000693	1.0
953	-0.289076	157.283429	113.192908	0.000324	1.2
954	-0.298902	156.640631	113.602500	0.000821	1.0
955	-0.272540	156.112630	113.941167	0.000912	1.1
956	-0.258329	155.465590	114.358951	0.000629	1.2
957	-0.292953	156.458673	113.718983	0.000503	1.0
958	-0.282003	155.812975	114.134270	0.000687	1.1
959	-0.285350	156.804419	113.497853	0.000796	1.0
960	-0.276900	157.804399	112.863106	0.000552	1.0
961	-0.293259	157.157364	113.273004	0.001168	0.9
962	-0.280610	156.510157	113.686000	0.000848	0.9
963	-0.252927	155.885455	114.087502	0.000710	1.0
964	-0.275988	155.238245	114.506473	0.000742	1.3
965	-0.299274	154.591033	114.928533	0.000661	1.1
966	-0.286427	155.590856	114.277830	0.000403	1.1
967	-0.267808	155.183269	114.542203	0.000656	1.1
968	-0.327253	155.511353	114.329302	0.000900	1.5
969	-0.248238	156.477893	113.706668	0.000856	1.0
970	-0.286109	155.830681	114.122841	0.000253	1.0
971	-0.291356	155.258709	114.493178	0.000529	1.0
972	-0.288463	156.086216	113.958162	0.000780	0.9
973	-0.311555	157.084418	113.319402	0.000737	1.1
974	-0.286361	156.443137	113.728940	0.000591	1.2
975	-0.297272	155.820387	114.129486	0.001516	1.1
976	-0.288511	155.173178	114.548764	0.000698	0.9
977	-0.308130	156.173178	113.902228	0.000655	1.0
978	-0.288807	155.526112	114.319743	0.000973	1.0
979	-0.289833	156.174910	113.901115	0.001354	1.1
980	-0.303451	155.528392	114.318267	0.000582	1.1
981	-0.293302	156.528388	113.674326	0.000726	1.0
982	-0.287703	157.527412	113.038214	0.000649	1.0
983	-0.287142	156.880224	113.449485	0.000316	1.3
984	-0.287196	157.262730	113.206052	0.000661	1.4
985	-0.281044	157.730714	112.909636	0.000625	1.1
986	-0.287870	158.724322	112.285413	0.000979	1.1
987	-0.304225	158.077110	112.691230	0.000134	1.1
988	-0.288607	157.722345	112.914923	0.001120	1.0
989	-0.291886	158.006408	112.735740	0.000532	1.0
990	-0.321380	157.359196	113.144824	0.000377	1.0
991	-0.301812	157.628771	112.974073	0.000893	1.1
992	-0.318163	158.576664	112.377741	0.000498	1.2
993	-0.271844	158.950773	112.144113	0.000875	1.0
994	-0.282362	158.303719	112.548808	0.000632	1.0
995	-0.277751	159.303058	111.925000	0.000471	1.0
996	-0.299243	158.657449	112.327209	0.000715	1.1
997	-0.298633	159.648264	111.711119	0.000863	1.2
998	-0.288417	160.648235	111.096151	0.000761	1.3
999	-0.282934	160.001114	111.493346	0.000894	1.2
1000	-0.302522	161.001114	110.880749	0.001157	1.2
1001	-0.268675	162.001114	110.274847	0.000949	1.1
1002	-0.301487	163.001082	109.675549	0.000434	0.9
1003	-0.306997	162.358516	110.059899	0.000914	0.9
1004	-0.283104	161.717653	110.445923	0.000485	0.9
1005	-0.299470	162.717490	109.844848	0.001315	1.0
1006	-0.284564	162.897346	109.737418	0.000783	1.0
1007	-0.296634	162.924103	109.721453	0.000243	1.0
1008	-0.286731	162.294968	110.098057	0.001066	1.0
1009	-0.273741	163.271915	109.514354	0.000853	1.3
1010	-0.267017	162.626257	109.899424	0.001135	1.4
1011	-0.278064	163.626257	109.304170	0.000624	1.1
1012	-0.306376	164.595718	108.733219	0.000936	1.3
1013	-0.275540	163.948555	109.113693	0.000622	1.2
1014	-0.282291	163.301422	109.496821	0.000746	1.1
1015	-0.279810	164.301328	108.905964	0.000917	1.0
1016	-0.298363	165.301328	108.321395	0.000629	1.0
1017	-0.280693	166.002935	107.914990	0.001087	1.0
1018	-0.304920	166.946808	107.373038	0.000466	1.1
1019	-0.279193	166.304474	107.741259	0.000529	1.1
1020	-0.303998	165.696831	108.091925	0.000403	1.1
1021	-0.298785	165.271198	108.338916	0.000835	1.0
1022	-0.291678	165.131540	108.420205	0.000865	1.0
1023	-0.287794	164.484328	108.798517	0.000821	0.9
1024	-0.276174	163.837116	109.179478	0.001243	1.0
1025	-0.256989	164.837116	108.591977	0.000243	1.0
1026	-0.298142	164.198918	108.966186	0.000801	1.1
1027	-0.283581	163.564364	109.340825	0.000960	1.0
1028	-0.273583	164.564364	108.751591	0.000728	1.2
1029	-0.293150	165.414996	108.255346	0.000798	0.9
1030	-0.301017	164.767786	108.632504	0.000654	1.0
1031	-0.306158	165.633929	108.128355	0.000772	0.9
1032	-0.300685	166.484516	107.637795	0.001160	1.0
1033	-0.308876	167.484474	107.066749	0.000697	1.0
1034	-0.286400	168.277207	106.618330	0.000566	1.0
1035	-0.273478	168.216810	106.652363	0.000377	1.0
1036	-0.299777	167.690423	106.949889	0.000994	1.2
1037	-0.281785	167.659259	106.967556	0.001191	1.1
1038	-0.305569	168.659259	106.403557	0.000518	0.9
1039	-0.277127	169.656748	105.846869	0.000439	1.1
1040	-0.271449	169.195927	106.103322	0.001041	1.2
1041	-0.307192	169.364286	106.009484	0.000630	0.9
1042	-0.278646	170.362271	105.456628	0.000644	0.9
1043	-0.295697	170.714844	105.262688	0.000770	1.0
1044	-0.283331	170.067667	105.619230	0.000570	1.0
1045	-0.284337	171.067431	105.069453	0.001868	1.1
1046	-0.286370	170.420218	105.424704	0.001049	1.1
1047	-0.311856	171.420218	104.876816	0.000459	1.1
1048	-0.265562	170.959307	105.128634	0.000873	1.0
1049	-0.312057	170.321800	105.478936	0.000780	1.0
1050	-0.288643	171.312563	104.935525	0.000426	1.0
1051	-0.280504	171.133436	105.033357	0.000826	1.0
1052	-0.288022	170.498639	105.381531	0.000388	1.1
1053	-0.304673	171.362884	104.908075	0.000556	1.0
1054	-0.287353	171.914186	104.608273	0.000926	1.3
1055	-0.279714	172.403399	104.343666	0.001071	1.0
1056	-0.297769	173.403399	103.806929	0.000708	0.9
1057	-0.297188	174.402877	103.275960	0.000843	0.9
1058	-0.299337	173.758801	103.617499	0.001341	0.9
1059	-0.281106	173.111589	103.962983	0.000400	1.1
1060	-0.300135	173.422815	103.796562	0.000740	1.0
1061	-0.293299	172.803383	104.128315	0.000844	1.0
1062	-0.295866	173.803382	103.593785	0.000679	1.0
1063	-0.294865	173.158859	103.937672	0.000943	1.0
1064	-0.311690	172.513453	104.284325	0.000703	1.1
1065	-0.299863	171.930710	104.599314	0.000963	1.1
1066	-0.296787	172.930692	104.059958	0.000476	1.0
1067	-0.282509	172.342616	104.376470	0.000559	0.9
1068	-0.282721	172.398114	104.346518	0.000900	1.0
1069	-0.283855	171.888327	104.622297	0.000556	1.2
1070	-0.278051	172.888170	104.082780	0.000642	1.0
1071	-0.298698	173.781700	103.605317	0.001293	0.9
1072	-0.289008	173.134493	103.950717	0.000549	0.9
1073	-0.291311	172.490607	104.296638	0.000731	1.0
1074	-0.270472	171.923074	104.603454	0.000751	1.4
1075	-0.278330	171.530523	104.816730	0.001088	1.0
1076	-0.274047	170.883325	105.170263	0.001154	1.0
1077	-0.308355	171.881146	104.626192	0.000751	0.9
1078	-0.276933	172.880659	104.086812	0.000713	1.0
1079	-0.302095	173.873016	103.556768	0.001419	1.0
1080	-0.307744	173.308747	103.857495	0.000618	1.0
1081	-0.286482	174.308740	103.325739	0.000268	1.0
1082	-0.267575	175.047275	102.936497	0.000389	1.0
1083	-0.285163	174.977765	102.973007	0.000700	1.3
1084	-0.288514	174.405616	103.274513	0.000845	1.1
1085	-0.280974	175.405597	102.748700	0.000594	0.9
1086	-0.291669	176.403126	102.229484	0.000747	0.9
1087	-0.291253	176.891437	101.977226	0.000476	0.9
1088	-0.304143	177.891323	101.464556	0.000713	0.9
1089	-0.284944	178.890772	100.957236	0.000621	0.9
1090	-0.299131	179.669251	100.565581	0.000715	1.0
1091	-0.291046	180.669191	100.066945	0.001522	1.1
1092	-0.292544	180.021979	100.389121	0.000874	0.9
1093	-0.275805	179.374937	100.713293	0.001023	1.1
1094	-0.290654	178.759374	101.023644	0.000524	1.0
1095	-0.277707	179.682186	100.559099	0.001078	0.9
1096	-0.307250	180.682185	100.060498	0.000948	0.9
1097	-0.311187	181.682182	99.566818	0.000999	0.9
1098	-0.275886	182.682181	99.077984	0.000666	0.9
1099	-0.299765	182.034969	99.393813	0.000388	1.1
1100	-0.299431	183.009674	98.918936	0.000976	1.0
1101	-0.323498	182.363051	99.233463	0.000268	1.0
1102	-0.300688	183.240944	98.806926	0.000532	0.9
1103	-0.293079	184.134568	98.376495	0.000548	1.0
1104	-0.262811	183.488011	98.687545	0.001056	1.0
1105	-0.309720	184.487997	98.207292	0.001395	0.9
1106	-0.288242	183.840784	98.517587	0.000816	1.0
1107	-0.304509	183.193573	98.829848	0.000822	1.1
1108	-0.267140	184.147350	98.370365	0.000711	1.0
1109	-0.297399	183.775042	98.549216	0.001412	1.0
1110	-0.258969	184.775042	98.070299	0.000683	0.9
1111	-0.278509	184.127844	98.379720	0.000371	1.0
1112	-0.301674	184.814244	98.051619	0.000370	1.3
1113	-0.291371	185.549731	97.702474	0.000611	1.1
1114	-0.284001	186.481417	97.263746	0.000960	1.3
1115	-0.277405	187.481140	96.797340	0.000936	1.0
1116	-0.261019	186.834274	97.098613	0.000822	0.9
1117	-0.285697	187.834273	96.633659	0.000499	0.9
1118	-0.272612	187.226445	96.915739	0.000278	0.9
1119	-0.266014	188.042857	96.537237	0.000194	0.9
1120	-0.299103	187.652884	96.717665	0.001115	1.0
1121	-0.276937	187.017319	97.013171	0.000191	1.0
1122	-0.276334	187.231764	96.913263	0.001091	1.1
1123	-0.286990	186.680281	97.170611	0.000952	1.0
1124	-0.297312	186.033068	97.474379	0.000633	0.9
1125	-0.289365	185.388086	97.778996	0.000837	0.9
1126	-0.284186	184.740874	98.086585	0.000404	0.9
1127	-0.305490	185.441783	97.753563	0.000941	0.9
1128	-0.290912	186.181317	97.404631	0.000764	0.9
1129	-0.284007	185.735173	97.614835	0.001115	0.9
1130	-0.273664	186.628825	97.194692	0.000389	1.1
1131	-0.284809	187.628555	96.728944	0.000535	1.1
1132	-0.261837	187.222302	96.917667	0.000593	1.1
1133	-0.287226	188.221976	96.454590	0.000372	1.1
1134	-0.299748	189.200884	96.005399	0.001009	1.2
1135	-0.287450	188.555375	96.301132	0.000477	1.2
1136	-0.289333	187.908363	96.599387	0.001079	1.1
1137	-0.327347	187.261167	96.899581	0.000603	1.1
1138	-0.289518	188.254660	96.439524	0.001001	1.2
1139	-0.274465	187.607525	96.738695	0.000553	1.1
1140	-0.278079	188.607328	96.277263	0.000954	1.1
1141	-0.295254	187.960116	96.575462	0.001053	1.1
1142	-0.269848	187.312904	96.875515	0.000747	1.0
1143	-0.251869	186.667232	97.176717	0.000238	1.0
1144	-0.288109	187.233071	96.912655	0.000716	1.3
1145	-0.265911	186.601511	97.207480	0.000468	1.2
1146	-0.291505	187.361967	96.852703	0.000421	1.1
1147	-0.297421	186.929787	97.054011	0.000612	1.2
1148	-0.275347	186.408100	97.298128	0.000667	1.1
1149	-0.285468	185.787423	97.590170	0.000719	1.0
1150	-0.281094	186.785384	97.121460	0.000835	1.0
1151	-0.297809	187.763766	96.666295	0.000892	1.4
1152	-0.274033	188.763703	96.205490	0.000846	1.3
1153	-0.287018	188.387435	96.378371	0.000305	1.1
1154	-0.301788	187.744770	96.675092	0.000779	1.2
1155	-0.296630	188.712969	96.228764	0.000669	1.1
1156	-0.300352	189.121718	96.041571	0.000727	1.6
1157	-0.288509	190.121715	95.586661	0.000585	1.1
1158	-0.287283	190.883551	95.242975	0.000528	1.0
1159	-0.287246	190.238513	95.533809	0.001251	1.2
1160	-0.294761	190.133496	95.581327	0.000912	1.1
1161	-0.299514	189.486284	95.875225	0.000302	1.1
1162	-0.274628	190.452668	95.437055	0.000358	1.1
1163	-0.297499	190.938876	95.218113	0.000451	1.4
1164	-0.309075	190.516320	95.408335	0.000489	1.2
1165	-0.281395	191.473694	94.978439	0.000339	1.3
1166	-0.311184	191.904980	94.786039	0.000474	1.1
1167	-0.279762	191.525700	94.955197	0.000928	1.2
1168	-0.275314	192.514807	94.515318	0.000762	1.2
1169	-0.270319	191.871055	94.801145	0.000725	1.2
1170	-0.287941	192.864134	94.360936	0.000894	1.3
1171	-0.306206	192.216936	94.647359	0.000660	1.3
1172	-0.283548	191.569723	94.935532	0.000632	1.3
1173	-0.289954	190.925865	95.223959	0.000306	1.1
1174	-0.286696	191.421738	95.001670	0.000619	1.2
1175	-0.289313	190.865070	95.251283	0.000714	1.0
1176	-0.290103	191.413568	95.005324	0.000547	1.0
1177	-0.314200	192.412683	94.560546	0.000895	1.0
1178	-0.312951	193.412678	94.119527	0.000573	1.2
1179	-0.267256	194.389956	93.692483	0.000488	1.1
1180	-0.295505	193.778158	93.959367	0.000759	1.0
1181	-0.276517	193.256989	94.187918	0.000324	1.2
1182	-0.281775	193.007426	94.297755	0.000287	1.3
1183	-0.294272	193.030456	94.287608	0.000998	1.3
1184	-0.277134	192.384880	94.572866	0.000916	1.2
1185	-0.269335	193.384880	94.131731	0.000695	1.4
1186	-0.289611	192.737668	94.416768	0.001070	1.2
1187	-0.326093	193.737668	93.977084	0.000994	1.3
1188	-0.280527	193.098288	94.257735	0.000735	1.2
1189	-0.305981	193.117239	94.249393	0.000687	1.1
1190	-0.276636	194.117233	93.811265	0.000635	1.0
1191	-0.279429	193.470083	94.094335	0.000819	1.1
1192	-0.306169	193.023561	94.290646	0.000917	1.3
1193	-0.279188	194.023561	93.852133	0.000494	1.2
1194	-0.292618	193.592113	94.040827	0.000745	1.2
1195	-0.286786	193.674295	94.004826	0.000517	1.1
1196	-0.301395	193.027303	94.288997	0.000497	1.2
1197	-0.290433	192.770488	94.402272	0.000444	1.1
1198	-0.282808	193.225641	94.201701	0.000520	1.0
1199	-0.294871	193.688658	93.998537	0.000414	1.0
1200	-0.293400	193.899055	93.906508	0.000717	1.0
1201	-0.256060	193.254703	94.188923	0.000591	1.1
1202	-0.302113	192.617825	94.469737	0.000968	1.1
1203	-0.295913	191.970740	94.756772	0.001090	1.1
1204	-0.279655	191.323545	95.045605	0.000567	1.0
1205	-0.288256	192.322374	94.600578	0.000599	1.2
1206	-0.292008	193.319280	94.160543	0.001532	1.2
1207	-0.286510	192.675160	94.444388	0.000595	0.9
1208	-0.259041	193.675160	94.004448	0.000850	1.1
1209	-0.310675	193.048747	94.279551	0.000625	0.9
1210	-0.308190	192.401640	94.565439	0.000314	1.0
1211	-0.301506	191.897881	94.789200	0.000557	1.0
1212	-0.301601	192.856669	94.364230	0.000420	1.0
1213	-0.299819	192.613532	94.471636	0.000635	0.9
1214	-0.269218	192.159822	94.672718	0.000225	1.1
1215	-0.257060	191.606591	94.919070	0.000541	1.1
1216	-0.291193	191.001000	95.190211	0.000599	1.1
1217	-0.266784	191.997297	94.744957	0.001355	1.1
1218	-0.283467	192.372736	94.578249	0.000768	1.1
1219	-0.286777	193.372736	94.137063	0.000449	1.0
1220	-0.294780	192.727404	94.421302	0.000465	0.9
1221	-0.284265	192.179714	94.663884	0.000532	1.1
1222	-0.287086	193.147085	94.236257	0.000496	1.2
1223	-0.289023	192.820073	94.380380	0.000904	1.2
1224	-0.291927	193.146332	94.236589	0.000441	1.9
1225	-0.287460	194.066369	93.833452	0.000914	1.2
1226	-0.276471	194.325161	93.720677	0.000771	1.1
1227	-0.276477	195.325160	93.287437	0.000949	1.0
1228	-0.310138	194.741684	93.539734	0.000420	1.0
1229	-0.297102	194.309344	93.727561	0.000741	1.0
1230	-0.288408	195.247069	93.321125	0.001156	1.1
1231	-0.288905	196.247069	92.891563	0.000882	1.4
1232	-0.285868	195.599856	93.169128	0.000916	1.1
1233	-0.327950	194.952644	93.448357	0.000825	1.1
1234	-0.276892	194.305432	93.729265	0.000602	1.2
1235	-0.299528	193.658231	94.011861	0.000112	1.3
1236	-0.274810	194.007399	93.859187	0.001070	1.0
1237	-0.289844	194.139523	93.801545	0.000665	1.0
1238	-0.289303	195.139523	93.367560	0.001030	0.9
1239	-0.304932	194.692428	93.561095	0.001104	1.0
1240	-0.303130	195.692428	93.129326	0.001105	1.2
1241	-0.289831	196.692428	92.701524	0.000626	1.1
1242	-0.279435	196.045216	92.977953	0.001009	1.0
1243	-0.289688	197.045179	92.551552	0.000697	1.0
1244	-0.286243	196.397972	92.827084	0.000413	1.0
1245	-0.273523	197.390246	92.405317	0.000412	1.0
1246	-0.290495	197.433843	92.386873	0.000395	1.0
1247	-0.280492	198.035175	92.133238	0.000702	1.0
1248	-0.279783	198.923058	91.761273	0.000407	1.1
1249	-0.283514	198.277328	92.031493	0.000290	1.1
1250	-0.311232	199.013152	91.723697	0.000352	1.4
1251	-0.293239	199.189798	91.650113	0.000470	1.1
1252	-0.328015	199.811563	91.392043	0.000833	1.1
1253	-0.309298	200.795844	90.986465	0.000717	1.1
1254	-0.293735	201.792745	90.579340	0.000250	1.2
1255	-0.283021	201.350102	90.759661	0.000511	1.3
1256	-0.289481	201.945760	90.517172	0.000207	1.0
1257	-0.276605	202.621357	90.243705	0.000988	1.0
1258	-0.292293	202.134749	90.440507	0.000514	1.1
1259	-0.304843	203.134712	90.037012	0.000577	1.0
1260	-0.275697	203.890817	89.734299	0.000552	1.0
1261	-0.280128	203.244419	89.992963	0.000816	1.0
1262	-0.269989	202.669941	90.224103	0.000491	1.1
1263	-0.271619	203.529208	89.878818	0.001085	1.0
1264	-0.277885	204.528224	89.480684	0.000341	1.2
1265	-0.275447	205.194657	89.217049	0.000686	1.1
1266	-0.293302	204.723042	89.403455	0.000863	1.1
1267	-0.276805	205.723042	89.009126	0.000325	1.1
1268	-0.272166	205.123194	89.245245	0.000658	1.0
1269	-0.273170	204.693503	89.415156	0.001099	1.0
1270	-0.265872	205.693499	89.020726	0.000308	1.0
1271	-0.297373	206.666335	88.640333	0.000519	1.0
1272	-0.298424	206.053256	88.879676	0.000871	1.0
1273	-0.296669	207.052941	88.490066	0.000641	1.0
1274	-0.288717	206.405736	88.741912	0.000241	1.2
1275	-0.286904	207.230886	88.421073	0.000493	1.0
1276	-0.271840	206.715679	88.621125	0.000610	0.9
1277	-0.279592	206.093120	88.864074	0.001022	1.0
1278	-0.305081	205.445917	89.118055	0.000584	0.9
1279	-0.264250	206.438742	88.729034	0.000670	0.9
1280	-0.280201	207.438646	88.340656	0.000718	1.1
1281	-0.267640	208.433568	87.957573	0.001043	1.1
1282	-0.283232	209.433329	87.575959	0.000791	1.0
1283	-0.268943	210.433329	87.197552	0.000738	1.0
1284	-0.280658	209.854785	87.416078	0.001180	1.0
1285	-0.286185	210.854784	87.039049	0.001285	1.2
1286	-0.281732	210.207571	87.282694	0.000885	1.0
1287	-0.315737	211.207571	86.906812	0.000651	0.9
1288	-0.283915	212.207303	86.534253	0.000525	0.9
1289	-0.314065	213.175050	86.176644	0.000543	1.0
1290	-0.289772	213.286337	86.135709	0.001595	1.0
1291	-0.283902	212.662449	86.365695	0.000337	1.0
1292	-0.270304	213.660646	85.998313	0.001094	1.0
1293	-0.300766	214.527128	85.681934	0.000222	1.0
1294	-0.313667	215.340489	85.387061	0.000735	1.1
1295	-0.299369	216.286365	85.046689	0.000281	1.1
1296	-0.285957	215.798886	85.221768	0.000696	1.6
1297	-0.275130	215.933240	85.173443	0.000516	1.6
1298	-0.292139	216.931030	84.816259	0.000788	1.1
1299	-0.314582	217.805963	84.505510	0.001636	1.5
1300	-0.288845	218.805962	84.153119	0.001502	1.6
1301	-0.294924	218.158750	84.380855	0.000815	1.1
1302	-0.307696	217.518876	84.607223	0.000594	1.3
1303	-0.296204	218.518474	84.254126	0.000316	1.5
1304	-0.297193	217.881768	84.478694	0.000423	1.4
1305	-0.256361	217.282907	84.691009	0.001036	1.1
1306	-0.301638	218.282765	84.337122	0.000212	1.0
1307	-0.287703	218.976159	84.093436	0.000777	1.0
1308	-0.278733	218.450922	84.277896	0.000705	1.2
1309	-0.291588	218.394693	84.297691	0.000670	1.0
1310	-0.269127	218.022234	84.429049	0.001649	1.0
1311	-0.265619	217.375024	84.658281	0.000803	1.0
1312	-0.281950	216.727811	84.888763	0.000438	0.9
1313	-0.279644	216.220421	85.070331	0.000943	0.9
1314	-0.274344	215.860388	85.199640	0.000816	0.9
1315	-0.267257	215.224399	85.429024	0.000566	0.9
1316	-0.292296	216.086254	85.118473	0.001050	1.0
1317	-0.285385	217.086254	84.760962	0.000725	1.0
1318	-0.305791	218.086254	84.406441	0.001106	1.0
1319	-0.306441	219.086254	84.054874	0.000593	1.2
1320	-0.299310	219.509159	83.907074	0.000391	1.1
1321	-0.285865	219.193224	84.017440	0.000727	0.9
1322	-0.290903	220.145454	83.685674	0.000567	0.9
1323	-0.297180	221.061115	83.369110	0.000971	0.9
1324	-0.290679	220.493278	83.565141	0.000806	1.4
1325	-0.263042	219.997717	83.736975	0.000438	1.1
1326	-0.291068	219.611027	83.871550	0.000460	1.2
1327	-0.287247	218.991669	84.088001	0.001169	1.1
1328	-0.291676	219.849199	83.788611	0.000532	0.9
1329	-0.288884	220.849199	83.442161	0.000240	1.0
1330	-0.281279	221.769064	83.125994	0.000557	1.0
1331	-0.253440	222.180367	82.985399	0.000689	1.0
1332	-0.283203	223.163150	82.651374	0.000734	1.0
1333	-0.283463	222.525306	82.867855	0.000910	0.9
1334	-0.269209	222.427474	82.901159	0.000820	1.0
1335	-0.293206	223.427470	82.561996	0.000533	1.0
1336	-0.286728	223.870172	82.412732	0.000438	1.0
1337	-0.268190	224.273691	82.277148	0.000637	1.0
1338	-0.277478	223.644058	82.488902	0.000537	1.3
1339	-0.285944	224.575932	82.175886	0.000647	1.2
1340	-0.304095	224.286931	82.272707	0.000537	1.1
1341	-0.301937	224.267900	82.279091	0.000875	0.9
1342	-0.287784	223.620879	82.496718	0.000772	0.9
1343	-0.295513	222.974945	82.715132	0.001345	0.9
1344	-0.323114	222.367013	82.921755	0.001173	0.9
1345	-0.299219	221.719801	83.142866	0.000563	0.9
1346	-0.299988	221.072603	83.365154	0.000464	0.9
1347	-0.302881	220.433042	83.585990	0.001194	1.0
1348	-0.290821	219.790252	83.809123	0.000829	1.2
1349	-0.283781	219.579759	83.882451	0.000967	1.1
1350	-0.274927	220.577795	83.535905	0.000700	1.0
1351	-0.281222	219.931076	83.760136	0.000484	1.0
1352	-0.301180	219.379976	83.952167	0.000841	0.9
1353	-0.285105	220.379011	83.604700	0.000889	0.9
1354	-0.274514	219.736705	83.827764	0.000380	1.2
1355	-0.269335	219.095943	84.051482	0.000755	1.4
1356	-0.284363	219.518914	83.903671	0.000909	1.2
1357	-0.291103	220.518914	83.556271	0.000440	1.0
1358	-0.310672	220.403448	83.596237	0.000911	1.0
1359	-0.274277	219.802705	83.804789	0.000495	0.9
1360	-0.301822	220.802609	83.458238	0.001108	0.9
1361	-0.288158	220.747578	83.477237	0.000934	1.0
1362	-0.299294	220.100404	83.701311	0.001133	1.0
1363	-0.291149	219.453192	83.926604	0.000489	1.1
1364	-0.246755	219.750924	83.822813	0.000798	0.9
1365	-0.255909	220.750181	83.476338	0.000856	0.9
1366	-0.271801	220.102970	83.700420	0.001059	1.0
1367	-0.280321	219.464025	83.922823	0.000804	1.0
1368	-0.279580	219.983090	83.742058	0.001061	1.1
1369	-0.280520	220.974025	83.399116	0.000575	1.3
1370	-0.292075	221.955998	83.062036	0.000522	1.1
1371	-0.271623	222.938370	82.727534	0.000263	1.1
1372	-0.291082	222.796203	82.775776	0.000928	1.0
1373	-0.273946	222.218143	82.972510	0.000568	0.9
1374	-0.297820	223.218135	82.632765	0.000639	1.0
1375	-0.293170	223.257586	82.619419	0.000702	1.1
1376	-0.269795	224.255436	82.283272	0.000637	1.0
1377	-0.291443	224.646643	82.152231	0.000807	1.0
1378	-0.308899	225.632345	81.823898	0.000724	1.1
1379	-0.293061	224.985137	82.039184	0.000375	1.0
1380	-0.300455	224.362257	82.247449	0.000619	1.0
1381	-0.288684	225.329436	81.924516	0.000343	1.0
1382	-0.307673	224.719882	82.127745	0.001185	1.0
1383	-0.301074	225.709000	81.798474	0.001033	1.2
1384	-0.266848	226.709000	81.468254	0.001461	1.1
1385	-0.291883	227.709000	81.140690	0.000330	1.1
1386	-0.287355	228.654165	80.833500	0.000658	1.2
1387	-0.256399	229.552974	80.543525	0.001445	1.1
1388	-0.285501	230.507909	80.237714	0.000599	0.9
1389	-0.275877	229.860697	80.444725	0.001339	1.1
1390	-0.278054	230.771265	80.153785	0.000580	1.1
1391	-0.279561	231.771265	79.836685	0.000540	1.0
1392	-0.273674	231.133885	80.038507	0.001126	0.9
1393	-0.279995	230.486697	80.244482	0.000705	1.0
1394	-0.309698	229.839486	80.451527	0.001113	1.1
1395	-0.267032	230.839139	80.132182	0.000829	1.0
1396	-0.318339	231.839021	79.815290	0.000912	1.1
1397	-0.281261	232.761871	79.525028	0.000653	1.1
1398	-0.277360	232.114816	79.728323	0.001435	1.0
1399	-0.278887	233.114816	79.414574	0.000625	1.0
1400	-0.283139	232.467876	79.617268	0.000865	1.0
1401	-0.280519	231.969974	79.773973	0.000698	1.2
1402	-0.284932	231.322762	79.978594	0.000956	1.0
1403	-0.280178	230.685838	80.180990	0.000425	1.0
1404	-0.279419	230.458266	80.253555	0.000724	1.0
1405	-0.300607	231.442674	79.940604	0.000642	0.9
1406	-0.277490	232.442656	79.625191	0.000785	1.0
1407	-0.292991	231.810443	79.824313	0.000852	1.0
1408	-0.309800	232.809673	79.510050	0.000556	0.9
1409	-0.318500	233.599310	79.263451	0.000725	0.9
1410	-0.281152	232.968206	79.460418	0.000471	1.2
1411	-0.289868	233.829821	79.191751	0.000342	1.2
1412	-0.252375	234.355350	79.028772	0.001024	1.3
1413	-0.263962	234.121597	79.101182	0.001483	1.1
1414	-0.284936	235.121597	78.792339	0.000775	1.0
1415	-0.307990	236.121597	78.485899	0.000223	1.0
1416	-0.326077	237.067297	78.198284	0.000817	1.0
1417	-0.273527	238.033783	77.906517	0.000876	1.2
1418	-0.288700	239.033783	77.606915	0.000975	1.1
1419	-0.285182	238.387025	77.800421	0.001051	1.1
1420	-0.273318	239.371634	77.506215	0.000555	1.2
1421	-0.300507	238.724463	77.699342	0.000744	1.1
1422	-0.295470	239.320345	77.521485	0.000685	1.0
1423	-0.312691	240.223634	77.253423	0.000618	1.1
1424	-0.292740	239.594088	77.440052	0.000873	1.2
1425	-0.302625	238.950225	77.631861	0.000336	1.4
1426	-0.319558	238.312731	77.822711	0.000905	1.2
1427	-0.320980	239.198167	77.557886	0.000793	2.1
1428	-0.300350	240.197624	77.261116	0.000600	1.3
1429	-0.277591	241.197620	76.966449	0.000359	1.3
1430	-0.275157	242.188814	76.676586	0.000773	1.2
1431	-0.303874	241.550642	76.862961	0.000810	1.1
1432	-0.313341	240.903450	77.052898	0.001243	1.1
1433	-0.293767	241.903450	76.759813	0.000451	1.1
1434	-0.278047	242.784684	76.503379	0.000186	1.1
1435	-0.297862	242.263098	76.654951	0.001030	1.1
1436	-0.289019	241.913616	76.756845	0.000654	1.1
1437	-0.286115	242.913616	76.466005	0.001528	1.1
1438	-0.303376	243.913616	76.177360	0.000333	1.1
1439	-0.302966	244.911956	75.891359	0.000576	1.2
1440	-0.298991	244.538108	75.998206	0.000562	1.4
1441	-0.327618	244.789990	75.926184	0.000909	1.4
1442	-0.297876	244.143042	76.111444	0.000610	1.5
1443	-0.283398	245.143041	75.825465	0.000476	1.2
1444	-0.285311	246.013629	75.578239	0.000449	1.2
1445	-0.290575	245.374916	75.759460	0.000504	1.2
1446	-0.271463	246.144144	75.541315	0.001190	1.2
1447	-0.297684	246.169529	75.534137	0.001538	1.2
1448	-0.301332	247.169529	75.252471	0.000505	1.1
1449	-0.286680	246.556755	75.424819	0.000753	1.2
1450	-0.310220	245.987874	75.585529	0.000694	1.2
1451	-0.271376	246.961354	75.310934	0.000641	1.1
1452	-0.278544	246.499219	75.441042	0.000561	1.2
1453	-0.289482	245.852441	75.623890	0.000672	1.1
1454	-0.282000	246.044450	75.569516	0.001814	1.1
1455	-0.291367	247.044450	75.287587	0.000598	1.3
1456	-0.291993	246.397238	75.469814	0.000812	1.6
1457	-0.293158	247.397146	75.188653	0.000892	1.3
1458	-0.304141	248.397127	74.909558	0.000568	1.4
1459	-0.289807	247.806037	75.074280	0.000883	1.3
1460	-0.284396	247.158852	75.255468	0.000994	1.0
1461	-0.305579	248.155754	74.976736	0.000529	1.1
1462	-0.302517	247.920640	75.042287	0.000785	1.1
1463	-0.279563	248.919689	74.764534	0.000553	1.2
1464	-0.279108	248.375265	74.915638	0.001120	1.1
1465	-0.308703	249.325776	74.652222	0.000400	1.2
1466	-0.269727	250.325561	74.377142	0.000637	1.0
1467	-0.283664	249.679074	74.554784	0.000343	1.3
1468	-0.259789	249.312201	74.655971	0.000423	1.1
1469	-0.323246	248.739903	74.814366	0.000283	1.5
1470	-0.320626	248.215081	74.960213	0.000874	1.2
1471	-0.271263	248.116583	74.987649	0.000507	1.1
1472	-0.292237	247.469571	75.168369	0.000873	1.2
1473	-0.278864	248.349950	74.922679	0.000790	1.4
1474	-0.301414	247.702739	75.103141	0.000462	1.2
1475	-0.290052	248.621021	74.847353	0.000919	1.2
1476	-0.281042	247.979128	75.025969	0.001240	1.3
1477	-0.288610	248.979017	74.748105	0.000977	1.3
1478	-0.270406	248.337547	74.926129	0.000277	1.1
1479	-0.291058	248.780950	74.802983	0.000625	1.1
1480	-0.290261	249.556737	74.588495	0.000620	1.2
1481	-0.275240	248.960724	74.753170	0.001061	1.2
1482	-0.287028	248.313512	74.932816	0.000363	1.2
1483	-0.283981	247.725358	75.096820	0.000644	1.4
1484	-0.286622	247.093209	75.273894	0.000813	1.1
1485	-0.284872	248.092455	74.994372	0.000840	1.2
1486	-0.292327	247.445243	75.175181	0.000502	1.1
1487	-0.289588	246.810914	75.353239	0.000566	1.1
1488	-0.294144	246.335390	75.487274	0.000828	1.1
1489	-0.288373	247.334883	75.206099	0.000701	1.0
1490	-0.281134	246.687682	75.387928	0.001369	1.1
1491	-0.268449	247.687682	75.107350	0.000931	1.1
1492	-0.280159	247.040472	75.288704	0.000489	1.2
1493	-0.262372	246.393668	75.470821	0.001417	1.2
1494	-0.295211	247.378792	75.193795	0.000676	1.1
1495	-0.308078	246.731580	75.375568	0.000607	1.2
1496	-0.301480	246.086241	75.557691	0.000881	1.2
1497	-0.285022	245.439113	75.741206	0.000341	1.2
1498	-0.281921	246.438149	75.458269	0.000441	1.0
1499	-0.303197	247.028632	75.292030	0.000566	1.0
1500	-0.291143	247.563869	75.141976	0.001049	1.0
1501	-0.299766	248.366157	74.918171	0.000444	1.3
1502	-0.282379	249.299042	74.659605	0.001269	1.2
1503	-0.296642	248.708255	74.823145	0.000884	1.1
1504	-0.280617	248.145214	74.979672	0.000692	1.1
1505	-0.287419	247.498002	75.160410	0.000542	1.1
1506	-0.264797	248.478040	74.887066	0.000908	1.1
1507	-0.283737	247.830874	75.067344	0.000962	1.0
1508	-0.294025	247.183661	75.248506	0.000651	1.0
1509	-0.281315	246.536453	75.430543	0.000497	1.1
1510	-0.306128	246.380294	75.474597	0.000858	1.0
1511	-0.290870	247.380075	75.193435	0.000296	1.4
1512	-0.309922	246.868826	75.336948	0.000552	1.0
1513	-0.262233	246.314600	75.493145	0.000308	1.3
1514	-0.308960	247.131600	75.263116	0.000819	1.3
1515	-0.258514	247.055267	75.284549	0.000735	1.2
1516	-0.278555	247.563179	75.142169	0.001029	1.2
1517	-0.293032	248.563132	74.863427	0.001561	1.0
1518	-0.288092	247.956792	75.032200	0.000481	1.1
1519	-0.257411	247.309580	75.213191	0.000493	1.1
1520	-0.290407	248.300372	74.936472	0.000364	1.0
1521	-0.291285	248.888650	74.773133	0.000963	1.1
1522	-0.256421	249.226738	74.679582	0.000663	1.2
1523	-0.285809	248.579549	74.858868	0.000788	1.2
1524	-0.309557	248.554197	74.865908	0.000960	1.2
1525	-0.302433	249.554196	74.589195	0.000335	1.2
1526	-0.283584	250.553849	74.314615	0.000333	1.1
1527	-0.289692	250.893115	74.221886	0.000382	1.1
1528	-0.297261	250.478086	74.335355	0.000512	1.2
1529	-0.272930	250.161651	74.422101	0.000549	1.3
1530	-0.292335	249.541598	74.592669	0.000775	1.3
1531	-0.293582	250.541337	74.318039	0.000695	1.4
1532	-0.290886	249.944220	74.481824	0.001127	1.7
1533	-0.308237	249.297007	74.660167	0.001051	1.4
1534	-0.311235	248.649795	74.839366	0.000712	1.3
1535	-0.286812	249.642838	74.564766	0.000893	1.3
1536	-0.287763	250.634571	74.292531	0.000734	1.1
1537	-0.303546	249.987540	74.469918	0.000892	1.3
1538	-0.299030	250.987540	74.196119	0.000389	1.3
1539	-0.304714	250.340769	74.372973	0.000911	1.4
1540	-0.280566	249.696015	74.550118	0.000314	1.4
1541	-0.312281	249.211295	74.683850	0.000383	1.4
1542	-0.300882	249.818557	74.516385	0.000695	1.2
1543	-0.291705	250.751974	74.260435	0.000732	1.3
1544	-0.311863	251.747141	73.989482	0.000690	1.1
1545	-0.283641	251.135635	74.155741	0.000784	1.2
1546	-0.287299	252.135541	73.884269	0.000215	1.1
1547	-0.257866	251.602834	74.028650	0.000148	1.2
1548	-0.258069	251.445636	74.071364	0.000449	1.1
1549	-0.309136	251.132983	74.156464	0.000336	1.3
1550	-0.266512	251.383027	74.088389	0.000651	1.3
1551	-0.308738	251.383381	74.088293	0.000545	1.3
1552	-0.297284	251.824511	73.968500	0.000750	1.4
1553	-0.271544	252.124637	73.887219	0.000970	1.2
1554	-0.309763	251.517748	74.051763	0.000614	1.1
1555	-0.288005	250.883015	74.224643	0.001045	1.1
1556	-0.292559	250.238028	74.401145	0.000949	1.1
1557	-0.289778	249.821467	74.515584	0.000872	1.1
1558	-0.273230	250.820911	74.241602	0.001121	1.2
1559	-0.277719	251.817389	73.970431	0.000721	1.1
1560	-0.302254	252.595732	73.759995	0.000356	1.1
1561	-0.305080	252.885692	73.681906	0.000885	1.2
1562	-0.307217	253.640033	73.479527	0.000570	1.1
1563	-0.284761	253.066659	73.633254	0.000739	1.1
1564	-0.288167	254.048969	73.370280	0.000996	1.3
1565	-0.277879	253.401757	73.543333	0.000394	1.3
1566	-0.295676	252.754838	73.717126	0.000943	1.2
1567	-0.301810	253.754298	73.448969	0.000778	1.2
1568	-0.287928	254.754298	73.182612	0.000635	1.5
1569	-0.310994	254.107099	73.354777	0.000725	1.3
1570	-0.281388	253.474261	73.523906	0.000574	1.3
1571	-0.280949	253.896177	73.411060	0.000597	1.1
1572	-0.303260	253.328923	73.562859	0.000904	1.4
1573	-0.287361	254.328916	73.295679	0.000715	1.2
1574	-0.287799	255.328913	73.030432	0.000422	1.1
1575	-0.277992	254.705061	73.195681	0.000526	1.2
1576	-0.282992	254.314678	73.299469	0.001051	1.4
1577	-0.292148	255.314064	73.034356	0.000573	1.3
1578	-0.275098	256.314064	72.770993	0.000574	2.9
1579	-0.280345	256.414828	72.744561	0.000881	2.3
1580	-0.255667	255.767651	72.914662	0.000603	1.3
1581	-0.277356	256.701717	72.669409	0.000405	1.4
1582	-0.262206	256.180200	72.806138	0.000428	1.4
1583	-0.299544	255.572295	72.966165	0.001048	1.3
1584	-0.302072	256.570220	72.703836	0.000669	1.3
1585	-0.281201	257.570220	72.442847	0.000559	1.2
1586	-0.286663	257.017890	72.586767	0.000514	1.3
1587	-0.286205	257.796306	72.384100	0.001041	1.2
1588	-0.283289	258.682012	72.154872	0.000929	1.2
1589	-0.279461	258.034799	72.322233	0.000891	1.2
1590	-0.314138	259.022412	72.067159	0.000921	1.3
1591	-0.313837	259.915908	71.837939	0.000348	1.2
1592	-0.281358	259.271256	72.003173	0.001050	1.1
1593	-0.281463	260.270773	71.747304	0.000382	1.1
1594	-0.293470	259.623595	71.912769	0.000781	1.3
1595	-0.294213	260.429565	71.706822	0.001166	1.1
1596	-0.329385	261.429564	71.452930	0.000871	1.3
1597	-0.279265	262.323501	71.227483	0.000771	1.3
1598	-0.321633	261.677483	71.390263	0.000635	1.3
1599	-0.296641	261.030294	71.554086	0.000819	1.2
1600	-0.265475	260.432603	71.706048	0.001089	1.2
1601	-0.282698	261.425277	71.454014	0.000763	1.2
1602	-0.297067	260.778065	71.618136	0.001253	1.3
1603	-0.290579	260.130852	71.783014	0.000297	1.1
1604	-0.287438	259.487576	71.947642	0.001075	1.1
1605	-0.267074	260.280645	71.744786	0.000762	1.0
1606	-0.317449	261.280645	71.490625	0.000875	1.2
1607	-0.303459	261.731681	71.376578	0.000599	1.3
1608	-0.275555	261.089342	71.539108	0.000694	1.3
1609	-0.284012	262.088654	71.286572	0.001223	1.4
1610	-0.277830	263.087475	71.035936	0.000630	1.7
1611	-0.315514	264.087465	70.786766	0.000582	1.6
1612	-0.283854	263.730379	70.875542	0.000836	2.1
1613	-0.291654	264.720050	70.630044	0.000420	1.6
1614	-0.293605	265.713173	70.385395	0.000407	1.9
1615	-0.285158	265.330170	70.479544	0.000844	2.1
1616	-0.281503	264.683043	70.639194	0.000609	1.5
1617	-0.283909	264.087453	70.786769	0.000463	1.4
1618	-0.276487	265.085107	70.539917	0.000771	1.9
1619	-0.292687	266.073538	70.297039	0.000572	1.4
1620	-0.283416	266.981275	70.075458	0.001588	1.3
1621	-0.294322	267.981275	69.832967	0.000609	1.4
1622	-0.295445	267.334063	69.989718	0.001840	2.3
1623	-0.266193	266.686850	70.147175	0.000339	1.6
1624	-0.317541	267.686846	69.904189	0.000719	1.7
1625	-0.295113	267.206932	70.020591	0.000906	1.8
1626	-0.307663	266.559721	70.178187	0.000557	2.0
1627	-0.284962	265.912727	70.336440	0.000671	2.3
1628	-0.295189	266.844201	70.108829	0.000579	1.6
1629	-0.297735	266.616854	70.164246	0.000620	1.5
1630	-0.305293	267.614593	69.921689	0.001341	1.6
1631	-0.273804	267.010501	70.068347	0.001479	2.1
1632	-0.293102	266.363289	70.226158	0.000494	1.5
1633	-0.289804	267.363286	69.982625	0.000626	1.6
1634	-0.307274	266.748581	70.132126	0.000755	1.4
1635	-0.294074	266.550528	70.180430	0.001746	1.5
1636	-0.300359	265.932780	70.331524	0.000839	1.7
1637	-0.277991	265.288621	70.489773	0.000644	2.6
1638	-0.287093	264.641437	70.649483	0.000712	1.6
1639	-0.263088	264.556211	70.670569	0.000896	1.7
1640	-0.306163	265.106258	70.534703	0.001182	2.7
1641	-0.282475	264.459046	70.694624	0.000564	2.3
1642	-0.297865	265.459046	70.447836	0.000620	1.8
1643	-0.292296	266.457370	70.203174	0.001121	1.6
1644	-0.269117	265.810186	70.361587	0.000416	1.3
1645	-0.269165	266.810106	70.117134	0.000578	1.3
1646	-0.301294	267.325272	69.991852	0.000754	1.3
1647	-0.287323	268.325258	69.749941	0.000783	1.3
1648	-0.282538	267.753044	69.888163	0.000881	1.3
1649	-0.320785	268.391441	69.733990	0.000674	1.8
1650	-0.273614	269.391441	69.493852	0.000628	2.0
1651	-0.296239	270.285466	69.280559	0.000514	1.5
1652	-0.282920	269.645317	69.433150	0.000346	1.3
1653	-0.298328	269.004339	69.586613	0.000844	1.5
1654	-0.276206	269.039992	69.578059	0.000908	1.3
1655	-0.262768	270.039992	69.338992	0.000730	1.5
1656	-0.281993	270.669353	69.189373	0.000807	1.4
1657	-0.264014	270.031112	69.341108	0.000417	1.5
1658	-0.269429	269.395019	69.492996	0.000458	1.2
1659	-0.282493	268.754152	69.646698	0.001102	1.4
1660	-0.299009	269.747175	69.408825	0.000738	2.3
1661	-0.261156	269.104474	69.562594	0.000671	1.9
1662	-0.289102	270.104268	69.323682	0.000362	1.8
1663	-0.307244	270.518160	69.225258	0.000709	1.9
1664	-0.305844	270.283297	69.281075	0.002020	1.5
1665	-0.272531	271.203334	69.062935	0.000541	1.3
1666	-0.284909	270.556143	69.216239	0.001078	1.2
1667	-0.318822	269.914631	69.368872	0.000802	1.1
1668	-0.278849	269.343696	69.505280	0.000523	1.4
1669	-0.283240	268.696608	69.660532	0.000869	1.1
1670	-0.287521	269.695907	69.421066	0.000324	1.2
1671	-0.296112	269.063845	69.572338	0.000992	1.3
1672	-0.305693	270.039638	69.339077	0.000887	2.5
1673	-0.272093	271.039581	69.101660	0.000488	1.3
1674	-0.287979	271.949689	68.886982	0.000823	1.4
1675	-0.306396	271.314738	69.036614	0.000578	1.9
1676	-0.292964	270.794094	69.159795	0.001007	1.7
1677	-0.317346	271.793133	68.923815	0.000598	1.7
1678	-0.296101	271.173067	69.070089	0.001120	1.7
1679	-0.289384	272.173067	68.834494	0.000821	2.9
1680	-0.271265	271.529987	68.985816	0.000663	3.4
1681	-0.294292	272.422271	68.776033	0.000355	2.4
1682	-0.279593	273.369405	68.554746	0.000729	1.8
1683	-0.304569	273.926079	68.425349	0.000636	1.4
1684	-0.321277	274.883731	68.203884	0.000323	1.7
1685	-0.264866	274.291434	68.340688	0.000539	1.5
1686	-0.310255	273.815805	68.450943	0.000829	1.6
1687	-0.282084	273.170202	68.601169	0.000209	1.7
1688	-0.287381	273.779125	68.459460	0.000886	2.4
1689	-0.276645	273.877038	68.436729	0.001496	1.8
1690	-0.298181	273.229826	68.587268	0.000591	1.5
1691	-0.292498	274.227091	68.355583	0.000995	1.6
1692	-0.287650	273.681745	68.482083	0.000721	1.6
1693	-0.298621	274.681743	68.250476	0.000403	1.6
1694	-0.300157	275.658044	68.025864	0.000371	1.7
1695	-0.278736	276.119568	67.920198	0.000506	1.6
1696	-0.303513	275.507334	68.060441	0.000309	1.9
1697	-0.309252	275.831247	67.986171	0.000831	1.9
1698	-0.312813	275.864884	67.978467	0.000316	2.2
1699	-0.294034	275.909910	67.968158	0.000970	1.7
1700	-0.270673	275.961102	67.956442	0.000371	2.1
1701	-0.302239	276.957960	67.729084	0.000938	1.7
1702	-0.271757	276.386251	67.859290	0.000459	1.7
1703	-0.316609	277.364604	67.636776	0.000481	1.6
1704	-0.281322	277.263804	67.659634	0.000722	1.6
1705	-0.283053	276.616634	67.806760	0.000201	3.4
1706	-0.296098	277.280496	67.655848	0.000408	1.8
1707	-0.291985	277.020326	67.714911	0.000606	1.9
1708	-0.290404	276.759229	67.774288	0.000389	1.5
1709	-0.293885	277.455991	67.616065	0.000694	1.5
1710	-0.261368	276.900885	67.742061	0.000558	1.3
1711	-0.268060	276.333180	67.871402	0.001060	1.5
1712	-0.270709	275.950945	67.958766	0.000181	1.8
1713	-0.288245	276.801099	67.764759	0.000406	1.3
1714	-0.313134	276.587124	67.813485	0.000402	1.9
1715	-0.289306	277.076326	67.702189	0.000878	1.8
1716	-0.287800	278.074691	67.476187	0.000680	2.5
1717	-0.319485	279.074684	67.251324	0.001209	1.8
1718	-0.260988	278.427472	67.396688	0.001029	1.5
1719	-0.282577	277.821197	67.533428	0.000908	1.4
1720	-0.282513	277.173984	67.680015	0.000550	1.5
1721	-0.291561	276.541797	67.823815	0.001204	1.5
1722	-0.287745	275.894584	67.971667	0.000991	1.6
1723	-0.288240	276.894243	67.743571	0.000740	2.2
1724	-0.287628	277.863764	67.523809	0.000700	2.2
1725	-0.299981	277.424138	67.623282	0.001072	1.8
1726	-0.283257	278.421747	67.397976	0.000927	1.8
1727	-0.274938	279.421745	67.173632	0.000632	1.5
1728	-0.308234	278.775949	67.318342	0.000844	1.5
1729	-0.323278	279.290334	67.203028	0.000363	1.8
1730	-0.286558	279.328748	67.194432	0.000484	1.6
1731	-0.307383	279.073437	67.251603	0.000875	1.7
1732	-0.287242	278.439381	67.394007	0.001093	1.8
1733	-0.280485	279.439381	67.169689	0.000886	2.2
1734	-0.286244	278.792169	67.314700	0.000875	2.3
1735	-0.298896	279.792166	67.090909	0.000577	2.0
1736	-0.302606	279.160690	67.232054	0.000602	1.5
1737	-0.281616	280.147479	67.011751	0.001015	1.4
1738	-0.295728	281.135621	66.792587	0.000929	1.6
1739	-0.315290	280.488409	66.935972	0.000738	1.7
1740	-0.287010	281.487471	66.714895	0.000707	1.8
1741	-0.310275	281.262221	66.764612	0.000872	1.6
1742	-0.294193	282.262217	66.544458	0.000371	2.0
1743	-0.276257	281.870002	66.630633	0.000636	2.0
1744	-0.300419	281.230075	66.771713	0.000807	1.9
1745	-0.297728	282.229704	66.551593	0.000371	1.5
1746	-0.296552	283.223106	66.334277	0.000604	1.5
1747	-0.299337	284.147352	66.133360	0.000947	1.4
1748	-0.295693	283.543756	66.264435	0.000690	1.5
1749	-0.282964	282.905288	66.403648	0.000730	1.5
1750	-0.280746	282.644178	66.460750	0.000435	1.5
1751	-0.291018	282.397803	66.514720	0.000630	1.4
1752	-0.281092	282.449281	66.503436	0.001788	1.3
1753	-0.281568	281.820457	66.641534	0.001133	1.5
1754	-0.304160	281.173245	66.784271	0.000390	1.5
1755	-0.303320	280.526054	66.927615	0.000681	1.6
1756	-0.298594	280.415167	66.952237	0.000936	1.4
1757	-0.288743	281.415125	66.730855	0.000399	1.4
1758	-0.290760	280.811343	66.864352	0.000753	1.6
1759	-0.287388	280.164546	67.007953	0.000507	1.5
1760	-0.281229	279.517579	67.152211	0.000287	1.2
1761	-0.292244	278.955138	67.278127	0.000516	1.3
1762	-0.284818	279.883105	67.070631	0.001155	1.2
1763	-0.267491	280.169217	67.006914	0.000396	1.3
1764	-0.296816	281.169177	66.785170	0.000479	1.7
1765	-0.286259	282.009254	66.600011	0.000754	1.6
1766	-0.293639	281.462125	66.720485	0.000999	1.4
1767	-0.316394	280.814912	66.863561	0.000669	1.2
1768	-0.295361	281.482827	66.715919	0.001449	1.2
1769	-0.305000	282.482338	66.496192	0.000536	1.3
1770	-0.291225	283.482338	66.277801	0.000978	1.3
1771	-0.298427	283.735469	66.222747	0.000844	1.4
1772	-0.302705	283.898441	66.187350	0.001353	1.3
1773	-0.301467	284.898441	65.970980	0.000575	1.3
1774	-0.281515	284.251236	66.110854	0.000384	1.3
1775	-0.298091	285.238777	65.897663	0.000937	1.3
1776	-0.295552	284.931244	65.963906	0.000958	1.6
1777	-0.293052	284.284032	66.103751	0.000361	1.5
1778	-0.312645	284.062554	66.151743	0.000832	1.5
1779	-0.313554	285.060662	65.936013	0.000739	1.2
1780	-0.317252	286.060321	65.721353	0.000940	1.2
1781	-0.305030	285.413271	65.860136	0.000926	1.6
1782	-0.283824	284.861191	65.979014	0.000586	1.4
1783	-0.281953	284.218085	66.118034	0.000720	1.4
1784	-0.296340	283.904623	66.186008	0.000694	1.4
1785	-0.285717	283.257438	66.326792	0.000617	1.5
1786	-0.303859	284.203463	66.121202	0.000169	1.3
1787	-0.297098	284.885333	65.973807	0.000586	2.0
1788	-0.296516	285.335399	65.876878	0.000286	1.3
1789	-0.295728	284.708840	66.011895	0.000312	1.5
1790	-0.271199	285.228958	65.899776	0.000775	1.3
1791	-0.314610	284.633030	66.028269	0.001086	1.5
1792	-0.293792	283.987819	66.167953	0.001058	1.6
1793	-0.321844	283.340606	66.308667	0.000498	1.5
1794	-0.288778	282.944174	66.395152	0.000835	1.5
1795	-0.283309	282.297026	66.536820	0.000566	1.5
1796	-0.272121	281.649816	66.679108	0.000162	1.6
1797	-0.287735	281.133962	66.792954	0.000314	2.2
1798	-0.296459	281.372522	66.740257	0.000640	1.8
1799	-0.279253	281.561718	66.698523	0.001165	1.9
1800	-0.299006	282.561718	66.478804	0.000492	1.6
1801	-0.288279	281.914510	66.620842	0.001193	1.7
1802	-0.326798	281.267305	66.763489	0.001027	1.7
1803	-0.319980	280.620094	66.906749	0.000606	1.4
1804	-0.309569	280.009356	67.042500	0.000388	1.3
1805	-0.297889	281.000159	66.822547	0.000316	1.3
1806	-0.282586	281.927776	66.617925	0.000747	1.3
1807	-0.271679	282.824479	66.421310	0.001159	1.8
1808	-0.297302	283.824479	66.203409	0.001000	1.7
1809	-0.293318	284.824479	65.986934	0.000737	1.8
1810	-0.308234	285.824476	65.771871	0.000619	1.3
1811	-0.271804	286.824344	65.558232	0.001193	1.2
1812	-0.296009	286.217849	65.687654	0.000483	1.6
1813	-0.267979	285.581376	65.824024	0.000890	1.7
1814	-0.306054	284.980478	65.953292	0.001057	1.3
1815	-0.294389	284.333267	66.093092	0.000581	1.7
1816	-0.302687	285.333266	65.877337	0.000936	1.6
1817	-0.284135	285.999969	65.734273	0.000789	1.7
1818	-0.271221	285.554532	65.829788	0.000850	1.5
1819	-0.294567	284.907320	65.969065	0.000328	1.4
1820	-0.297461	285.415380	65.859683	0.000234	1.3
1821	-0.288399	285.503142	65.840825	0.000451	1.5
1822	-0.301558	286.214687	65.688330	0.000394	1.6
1823	-0.287476	286.259584	65.678732	0.000835	1.6
1824	-0.294901	285.615442	65.816711	0.001505	1.6
1825	-0.309177	284.968229	65.955932	0.000818	1.5
1826	-0.284363	284.321017	66.095744	0.000545	1.5
1827	-0.289817	283.674037	66.236099	0.000548	1.5
1828	-0.301230	283.058106	66.370274	0.000746	2.1
1829	-0.273196	282.410998	66.511827	0.001106	1.7
1830	-0.282359	281.855600	66.633801	0.001096	1.3
1831	-0.309661	282.766775	66.433927	0.000592	1.3
1832	-0.300695	282.123847	66.574834	0.000984	1.6
1833	-0.270194	283.123650	66.355970	0.000832	1.6
1834	-0.283580	282.476904	66.497383	0.000757	1.5
1835	-0.317083	281.830459	66.639333	0.000529	1.4
1836	-0.307807	282.720602	66.444027	0.000711	1.4
1837	-0.301980	283.709550	66.228380	0.000617	1.7
1838	-0.301246	284.703566	66.013034	0.000907	1.5
1839	-0.289503	285.701474	65.798248	0.000361	1.4
1840	-0.292347	285.076508	65.932599	0.001060	1.4
1841	-0.281813	284.448153	66.068233	0.000517	1.7
1842	-0.287131	283.801101	66.208487	0.000478	1.3
1843	-0.276630	283.219103	66.335150	0.000301	1.3
1844	-0.266275	284.024806	66.159930	0.000998	1.2
1845	-0.288867	283.603015	66.251543	0.000630	1.3
1846	-0.292626	284.597757	66.035890	0.001259	1.3
1847	-0.292316	284.504410	66.056067	0.000765	1.6
1848	-0.284464	285.488864	65.843893	0.001542	1.4
1849	-0.289513	286.488864	65.629758	0.002308	1.2
1850	-0.294525	285.841651	65.768189	0.000951	2.0
1851	-0.301779	286.841651	65.554546	0.000724	1.6
1852	-0.302785	287.841635	65.342290	0.000601	1.4
1853	-0.272692	288.841613	65.131406	0.000679	1.6
1854	-0.270926	289.841542	64.921888	0.000272	1.5
1855	-0.267941	289.208832	65.054304	0.000401	1.5
1856	-0.280127	289.878194	64.914234	0.000881	1.3
1857	-0.267459	289.240782	65.047605	0.000940	1.6
1858	-0.292829	288.593575	65.183587	0.000394	1.4
1859	-0.311364	289.162792	65.063961	0.001137	1.6
1860	-0.256605	288.920499	65.114827	0.000611	1.8
1861	-0.306662	288.321719	65.240876	0.001140	1.9
1862	-0.290672	287.674582	65.377653	0.000914	1.7
1863	-0.289557	288.674260	65.166604	0.000983	1.4
1864	-0.279751	289.673999	64.956900	0.000196	1.6
1865	-0.284817	289.191131	65.058017	0.000655	1.4
1866	-0.281035	288.795233	65.141157	0.000721	1.6
1867	-0.297155	289.767042	64.937452	0.000548	1.6
1868	-0.303156	289.139048	65.068942	0.001051	1.5
1869	-0.321113	288.494437	65.204467	0.001689	1.5
1870	-0.265770	287.847470	65.341056	0.000962	1.6
1871	-0.283404	287.200258	65.478270	0.000552	1.5
1872	-0.273805	286.554389	65.615776	0.001020	1.7
1873	-0.294498	285.907205	65.754141	0.000585	1.5
1874	-0.309658	286.848815	65.553021	0.000705	1.7
1875	-0.310610	286.285154	65.673267	0.000576	1.5
1876	-0.286417	287.281167	65.461085	0.000637	1.2
1877	-0.277777	286.635093	65.598562	0.000327	2.2
1878	-0.280530	287.565419	65.400782	0.001124	1.9
1879	-0.293496	288.499803	65.203336	0.000501	1.6
1880	-0.290500	287.852601	65.339970	0.000389	2.1
1881	-0.278300	287.590912	65.395379	0.000874	1.8
1882	-0.280509	286.946052	65.532322	0.001743	1.8
1883	-0.297408	287.946052	65.320206	0.001130	1.9
1884	-0.294026	288.946052	65.109459	0.000551	2.0
1885	-0.299732	289.946034	64.900071	0.000726	2.1
1886	-0.277296	290.945870	64.692056	0.000517	2.1
1887	-0.302421	290.350463	64.815769	0.000636	2.1
1888	-0.277761	289.711813	64.948994	0.000563	2.3
1889	-0.299525	289.068436	65.083760	0.000303	2.0
1890	-0.291719	289.454477	65.002831	0.000346	1.7
1891	-0.287259	289.618012	64.968608	0.000935	1.8
1892	-0.258980	290.533896	64.777605	0.000753	2.0
1893	-0.272800	290.364012	64.812949	0.000361	1.9
1894	-0.304154	289.818695	64.926660	0.001458	1.8
1895	-0.294927	290.691986	64.744750	0.000793	1.7
1896	-0.274553	291.691986	64.537694	0.000776	1.8
1897	-0.287451	291.825857	64.510076	0.000985	1.8
1898	-0.308259	292.822587	64.305186	0.000470	1.8
1899	-0.289988	292.252711	64.422171	0.000449	1.7
1900	-0.291136	291.652760	64.545791	0.000561	1.6
1901	-0.280853	291.009002	64.678966	0.000585	1.5
1902	-0.281346	290.634079	64.756781	0.000351	1.7
1903	-0.301487	291.035358	64.673503	0.000552	1.5
1904	-0.269539	291.421908	64.593485	0.000548	1.8
1905	-0.294590	291.973109	64.479724	0.000211	1.7
1906	-0.318862	291.734537	64.528913	0.000445	1.7
1907	-0.288263	291.606852	64.555270	0.000605	1.7
1908	-0.297164	291.197306	64.639955	0.000727	1.7
1909	-0.294878	290.719208	64.739096	0.000782	1.7
1910	-0.314298	291.719206	64.532077	0.000797	1.6
1911	-0.300620	291.071995	64.665911	0.000882	1.5
1912	-0.288500	290.478860	64.789051	0.000325	1.6
1913	-0.284533	289.833294	64.923611	0.000554	1.4
1914	-0.267500	289.299021	65.035396	0.000861	1.6
1915	-0.282450	289.718919	64.947509	0.000927	1.5
1916	-0.293874	289.071707	65.083074	0.000811	1.7
1917	-0.297666	288.424533	65.219198	0.000875	1.6
1918	-0.309411	289.410308	65.012080	0.000792	1.7
1919	-0.263375	288.763096	65.147915	0.001080	1.8
1920	-0.282753	289.763096	64.938276	0.000355	1.4
1921	-0.303881	289.121477	65.072629	0.000407	1.3
1922	-0.288164	289.004239	65.097238	0.000794	1.5
1923	-0.304766	288.818678	65.136227	0.000546	1.7
1924	-0.275049	289.763348	64.938224	0.001349	1.9
1925	-0.275314	289.119694	65.073003	0.000843	1.8
1926	-0.302801	288.472482	65.209093	0.000689	1.7
1927	-0.287576	287.825271	65.345753	0.001001	1.6
1928	-0.264471	288.825268	65.134842	0.000299	1.5
1929	-0.284010	289.226616	65.050575	0.000155	1.5
1930	-0.272189	289.378771	65.018686	0.000896	1.6
1931	-0.269115	288.787127	65.142861	0.000774	1.5
1932	-0.286413	288.141100	65.278993	0.001030	1.5
1933	-0.276571	288.995481	65.099077	0.000666	1.7
1934	-0.263919	289.995475	64.889754	0.000916	1.5
1935	-0.279162	289.348265	65.025077	0.000832	1.7
1936	-0.308311	288.748705	65.150942	0.000450	1.5
1937	-0.272191	289.596624	64.973082	0.001895	1.7
1938	-0.290393	288.949708	65.108691	0.000658	1.8
1939	-0.280205	288.302496	65.244930	0.000645	1.5
1940	-0.308729	289.258067	65.043981	0.000924	1.6
1941	-0.252293	288.610855	65.179949	0.000718	1.5
1942	-0.291740	287.966495	65.315884	0.000578	1.5
1943	-0.299885	287.319368	65.452975	0.001060	1.3
1944	-0.312543	286.672193	65.590652	0.001286	1.3
1945	-0.277180	286.024981	65.728918	0.001132	1.4
1946	-0.307883	287.023117	65.515926	0.001169	1.6
1947	-0.273684	288.023117	65.303916	0.001322	1.6
1948	-0.267108	289.021051	65.093708	0.000806	1.6
1949	-0.278270	290.021051	64.884418	0.000897	1.5
1950	-0.287476	289.385905	65.017191	0.000606	1.5
1951	-0.300000	288.738697	65.153047	0.000186	1.4
1952	-0.294791	288.399414	65.224493	0.000751	2.0
1953	-0.283078	288.815022	65.136996	0.000686	1.7
1954	-0.294636	289.798523	64.930874	0.001104	1.7
1955	-0.307299	289.151311	65.066370	0.000927	1.3
1956	-0.293513	289.341005	65.026598	0.000575	1.6
1957	-0.282719	288.762428	65.148055	0.000647	1.5
1958	-0.296254	288.115458	65.284408	0.000929	1.6
1959	-0.277862	289.115451	65.073893	0.000869	1.5
1960	-0.290323	288.468241	65.209986	0.000655	1.7
1961	-0.290550	289.459753	65.001726	0.001378	1.6
1962	-0.259783	288.812541	65.137517	0.000647	1.5
1963	-0.287566	289.812541	64.927946	0.000848	1.7
1964	-0.274843	289.186735	65.058939	0.000270	1.5
1965	-0.307041	290.177936	64.851705	0.000296	1.4
1966	-0.279772	290.402430	64.804953	0.000392	2.0
1967	-0.296572	291.171006	64.645401	0.000645	2.3
1968	-0.290536	291.206812	64.637987	0.000681	1.4
1969	-0.281864	292.193161	64.434420	0.001089	1.5
1970	-0.301674	291.560498	64.564844	0.000883	1.6
1971	-0.281875	292.457851	64.380011	0.000639	1.6
1972	-0.284819	293.214389	64.225002	0.000773	1.7
1973	-0.285489	294.171182	64.030029	0.000778	1.9
1974	-0.258181	295.134054	63.835008	0.000819	1.6
1975	-0.277168	296.134050	63.633721	0.000508	1.7
1976	-0.287617	295.566984	63.747708	0.000908	1.7
1977	-0.265041	294.919785	63.878303	0.000446	1.4
1978	-0.302491	295.917360	63.677231	0.000830	1.4
1979	-0.286235	295.284872	63.804569	0.000566	1.8
1980	-0.314602	296.284437	63.603560	0.001036	1.4
1981	-0.298862	295.666186	63.727738	0.001237	1.6
1982	-0.285201	296.665821	63.527199	0.000526	1.5
1983	-0.266180	296.518691	63.556636	0.000520	1.3
1984	-0.262822	297.507871	63.359250	0.000222	1.4
1985	-0.284444	298.210561	63.219775	0.000604	1.6
1986	-0.294904	298.806669	63.101936	0.001113	2.1
1987	-0.281148	298.159460	63.229897	0.000674	2.8
1988	-0.285935	299.159460	63.032402	0.000927	1.8
1989	-0.287376	298.512301	63.160072	0.000805	3.7
1990	-0.299638	299.509625	62.963538	0.000464	2.1
1991	-0.292948	300.159155	62.836197	0.000378	2.7
1992	-0.276295	301.126165	62.647565	0.000585	1.9
1993	-0.289594	302.026957	62.472866	0.000723	1.7
1994	-0.280994	301.391536	62.595997	0.000302	1.4
1995	-0.258248	302.224057	62.434770	0.000647	1.4
1996	-0.265083	303.070439	62.271708	0.000348	1.6
1997	-0.298170	303.567051	62.176428	0.000708	1.7
1998	-0.282667	304.439669	62.009711	0.000937	1.5
1999	-0.294066	303.892874	62.114073	0.000966	1.4
