1:ItNr	2:Metric	3a:Time	3b:StepSize	4:||Gradient||	Time[ms]
0	-0.141322	0.000000	575.920808	0.001641	27.2
1	-0.122281	0.000000	575.920808	0.000783	1.3
2	-0.119826	0.000000	575.920808	0.001876	1.2
3	-0.131411	0.999990	549.742848	0.000674	1.4
4	-0.104851	0.545123	561.349185	0.001086	3.8
5	-0.097077	1.528227	536.852591	0.001775	1.6
6	-0.122603	2.294850	519.185006	0.001370	1.4
7	-0.116075	1.688699	533.055550	0.001074	1.2
8	-0.124339	1.283023	542.760152	0.001277	1.5
9	-0.128945	1.497355	537.589281	0.001346	1.3
10	-0.109339	2.496897	514.720600	0.000604	1.3
11	-0.104721	3.393219	495.807339	0.000713	1.3
12	-0.111482	3.104819	501.739388	0.000940	1.3
13	-0.122841	2.510155	514.430334	0.001333	1.6
14	-0.109524	3.320011	497.299810	0.000913	1.6
15	-0.122536	2.716481	509.954953	0.000378	1.5
16	-0.122135	3.256440	498.603141	0.000841	1.6
17	-0.115984	4.029655	483.200304	0.001238	1.6
18	-0.136282	4.999927	465.168113	0.000857	1.6
19	-0.117755	5.436814	457.480886	0.001522	1.6
20	-0.130445	6.436567	440.810872	0.000874	1.5
21	-0.137574	5.830747	450.764072	0.001125	1.6
22	-0.113587	6.256353	443.725427	0.000483	1.4
23	-0.124283	5.918318	449.297655	0.000551	3.5
24	-0.118920	6.378210	441.750459	0.002133	1.8
25	-0.130781	6.805475	434.962435	0.000849	1.7
26	-0.105749	7.805390	419.863680	0.001121	1.5
27	-0.136154	7.437275	425.298731	0.000306	1.4
28	-0.132704	7.099531	430.410632	0.000836	1.2
29	-0.125798	7.841992	419.330851	0.001582	1.6
30	-0.094866	7.236563	428.321855	0.000562	1.6
31	-0.136991	6.817417	434.775704	0.001385	1.7
32	-0.112751	7.756451	420.578219	0.000847	1.4
33	-0.123146	8.283432	413.009542	0.001252	1.3
34	-0.139992	8.234987	413.693935	0.001649	1.2
35	-0.146944	9.233543	400.030418	0.001647	1.4
36	-0.130707	10.233543	387.222700	0.000701	1.4
37	-0.127848	11.229177	375.260503	0.001494	1.3
38	-0.113620	10.654175	382.077155	0.000836	1.2
39	-0.110710	11.556431	371.488413	0.001136	1.3
40	-0.097257	12.446076	361.607051	0.002680	1.3
41	-0.147842	13.446076	351.109279	0.001176	1.2
42	-0.152809	14.446076	341.203831	0.001070	1.3
43	-0.092341	14.149566	344.082110	0.000850	1.5
44	-0.109629	13.551241	350.040595	0.001235	1.3
45	-0.119563	14.550988	340.196931	0.001465	1.2
46	-0.122057	15.054781	335.443362	0.000775	1.2
47	-0.123563	15.329002	332.911342	0.001200	1.3
48	-0.125027	16.290443	324.328061	0.000766	1.5
49	-0.132735	15.932193	327.474105	0.001343	1.2
50	-0.094573	15.364082	332.590191	0.001466	1.2
51	-0.112925	14.757897	338.228417	0.001729	1.3
52	-0.123201	15.345191	332.763064	0.001246	1.3
53	-0.115121	16.345190	323.852604	0.000864	1.3
54	-0.118332	17.289083	315.869068	0.001149	1.5
55	-0.123696	18.283657	307.871975	0.001116	2.2
56	-0.138956	19.275013	300.293808	0.000458	2.6
57	-0.113514	18.750132	304.259041	0.000487	1.7
58	-0.139689	19.000436	302.355126	0.001055	1.8
59	-0.132111	18.887877	303.208337	0.001715	1.7
60	-0.106283	18.281999	307.884966	0.002702	1.6
61	-0.125610	19.281999	300.241726	0.000658	1.3
62	-0.118293	20.280010	292.982900	0.001335	1.7
63	-0.126277	19.682450	297.286346	0.000528	1.6
64	-0.123748	20.678133	290.184231	0.000653	1.5
65	-0.125342	20.103287	294.242575	0.000922	2.1
66	-0.123808	20.993718	288.003483	0.000577	1.6
67	-0.116376	20.399562	292.136837	0.001152	2.0
68	-0.124156	19.800968	296.422798	0.000992	1.5
69	-0.112808	20.800881	289.332109	0.000470	1.8
70	-0.135518	20.220439	293.406310	0.001598	1.8
71	-0.103926	19.616056	297.772317	0.000758	2.0
72	-0.119839	19.009916	302.283486	0.001280	1.4
73	-0.146433	18.417166	306.829190	0.000943	1.3
74	-0.124318	17.880138	311.067236	0.000528	1.3
75	-0.109779	18.538477	305.887782	0.001540	1.4
76	-0.119931	18.047205	309.736308	0.001393	1.3
77	-0.111300	19.047187	302.002161	0.001088	1.5
78	-0.120028	20.045094	294.659744	0.001009	1.4
79	-0.135042	21.040092	287.685790	0.001829	1.2
80	-0.113940	20.484789	291.536666	0.000907	1.2
81	-0.131500	21.484787	284.674538	0.001103	1.3
82	-0.113708	20.879900	288.786193	0.001696	1.6
83	-0.126289	20.273709	293.027630	0.000709	1.5
84	-0.117630	21.270685	286.116417	0.000352	1.6
85	-0.126184	21.629030	283.711288	0.001547	1.2
86	-0.121692	21.116563	287.163433	0.000889	1.3
87	-0.115572	21.020644	287.818934	0.001320	1.3
88	-0.108894	22.020571	281.129162	0.001289	1.8
89	-0.111046	23.018512	274.755695	0.001178	1.5
90	-0.124340	23.996921	268.781436	0.000900	1.6
91	-0.120656	23.710617	270.502575	0.001354	1.6
92	-0.125927	24.662502	264.863650	0.001248	1.6
93	-0.146826	24.056314	268.427126	0.000486	1.4
94	-0.128286	24.652272	264.923002	0.000957	1.5
95	-0.123657	24.150464	267.867389	0.001495	1.3
96	-0.125725	23.546046	271.501920	0.001072	1.5
97	-0.134168	24.537697	265.589561	0.001290	1.7
98	-0.080145	25.175174	261.922931	0.000727	1.4
99	-0.149311	26.115002	256.698215	0.001518	1.5
100	-0.117777	25.511633	260.028219	0.000961	1.5
101	-0.124250	26.430768	254.989274	0.002710	1.2
102	-0.123000	27.430759	249.724294	0.000894	1.2
103	-0.106733	26.824895	252.887892	0.001115	1.3
104	-0.108543	26.229074	256.078215	0.001347	1.4
105	-0.121529	27.229073	250.768596	0.000859	1.3
106	-0.106504	28.228975	245.675175	0.000593	1.5
107	-0.122801	27.643831	248.630437	0.000733	1.5
108	-0.112699	28.322780	245.207932	0.000878	1.3
109	-0.143068	28.685090	243.419845	0.001318	1.4
110	-0.106205	29.323883	240.329964	0.000678	1.7
111	-0.122438	30.317011	235.678905	0.001332	1.5
112	-0.100852	31.046960	232.373551	0.000724	1.3
113	-0.122838	32.045423	227.999632	0.001034	1.2
114	-0.115613	31.451416	230.581705	0.000793	1.3
115	-0.135196	31.620538	229.840617	0.001369	1.3
116	-0.122523	31.015686	232.513263	0.000695	1.1
117	-0.134831	32.014582	228.132273	0.000597	1.6
118	-0.130951	32.417934	226.409675	0.002794	1.5
119	-0.129273	32.648474	225.436740	0.000844	1.3
120	-0.123035	33.648474	221.311524	0.002062	1.2
121	-0.132736	33.171637	223.259582	0.000918	1.6
122	-0.142055	34.171637	219.212946	0.000738	1.5
123	-0.110451	33.631975	221.378360	0.000947	1.6
124	-0.109756	33.031673	223.837916	0.001662	1.4
125	-0.157446	33.109802	223.514713	0.000468	1.2
126	-0.129388	32.820091	224.717883	0.001086	1.2
127	-0.141786	32.230190	227.208225	0.000487	1.3
128	-0.099860	32.666843	225.359575	0.001738	1.2
129	-0.129680	32.606080	225.615022	0.000570	1.3
130	-0.122993	33.605876	221.484169	0.001350	1.4
131	-0.124400	34.531652	217.791774	0.002018	1.5
132	-0.138729	35.531652	213.939211	0.000424	1.7
133	-0.111039	34.966613	216.099139	0.001855	1.1
134	-0.103889	35.659669	213.455834	0.000746	1.4
135	-0.136657	36.651479	209.783639	0.003061	1.4
136	-0.096500	37.651036	206.208410	0.001331	1.5
137	-0.137414	38.651036	202.751498	0.001364	1.6
138	-0.115860	39.642908	199.435308	0.000628	1.3
139	-0.117629	40.215942	197.568419	0.000772	1.2
140	-0.123008	40.153199	197.771124	0.001910	1.3
141	-0.118535	40.418134	196.918014	0.001112	1.2
142	-0.123861	41.418003	193.763599	0.000955	1.4
143	-0.122330	42.417809	190.708842	0.002143	1.6
144	-0.107837	42.712769	189.825952	0.000997	1.7
145	-0.120348	42.770651	189.653653	0.001735	1.4
146	-0.128432	43.241032	188.264985	0.001155	1.3
147	-0.117943	43.832677	186.546931	0.001162	1.4
148	-0.124389	44.832641	183.713380	0.000944	1.4
149	-0.119317	44.472670	184.723444	0.002160	1.6
150	-0.114552	45.468230	181.956657	0.001449	1.4
151	-0.123608	46.468230	179.259734	0.001006	1.3
152	-0.129922	47.468228	176.641595	0.000880	1.5
153	-0.118296	47.732446	175.962558	0.001654	1.4
154	-0.138579	48.136482	174.934225	0.000660	1.2
155	-0.117136	49.117328	172.487133	0.001352	1.3
156	-0.116810	50.115655	170.065746	0.001542	1.3
157	-0.113076	51.115638	167.707549	0.001275	1.4
158	-0.127940	50.509524	169.129037	0.001207	1.4
159	-0.127438	49.938363	170.490781	0.000802	1.4
160	-0.111466	50.937295	168.123322	0.001292	1.4
161	-0.118228	51.917669	165.862913	0.001135	1.3
162	-0.108462	51.795120	166.142140	0.000664	1.2
163	-0.108222	51.224364	167.455085	0.000602	1.2
164	-0.150201	51.770101	166.199261	0.000518	1.3
165	-0.135156	51.341272	167.184467	0.001512	2.4
166	-0.097150	50.776297	168.500430	0.001611	2.5
167	-0.114680	51.590350	166.610809	0.001108	2.6
168	-0.132692	52.521075	164.501635	0.001783	2.2
169	-0.125140	51.914905	165.869199	0.000887	2.2
170	-0.112973	52.891211	163.677612	0.001401	2.6
171	-0.103313	52.439333	164.684734	0.000822	2.7
172	-0.124723	53.403036	162.551659	0.001303	1.7
173	-0.128607	52.815207	163.846143	0.000546	2.2
174	-0.102732	52.325915	164.939462	0.001400	2.9
175	-0.142498	51.724472	166.303538	0.001013	2.2
176	-0.116568	52.643342	164.228519	0.000969	1.9
177	-0.118861	52.055482	165.550027	0.001184	2.7
178	-0.137097	51.457481	166.916333	0.000997	3.2
179	-0.125281	52.026701	165.615272	0.000860	1.8
180	-0.112113	53.008352	163.418541	0.001458	2.6
181	-0.100083	52.418035	164.732506	0.000788	3.8
182	-0.119061	51.811927	166.103789	0.001557	3.0
183	-0.118380	52.808134	163.861845	0.000992	2.5
184	-0.108111	53.807708	161.672336	0.001469	2.1
185	-0.113676	54.788453	159.580206	0.000597	2.2
186	-0.111990	54.183420	160.864417	0.000652	1.6
187	-0.112388	53.655254	162.002488	0.001132	1.9
188	-0.099614	54.505665	160.177875	0.000616	1.5
189	-0.094743	55.460323	158.177948	0.001054	1.4
190	-0.122734	55.053436	159.024202	0.000778	1.6
191	-0.132089	55.577909	157.935063	0.001150	1.5
192	-0.125809	54.972144	159.194362	0.001306	1.6
193	-0.115319	55.971993	157.126462	0.001424	1.6
194	-0.133358	56.970721	155.113827	0.001229	1.6
195	-0.123609	56.364535	156.329214	0.001404	1.4
196	-0.108977	56.249984	156.561028	0.001164	1.5
197	-0.128881	57.248615	154.562952	0.001350	1.8
198	-0.136018	58.223823	152.660355	0.000844	1.7
199	-0.106323	58.321296	152.472761	0.001022	1.7
200	-0.108901	59.319042	150.578701	0.000496	1.6
201	-0.121950	59.058064	151.069566	0.000416	1.7
202	-0.114733	59.004546	151.170622	0.001277	1.7
203	-0.126605	58.571259	151.993787	0.000705	1.6
204	-0.099769	57.965709	153.159354	0.001230	1.5
205	-0.123771	58.909664	151.350116	0.000834	1.5
206	-0.111200	58.331529	152.453093	0.000520	1.6
207	-0.144809	59.257120	150.694879	0.001030	1.7
208	-0.125080	60.067220	149.188994	0.001194	1.7
209	-0.105261	59.939340	149.424705	0.001811	1.5
210	-0.130356	60.939339	147.601104	0.000901	1.3
211	-0.122994	61.939222	145.821684	0.000999	1.4
212	-0.129094	62.938670	144.085401	0.001040	1.4
213	-0.116051	62.332826	145.132927	0.000488	1.4
214	-0.111904	61.846163	145.985481	0.001451	1.5
215	-0.114661	61.266957	147.013301	0.001036	1.6
216	-0.110459	60.660837	148.104494	0.000797	1.4
217	-0.124045	61.460414	146.668400	0.000745	1.5
218	-0.119549	62.193336	145.376271	0.000923	1.8
219	-0.125993	62.064873	145.601101	0.001353	1.6
220	-0.120215	61.843295	145.990535	0.001886	1.7
221	-0.120834	62.843293	144.249307	0.001259	1.8
222	-0.132878	62.237132	145.299779	0.001024	2.0
223	-0.116674	62.047525	145.631517	0.001015	1.7
224	-0.125655	63.043502	143.905676	0.001041	1.5
225	-0.115004	64.043322	142.213836	0.001345	1.5
226	-0.125500	63.437154	143.234777	0.001078	1.3
227	-0.141216	64.361107	141.684398	0.000633	1.7
228	-0.131252	63.764939	142.680891	0.001420	1.4
229	-0.111090	64.705446	141.115152	0.001067	2.4
230	-0.120790	65.704794	139.488677	0.000590	1.9
231	-0.124579	65.208521	140.291665	0.000752	2.4
232	-0.138082	64.755133	141.033388	0.001240	2.1
233	-0.120407	64.149490	142.036518	0.001201	1.6
234	-0.097321	65.147907	140.390374	0.000915	1.9
235	-0.113473	66.147194	138.780567	0.000981	1.7
236	-0.104852	65.541948	139.751153	0.001602	1.6
237	-0.112263	66.540733	138.156680	0.001225	1.5
238	-0.110373	65.934541	139.120042	0.001381	1.9
239	-0.136102	66.750845	137.825874	0.002000	1.7
240	-0.128609	67.750845	136.272921	0.001172	1.4
241	-0.128127	67.144653	137.210103	0.001947	1.7
242	-0.125780	68.144653	135.670918	0.000874	1.5
243	-0.142842	69.144580	134.165992	0.001115	1.8
244	-0.114464	70.095135	132.766003	0.001375	1.6
245	-0.112311	69.489015	133.655306	0.000954	1.5
246	-0.123622	70.488897	132.194587	0.001168	1.7
247	-0.123150	69.896133	133.056672	0.001247	1.6
248	-0.125958	70.868254	131.648708	0.000908	1.6
249	-0.117651	71.866145	130.234080	0.001489	1.5
250	-0.132933	72.663637	129.125212	0.001051	1.5
251	-0.114309	73.132569	128.481960	0.001272	1.4
252	-0.119118	72.820125	128.909836	0.000697	1.2
253	-0.100615	73.258855	128.309823	0.001974	1.5
254	-0.135829	72.979258	128.691557	0.000305	1.3
255	-0.145283	73.768103	127.620334	0.001277	1.7
256	-0.099960	73.720699	127.684203	0.001130	1.7
257	-0.111194	73.327596	128.216317	0.001332	2.1
258	-0.125346	72.737696	129.023195	0.001322	1.5
259	-0.112342	73.649723	127.779951	0.000548	1.5
260	-0.109567	73.079880	128.553916	0.000699	1.3
261	-0.113370	73.822042	127.547737	0.001212	1.5
262	-0.126541	73.219797	128.363012	0.000804	1.5
263	-0.132418	74.139622	127.121978	0.001611	1.5
264	-0.108471	73.534484	127.935717	0.001577	1.6
265	-0.125318	74.534484	126.596559	0.000668	1.4
266	-0.128582	75.531162	125.289458	0.000595	1.7
267	-0.112631	75.117540	125.828615	0.000907	1.8
268	-0.136010	74.551359	126.574202	0.001214	1.7
269	-0.120206	74.187355	127.058231	0.000376	1.6
270	-0.125601	74.151933	127.105531	0.000876	1.5
271	-0.147178	73.640564	127.792317	0.000511	1.3
272	-0.109493	73.174983	128.424095	0.000512	1.3
273	-0.136823	73.890896	127.455188	0.001348	1.3
274	-0.110771	74.883370	126.135919	0.001273	1.5
275	-0.115915	75.881094	124.836916	0.001171	1.5
276	-0.130652	75.274910	125.622937	0.000958	1.6
277	-0.123204	74.703049	126.373581	0.000811	1.8
278	-0.104512	74.180906	127.066840	0.000751	1.5
279	-0.130960	75.133600	125.807594	0.001182	1.5
280	-0.128587	76.130563	124.516286	0.000935	1.6
281	-0.106066	77.122851	123.257088	0.001457	1.6
282	-0.141784	77.347223	122.975887	0.000924	1.5
283	-0.113420	76.809017	123.652576	0.000704	1.6
284	-0.128153	77.599140	122.661688	0.001112	1.6
285	-0.098810	78.582456	121.450479	0.001611	1.6
286	-0.106588	79.582456	120.243008	0.001301	2.0
287	-0.119464	78.976264	120.972084	0.000537	1.8
288	-0.124980	79.907415	119.855780	0.001849	1.6
289	-0.124026	79.597968	120.224465	0.000952	1.7
290	-0.117609	80.174094	119.539859	0.000627	1.9
291	-0.099652	80.597182	119.042052	0.001753	1.4
292	-0.136509	80.023540	119.718008	0.001458	1.4
293	-0.122607	79.417348	120.440713	0.001735	1.5
294	-0.121030	78.818216	121.163626	0.001418	4.7
295	-0.132624	78.216727	121.898166	0.001909	4.3
296	-0.136258	79.216727	120.681820	0.001002	2.9
297	-0.126497	80.214497	119.492142	0.000688	2.3
298	-0.105053	81.006252	118.564664	0.001184	2.0
299	-0.133230	80.484982	119.173663	0.000697	2.4
300	-0.119264	79.880137	119.888189	0.000698	1.9
301	-0.123612	79.333144	120.541791	0.000960	2.6
302	-0.137936	78.753608	121.242101	0.001025	1.7
303	-0.118141	79.566956	120.261540	0.001745	1.5
304	-0.110251	78.962055	120.989279	0.000612	1.8
305	-0.112407	79.924636	119.835329	0.001460	1.8
306	-0.127460	80.900581	118.687616	0.001248	1.7
307	-0.133111	81.900155	117.534682	0.000765	1.6
308	-0.132125	82.755987	116.565196	0.001071	1.5
309	-0.138489	82.460239	116.898405	0.000865	1.6
310	-0.134122	82.823860	116.488994	0.001101	3.0
311	-0.109955	83.601162	115.623352	0.001131	2.0
312	-0.113334	83.117446	116.160523	0.001360	1.9
313	-0.109451	84.117243	115.055691	0.000961	1.9
314	-0.119347	85.114077	113.974859	0.000818	2.0
315	-0.126852	84.520010	114.616526	0.000693	2.0
316	-0.131870	84.261476	114.898037	0.000449	1.8
317	-0.116975	83.956244	115.232181	0.001813	2.2
318	-0.092306	84.735180	114.383283	0.000766	2.7
319	-0.123797	84.129037	115.042783	0.000785	1.7
320	-0.129861	83.597615	115.627273	0.000655	1.6
321	-0.110164	84.515144	114.621812	0.001602	1.7
322	-0.135514	83.932170	115.258619	0.000512	1.8
323	-0.114773	84.037906	115.142594	0.000996	1.4
324	-0.114109	84.250029	114.910534	0.000901	1.5
325	-0.121151	84.060479	115.117855	0.000935	1.7
326	-0.134818	84.940523	114.161576	0.001498	1.4
327	-0.114408	85.730471	113.316627	0.001147	1.9
328	-0.108366	85.124497	113.963668	0.001604	1.4
329	-0.132020	84.518305	114.618378	0.000699	1.4
330	-0.134597	85.479310	113.583916	0.001092	1.6
331	-0.125197	86.469256	112.537645	0.001620	1.5
332	-0.117625	87.468966	111.500436	0.000723	1.4
333	-0.136785	88.261689	110.691471	0.000882	1.3
334	-0.110601	87.836219	111.124193	0.001004	1.3
335	-0.128054	88.237302	110.716182	0.000982	1.3
336	-0.129369	88.941118	110.007404	0.000534	1.4
337	-0.107939	89.826733	109.128336	0.001094	1.4
338	-0.116531	89.264154	109.685120	0.000867	1.5
339	-0.136024	90.091930	108.867826	0.001360	1.4
340	-0.126273	90.608387	108.364051	0.001540	1.3
341	-0.110472	90.002204	108.955827	0.000397	1.2
342	-0.097013	90.068816	108.890482	0.000705	1.2
343	-0.125304	89.913516	109.042950	0.001332	1.3
344	-0.128727	89.307864	109.641657	0.001923	1.3
345	-0.100931	90.307864	108.656626	0.001135	1.5
346	-0.116240	89.795618	109.158983	0.001114	1.4
347	-0.137520	89.190147	109.758788	0.001431	1.3
348	-0.121410	90.190133	108.771675	0.000324	2.0
349	-0.110046	90.166015	108.795273	0.002075	1.6
350	-0.097866	90.739252	108.237139	0.001531	1.8
351	-0.116772	90.214231	108.748106	0.001161	1.7
352	-0.128976	89.616818	109.335426	0.001591	1.6
353	-0.125447	89.010754	109.937770	0.001110	1.4
354	-0.127140	89.593067	109.358907	0.000753	1.3
355	-0.123614	90.577335	108.394209	0.001231	1.3
356	-0.113586	90.223851	108.738700	0.000758	1.3
357	-0.095360	89.877710	109.078164	0.000481	1.6
358	-0.103477	90.121255	108.839096	0.000954	1.5
359	-0.110541	90.086640	108.873011	0.001297	1.5
360	-0.097003	91.082340	107.905822	0.000481	2.0
361	-0.122395	91.615450	107.395006	0.000685	1.6
362	-0.111177	91.184026	107.808014	0.000934	1.4
363	-0.132409	91.238893	107.755312	0.000663	1.4
364	-0.129071	91.305330	107.691567	0.000746	1.7
365	-0.092658	91.601109	107.408684	0.000915	1.4
366	-0.114310	91.046957	107.939896	0.000497	1.6
367	-0.126631	90.878969	108.101970	0.000978	1.7
368	-0.135091	90.358000	108.607706	0.001705	1.4
369	-0.125465	89.751875	109.202097	0.001991	1.2
370	-0.109077	90.751867	108.224921	0.000453	1.4
371	-0.137019	90.145852	108.815010	0.000857	1.7
372	-0.124602	90.812740	108.166002	0.001547	1.5
373	-0.112836	91.812619	107.207307	0.001342	1.3
374	-0.116181	91.206426	107.786491	0.001149	1.5
375	-0.120799	92.206379	106.834412	0.001041	1.4
376	-0.128930	91.600989	107.408799	0.000414	1.4
377	-0.119411	91.205220	107.787650	0.001231	1.8
378	-0.093339	90.874367	108.106417	0.001168	1.7
379	-0.090880	91.865393	107.157178	0.001228	1.6
380	-0.116938	91.644116	107.367677	0.000850	1.7
381	-0.121122	91.466332	107.537400	0.001298	1.8
382	-0.134033	90.862405	108.117978	0.000843	1.9
383	-0.135692	91.861700	107.160684	0.001918	1.6
384	-0.100016	92.076081	106.957518	0.000835	1.5
385	-0.111226	93.074067	106.021792	0.001017	1.5
386	-0.127140	92.498089	106.559829	0.000612	1.7
387	-0.136922	93.446061	105.677180	0.002028	1.4
388	-0.111373	94.438920	104.768279	0.000592	1.5
389	-0.127839	93.868085	105.288923	0.001042	1.5
390	-0.119337	94.470433	104.739686	0.001074	1.3
391	-0.110626	93.906805	105.253444	0.001911	1.3
392	-0.115774	94.678640	104.551168	0.002498	1.3
393	-0.102913	94.072448	105.101935	0.000993	1.2
394	-0.136501	95.072220	104.196654	0.001383	1.2
395	-0.133382	96.072213	103.306640	0.001364	1.3
396	-0.108026	95.466047	103.844316	0.001514	1.3
397	-0.119061	96.466000	102.960320	0.001034	1.5
398	-0.140486	97.465041	102.092034	0.001278	1.5
399	-0.129685	96.858861	102.617120	0.001347	1.4
400	-0.128380	96.280563	103.123115	0.001008	1.2
401	-0.131676	95.885968	103.471248	0.000846	1.2
402	-0.129115	95.304050	103.988958	0.001271	1.2
403	-0.106568	95.066909	104.201422	0.000916	1.1
404	-0.116793	94.465814	104.743876	0.001077	1.5
405	-0.112849	93.861211	105.295224	0.001588	1.3
406	-0.104007	94.841760	104.403947	0.000847	1.2
407	-0.114990	95.814304	103.534726	0.001164	1.2
408	-0.112021	96.737738	102.722689	0.001025	1.2
409	-0.139554	97.737265	101.857971	0.001211	1.3
410	-0.130841	97.535269	102.031548	0.001616	1.3
411	-0.106674	98.497794	101.209709	0.000583	1.4
412	-0.106815	97.900751	101.717919	0.000679	1.2
413	-0.124747	97.313418	102.222869	0.001696	1.2
414	-0.110898	98.313360	101.366159	0.001226	1.2
415	-0.124864	97.707170	101.883795	0.000866	1.2
416	-0.103186	97.110744	102.398279	0.000772	1.3
417	-0.115070	97.112293	102.396937	0.000872	1.5
418	-0.105094	96.743411	102.717739	0.000601	1.2
419	-0.112192	96.412653	103.007101	0.001323	2.6
420	-0.131740	95.812732	103.536119	0.001033	1.3
421	-0.118600	96.812726	102.657305	0.001280	1.7
422	-0.134926	97.799330	101.804757	0.001031	1.6
423	-0.101621	98.616278	101.109458	0.000777	1.4
424	-0.121369	98.026730	101.610260	0.001105	1.2
425	-0.130851	97.697223	101.892333	0.000880	1.5
426	-0.085788	98.694786	101.043140	0.000667	2.8
427	-0.128456	99.432616	100.424099	0.001516	1.3
428	-0.124645	100.374892	99.644472	0.001273	1.2
429	-0.129551	101.374891	98.830217	0.000582	1.2
430	-0.140438	100.860693	99.247236	0.002046	1.5
431	-0.129675	100.254597	99.743327	0.000449	1.2
432	-0.109210	101.151639	99.010845	0.000575	1.2
433	-0.135045	101.607259	98.642911	0.001429	1.2
434	-0.133615	101.014476	99.122148	0.000682	1.2
435	-0.126486	101.995638	98.331430	0.000766	1.2
436	-0.104969	101.557744	98.682765	0.000708	1.2
437	-0.110250	101.108626	99.045721	0.001876	1.4
438	-0.121108	101.937195	98.378176	0.001144	1.6
439	-0.114305	101.331003	98.865673	0.001296	1.2
440	-0.156221	102.326881	98.067322	0.001669	1.2
441	-0.122475	103.326850	97.278560	0.000733	1.2
442	-0.125407	104.085762	96.688359	0.001210	1.3
443	-0.130130	105.084236	95.922674	0.000483	1.3
444	-0.131085	105.977481	95.247888	0.000921	1.2
445	-0.107963	106.897233	94.562929	0.000905	1.5
446	-0.123683	106.298391	95.007776	0.001872	1.2
447	-0.127233	107.297408	94.267976	0.001782	1.1
448	-0.126514	106.691216	94.715497	0.001651	1.1
449	-0.107189	106.085116	95.167219	0.001190	1.3
450	-0.132499	105.478924	95.623339	0.000817	1.1
451	-0.120821	105.787323	95.390743	0.000535	1.2
452	-0.124578	105.585489	95.542839	0.000873	1.3
453	-0.144841	106.504242	94.854389	0.000907	1.4
454	-0.104928	105.904036	95.303013	0.001574	1.3
455	-0.144612	106.898107	94.562283	0.001402	1.2
456	-0.115221	106.291915	95.012609	0.000768	1.2
457	-0.114043	105.708140	95.450355	0.000704	1.2
458	-0.110800	106.289118	95.014697	0.000473	1.1
459	-0.109876	106.906299	94.556226	0.001704	1.1
460	-0.117183	106.300929	95.005881	0.000685	1.4
461	-0.142031	105.695248	95.460068	0.003282	1.4
462	-0.105671	105.788210	95.390076	0.000948	1.2
463	-0.109429	106.788209	94.643607	0.000571	1.1
464	-0.122055	106.203761	95.078454	0.001474	1.2
465	-0.138994	106.551846	94.818988	0.001590	1.2
466	-0.125318	105.949838	95.268629	0.000418	1.2
467	-0.131720	105.523624	95.589556	0.001467	1.3
468	-0.133919	104.923730	96.044939	0.000830	1.2
469	-0.112373	104.320113	96.507550	0.001779	1.2
470	-0.115673	103.713927	96.976635	0.001072	1.2
471	-0.126533	104.713706	96.205397	0.001274	1.2
472	-0.124248	105.616200	95.519665	0.001319	1.3
473	-0.121720	105.010028	95.979163	0.001584	1.2
474	-0.117954	105.659500	95.487010	0.001187	1.5
475	-0.122250	106.659359	94.739133	0.000828	1.1
476	-0.100632	107.436342	94.166003	0.001292	1.6
477	-0.136357	106.830348	94.612408	0.000872	1.4
478	-0.118619	107.828241	93.879548	0.001397	1.2
479	-0.102490	108.825851	93.158157	0.000766	1.1
480	-0.129190	109.817105	92.452260	0.001125	1.1
481	-0.124327	109.685362	92.545460	0.000318	1.1
482	-0.118239	109.458693	92.706256	0.000803	1.2
483	-0.109269	110.003565	92.320671	0.001271	1.2
484	-0.138415	110.983702	91.635079	0.001601	1.3
485	-0.116973	110.377512	92.057893	0.000914	1.2
486	-0.130151	110.922351	91.677694	0.001444	1.2
487	-0.108748	111.163955	91.510102	0.001024	1.3
488	-0.112367	112.163890	90.822947	0.001454	1.3
489	-0.138909	111.561063	91.235969	0.001312	1.4
490	-0.107840	112.560761	90.553070	0.001940	1.6
491	-0.136532	113.560724	89.880142	0.001783	1.3
492	-0.127867	114.560339	89.217370	0.000627	1.1
493	-0.134988	115.557064	88.566176	0.000961	1.2
494	-0.102120	114.990690	88.935036	0.001601	1.1
495	-0.105534	114.386490	89.331934	0.001876	1.1
496	-0.129929	115.386490	88.676943	0.001345	1.2
497	-0.122411	114.802137	89.058517	0.000796	1.1
498	-0.113965	115.797889	88.410260	0.001205	1.1
499	-0.121822	115.192830	88.803037	0.001419	1.4
500	-0.143996	116.192793	88.155775	0.001152	1.2
501	-0.103982	115.587269	88.546591	0.001373	1.1
502	-0.120330	116.455836	87.987075	0.000448	1.1
503	-0.121515	116.334777	88.064635	0.001483	1.2
504	-0.124170	117.329685	87.431248	0.000800	1.2
505	-0.126603	118.082453	86.958036	0.001461	1.2
506	-0.103511	117.476566	87.338510	0.001386	1.2
507	-0.143973	116.870374	87.722522	0.000835	1.4
508	-0.139561	117.866428	87.093311	0.002271	1.1
509	-0.119302	118.865889	86.470955	0.000836	1.1
510	-0.122005	118.259700	86.847358	0.000537	1.1
511	-0.098800	117.696332	87.200121	0.000953	1.1
512	-0.098227	117.323455	87.435186	0.000846	1.2
513	-0.133106	117.447655	87.356749	0.001459	1.2
514	-0.123254	116.872032	87.721468	0.000940	1.2
515	-0.127111	116.406640	88.018578	0.001508	1.4
516	-0.126779	117.406531	87.382705	0.000973	1.5
517	-0.109035	116.800344	87.767103	0.000363	1.3
518	-0.117136	116.817500	87.756177	0.000968	1.2
519	-0.119590	116.318158	88.075293	0.001274	1.2
520	-0.105725	117.310571	87.443330	0.001437	1.3
521	-0.128225	118.310342	86.815787	0.000672	1.3
522	-0.129865	119.304375	86.200712	0.001282	1.2
523	-0.108107	120.277671	85.606854	0.001513	1.5
524	-0.114642	121.272067	85.008514	0.001688	1.5
525	-0.137468	122.272057	84.415184	0.000562	1.2
526	-0.120403	123.191806	83.876729	0.000766	1.2
527	-0.114231	123.949057	83.438535	0.001477	1.2
528	-0.112562	124.735399	82.988327	0.000746	1.6
529	-0.110209	125.725621	82.428256	0.001500	1.3
530	-0.112824	125.119703	82.770062	0.001035	1.2
531	-0.104135	125.127321	82.765748	0.000977	1.3
532	-0.124457	124.521242	83.110458	0.000794	1.2
533	-0.120017	123.972737	83.424906	0.002121	1.2
534	-0.122689	123.974112	83.424115	0.000564	1.3
535	-0.135088	123.567815	83.658572	0.001656	1.4
536	-0.120834	124.564845	83.085562	0.001458	1.4
537	-0.103353	125.562338	82.520088	0.000612	1.5
538	-0.118901	125.091761	82.785893	0.000364	1.6
539	-0.121589	124.631522	83.047522	0.001722	1.3
540	-0.113143	125.166470	82.743580	0.001782	1.3
541	-0.119398	126.166470	82.181335	0.000926	1.5
542	-0.112482	125.561419	82.520605	0.001346	1.5
543	-0.131803	126.558808	81.962826	0.001903	1.3
544	-0.123010	127.558808	81.411107	0.001470	1.7
545	-0.110267	128.558808	80.866765	0.000434	1.6
546	-0.112589	128.453282	80.923863	0.001442	1.6
547	-0.100419	128.333294	80.988885	0.000640	1.5
548	-0.140323	127.744081	81.309702	0.001804	1.4
549	-0.119450	128.740391	80.768702	0.001756	1.4
550	-0.123626	129.740391	80.232888	0.001578	1.3
551	-0.135042	130.740390	79.704138	0.001112	1.6
552	-0.119971	130.135424	80.023178	0.001234	1.3
553	-0.133921	129.529257	80.345424	0.001505	1.2
554	-0.111575	130.519487	79.820340	0.001211	1.1
555	-0.113315	131.519473	79.297002	0.001293	1.3
556	-0.120155	132.519322	78.780552	0.000627	1.2
557	-0.103401	131.994062	79.051022	0.000287	1.6
558	-0.125044	131.954227	79.071610	0.001261	1.7
559	-0.128375	132.100656	78.995984	0.001225	1.7
560	-0.126649	131.494583	79.309945	0.001235	1.5
561	-0.130688	131.685147	79.210959	0.000900	2.0
562	-0.104231	131.082906	79.524631	0.000543	1.9
563	-0.106764	131.983624	79.056416	0.001527	1.5
564	-0.119453	131.444751	79.335870	0.002421	1.4
565	-0.139471	130.838560	79.652606	0.000927	1.2
566	-0.130307	131.838559	79.131451	0.001328	1.2
567	-0.120661	131.265760	79.429131	0.001094	1.3
568	-0.110549	130.663825	79.744375	0.000730	1.3
569	-0.109755	130.120825	80.030909	0.001115	1.6
570	-0.109759	130.509790	79.825449	0.001379	1.4
571	-0.101133	129.905736	80.144978	0.000729	1.4
572	-0.103697	129.300607	80.467653	0.000823	1.6
573	-0.119051	129.214266	80.513904	0.002595	1.8
574	-0.138124	130.194415	79.991956	0.000613	1.6
575	-0.123057	130.918143	79.610879	0.000586	1.5
576	-0.121836	131.100637	79.515360	0.000746	1.2
577	-0.117357	131.380658	79.369240	0.000453	1.6
578	-0.112851	131.307993	79.407106	0.001599	1.5
579	-0.136762	130.703184	79.723686	0.000905	1.5
580	-0.132251	131.703137	79.201627	0.001165	1.2
581	-0.121793	132.216185	78.936419	0.001258	1.1
582	-0.119070	133.216144	78.424584	0.000858	1.2
583	-0.102177	134.172686	77.941146	0.001219	1.4
584	-0.106423	135.008288	77.523682	0.001478	1.6
585	-0.118577	134.402097	77.826086	0.000683	1.3
586	-0.142403	133.865129	78.095934	0.000995	1.1
587	-0.140234	133.398736	78.331839	0.000638	1.4
588	-0.100924	132.805520	78.633959	0.000952	1.2
589	-0.096222	132.515946	78.782285	0.000531	1.1
590	-0.127016	133.388564	78.337001	0.000500	1.1
591	-0.120160	133.920382	78.068082	0.001890	1.1
592	-0.124678	133.711787	78.173339	0.001587	1.4
593	-0.120606	133.105595	78.480843	0.001165	1.1
594	-0.145084	132.501779	78.789556	0.001586	1.1
595	-0.113745	133.501779	78.279597	0.000825	1.1
596	-0.109030	132.895598	78.587933	0.000940	1.1
597	-0.131726	133.849182	78.103977	0.000913	1.1
598	-0.116791	133.250415	78.407160	0.001586	1.3
599	-0.105092	132.757698	78.658416	0.000706	1.4
600	-0.115456	133.757217	78.150391	0.001079	1.3
601	-0.118109	133.189426	78.438174	0.000736	1.1
602	-0.125838	132.587279	78.745695	0.001378	1.0
603	-0.125311	132.545496	78.767123	0.000945	1.1
604	-0.115751	133.432075	78.314929	0.000680	1.1
605	-0.135154	132.835940	78.618410	0.000803	1.1
606	-0.117020	132.283838	78.901580	0.001176	1.2
607	-0.117966	131.775172	79.164283	0.000896	1.1
608	-0.093503	131.453263	79.331441	0.000929	1.3
609	-0.125836	132.237958	78.925203	0.000580	1.2
610	-0.114121	131.642029	79.233335	0.001595	1.1
611	-0.110830	132.020603	79.037311	0.001365	1.2
612	-0.124953	132.557499	78.760966	0.000489	3.1
613	-0.140559	132.935691	78.567465	0.001464	4.7
614	-0.124437	133.932816	78.061816	0.001150	1.1
615	-0.106989	134.920508	77.567327	0.000705	4.4
616	-0.135741	134.685001	77.684664	0.000948	1.2
617	-0.112050	135.662112	77.200140	0.000366	1.3
618	-0.123686	136.491747	76.793465	0.001677	1.3
619	-0.091882	136.229292	76.921653	0.001076	1.2
620	-0.136498	135.624118	77.218867	0.000764	1.1
621	-0.132044	136.622237	76.729890	0.000846	1.1
622	-0.114044	136.150351	76.960292	0.000873	1.2
623	-0.117054	136.520464	76.779465	0.001399	1.1
624	-0.107297	135.914999	77.075723	0.000879	1.1
625	-0.109496	135.470846	77.294507	0.001336	1.3
626	-0.122468	135.510833	77.274759	0.000622	1.2
627	-0.131490	136.340167	76.867447	0.001373	1.1
628	-0.123422	137.322343	76.390589	0.001239	1.1
629	-0.131136	136.716719	76.683924	0.001842	1.1
630	-0.119447	137.716719	76.200775	0.000944	1.3
631	-0.122456	137.121259	76.487735	0.001515	1.3
632	-0.148121	138.121244	76.007054	0.002193	1.4
633	-0.123993	137.515052	76.297719	0.001137	1.3
634	-0.122643	138.514257	75.819787	0.001115	1.2
635	-0.109785	138.842798	75.663947	0.002079	1.2
636	-0.119024	139.842798	75.193525	0.001013	1.1
637	-0.114772	140.842798	74.728917	0.001486	1.0
638	-0.144056	140.283486	74.988068	0.001472	1.0
639	-0.107434	139.677293	75.270978	0.001258	1.1
640	-0.123997	140.461081	74.905587	0.001508	1.1
641	-0.120515	139.854889	75.187873	0.001457	1.2
642	-0.140340	140.854887	74.723335	0.001175	1.2
643	-0.134353	140.251851	75.002779	0.001304	1.2
644	-0.121798	141.251848	74.540519	0.001304	1.4
645	-0.117189	141.311256	74.513236	0.001266	1.2
646	-0.111256	142.311256	74.056971	0.001000	1.4
647	-0.127409	141.901130	74.243420	0.000547	1.1
648	-0.140890	142.858036	73.809849	0.001239	1.1
649	-0.109116	143.827109	73.375897	0.000976	1.2
650	-0.118936	143.851269	73.365143	0.001664	1.3
651	-0.111563	144.701266	72.988802	0.001251	1.1
652	-0.123437	144.261464	73.183044	0.000898	1.1
653	-0.109929	144.895291	72.903437	0.000697	1.1
654	-0.110460	144.299360	73.166266	0.001137	1.1
655	-0.104763	143.719583	73.423796	0.001288	1.2
656	-0.107793	143.706754	73.429514	0.000458	1.2
657	-0.108679	143.155909	73.675916	0.000931	1.2
658	-0.121001	142.568073	73.940695	0.000337	1.2
659	-0.135388	142.138491	74.135398	0.001591	1.4
660	-0.102834	143.015773	73.738865	0.000836	1.2
661	-0.099054	144.000930	73.298599	0.000980	1.1
662	-0.136760	143.421889	73.556733	0.001313	1.2
663	-0.119022	144.415719	73.114798	0.001073	1.2
664	-0.098055	143.809638	73.383675	0.000409	1.3
665	-0.137795	144.203633	73.208662	0.001428	1.4
666	-0.123609	145.157489	72.788395	0.000674	1.3
667	-0.124192	146.038059	72.404679	0.000733	1.0
668	-0.119974	145.442925	72.663569	0.001293	1.0
669	-0.107709	144.938084	72.884637	0.001108	1.4
670	-0.120199	145.938055	72.448053	0.001240	1.2
671	-0.103384	146.938046	72.016659	0.000853	1.0
672	-0.125396	147.920985	71.597599	0.001776	1.2
673	-0.126302	148.918038	71.177476	0.000837	1.3
674	-0.127027	149.861948	70.784263	0.000887	1.5
675	-0.125467	149.534640	70.920119	0.001395	1.3
676	-0.112681	148.928456	71.173112	0.000658	1.1
677	-0.116624	149.928123	70.756858	0.000800	1.0
678	-0.120215	150.682008	70.446153	0.001301	1.0
679	-0.128852	150.089218	70.690235	0.000646	1.0
680	-0.118358	150.903542	70.355368	0.001314	1.1
681	-0.132608	150.297655	70.604218	0.000731	1.1
682	-0.118219	149.692526	70.854520	0.000819	1.5
683	-0.115880	150.346730	70.583997	0.001200	1.7
684	-0.111068	151.192865	70.237155	0.001005	1.1
685	-0.117104	150.826337	70.386980	0.000364	1.3
686	-0.116152	151.453432	70.131031	0.001016	1.2
687	-0.141219	151.576675	70.080948	0.001116	1.1
688	-0.135395	150.979273	70.324387	0.000866	1.0
689	-0.129176	150.944156	70.338750	0.001316	0.9
690	-0.145012	151.914274	69.944122	0.001067	1.1
691	-0.115895	151.506802	70.109334	0.001123	1.1
692	-0.142992	151.729354	70.019002	0.001503	1.0
693	-0.103107	151.258219	70.210508	0.001313	1.1
694	-0.126947	150.877277	70.366119	0.000794	1.0
695	-0.122648	151.873739	69.960522	0.001754	1.0
696	-0.142168	151.278596	70.202203	0.000998	1.2
697	-0.122298	152.278585	69.797067	0.001432	1.1
698	-0.105416	151.835542	69.975983	0.001514	1.1
699	-0.112354	151.229434	70.222242	0.000894	1.3
700	-0.138492	151.928707	69.938284	0.001158	1.2
701	-0.122673	151.367208	70.166113	0.000893	1.1
702	-0.116968	150.782836	70.404804	0.000426	1.0
703	-0.112206	151.247037	70.215066	0.001503	1.0
704	-0.124330	150.846820	70.378591	0.000692	1.0
705	-0.119946	150.830393	70.385319	0.001341	1.0
706	-0.129404	151.805883	69.987993	0.001060	1.0
707	-0.135206	152.803125	69.586418	0.000946	1.1
708	-0.108577	153.798229	69.190272	0.001603	1.5
709	-0.115275	154.795538	68.797747	0.000900	1.3
710	-0.125608	154.192086	69.034722	0.000797	1.0
711	-0.116147	155.100336	68.678671	0.001062	0.9
712	-0.115287	154.494474	68.915771	0.001222	0.9
713	-0.097072	155.493963	68.525499	0.001083	0.9
714	-0.103300	154.888795	68.761270	0.000905	1.0
715	-0.123392	154.888046	68.761563	0.001112	1.0
716	-0.126116	155.468711	68.535305	0.000353	1.1
717	-0.119753	155.963311	68.343754	0.001678	1.1
718	-0.117364	156.726291	68.050354	0.001060	1.0
719	-0.116499	157.580324	67.724914	0.001287	1.0
720	-0.104651	157.785344	67.647250	0.001174	1.1
721	-0.128121	158.609403	67.336881	0.001049	1.1
722	-0.117877	159.600325	66.967415	0.000728	1.1
723	-0.100688	160.591791	66.601783	0.000821	1.2
724	-0.141734	161.535952	66.257287	0.001199	1.2
725	-0.118793	162.529522	65.898591	0.001086	1.1
726	-0.106922	161.977155	66.097524	0.001067	2.0
727	-0.157743	161.493891	66.272558	0.001548	1.0
728	-0.116958	160.908362	66.485877	0.000998	1.0
729	-0.107140	160.302764	66.707957	0.001590	1.0
730	-0.082763	161.093315	66.418347	0.000532	1.1
731	-0.118026	162.059444	66.067812	0.000754	1.1
732	-0.133370	162.868933	65.776947	0.000760	1.1
733	-0.123356	162.270600	65.991692	0.000539	1.1
734	-0.099007	161.744526	66.181665	0.000762	1.2
735	-0.151636	162.252892	65.998069	0.001192	1.2
736	-0.145708	162.502224	65.908394	0.000948	1.1
737	-0.120346	162.049233	66.071498	0.001375	1.0
738	-0.107458	163.049065	65.712570	0.001221	1.0
739	-0.147381	162.459234	65.923839	0.001022	1.0
740	-0.135425	163.454970	65.567965	0.001667	1.0
741	-0.127314	164.452435	65.215304	0.001709	1.0
742	-0.102997	165.452213	64.865612	0.000746	1.0
743	-0.116774	165.185433	64.958556	0.001238	1.1
744	-0.119498	166.158719	64.620751	0.001137	1.2
745	-0.120867	165.614945	64.809048	0.001409	1.1
746	-0.115233	166.614935	64.463615	0.000717	1.0
747	-0.102711	167.309870	64.225720	0.000929	1.0
748	-0.128319	167.795738	64.060434	0.001174	1.0
749	-0.130881	168.795683	63.722930	0.000923	1.0
750	-0.130553	168.292888	63.892189	0.001768	1.1
751	-0.126635	168.532528	63.811405	0.000869	1.2
752	-0.139776	169.518446	63.481187	0.001759	1.2
753	-0.103166	168.943725	63.673264	0.001192	1.2
754	-0.120362	168.337533	63.877124	0.000479	1.0
755	-0.094201	168.043345	63.976529	0.000993	1.0
756	-0.126776	168.989425	63.657948	0.001784	0.9
757	-0.105704	169.445614	63.505463	0.000705	1.0
758	-0.132655	169.003896	63.653100	0.001688	1.0
759	-0.088301	168.461153	63.835445	0.000821	1.2
760	-0.111843	169.381177	63.526958	0.001161	1.1
761	-0.128071	170.378999	63.195738	0.000892	1.2
762	-0.125932	169.775249	63.395734	0.001567	1.1
763	-0.144455	170.574505	63.131245	0.000855	0.9
764	-0.146323	171.403496	62.859237	0.001258	0.9
765	-0.116782	170.807767	63.054470	0.000480	1.0
766	-0.116243	171.138094	62.946065	0.001452	1.0
767	-0.112142	170.595394	63.124362	0.001310	0.9
768	-0.126717	170.163281	63.267051	0.001100	0.9
769	-0.120363	171.122508	62.951172	0.000684	1.0
770	-0.129272	171.671146	62.771916	0.001701	1.0
771	-0.124839	172.671042	62.447833	0.000484	1.1
772	-0.126262	172.082433	62.638205	0.000780	1.1
773	-0.145525	172.040844	62.651700	0.001318	1.0
774	-0.109216	171.767230	62.740627	0.000532	1.0
775	-0.128157	171.169579	62.935752	0.000962	1.1
776	-0.117896	171.877163	62.704868	0.000581	1.2
777	-0.122904	172.861845	62.386371	0.001047	1.0
778	-0.128148	173.711494	62.114140	0.000647	0.9
779	-0.100660	173.120692	62.303183	0.001207	1.0
780	-0.108295	172.541642	62.489585	0.001161	1.3
781	-0.100539	171.935484	62.685913	0.000365	1.1
782	-0.122195	171.413253	62.856050	0.001690	1.0
783	-0.127905	172.403280	62.534291	0.001069	1.0
784	-0.125501	173.392469	62.216078	0.000725	1.0
785	-0.138097	174.275448	61.934755	0.001199	1.1
786	-0.134234	174.275025	61.934889	0.000629	1.0
787	-0.131934	173.688774	62.121389	0.001197	1.1
788	-0.120129	173.091347	62.312603	0.000590	1.1
789	-0.113990	173.623145	62.142337	0.001287	1.2
790	-0.120205	174.613865	61.827606	0.000466	1.2
791	-0.143307	175.309033	61.608663	0.000602	1.1
792	-0.104634	175.813707	61.450684	0.001701	1.1
793	-0.106091	175.216538	61.637704	0.000759	1.2
794	-0.110533	174.610735	61.828595	0.001251	1.1
795	-0.136501	175.526309	61.540549	0.001486	1.2
796	-0.116849	174.920117	61.730960	0.000408	1.4
797	-0.115523	174.603639	61.830838	0.000745	1.6
798	-0.137335	175.041535	61.692728	0.001319	1.4
799	-0.109580	176.027344	61.384053	0.000536	1.1
800	-0.125962	175.712732	61.482228	0.000868	1.1
801	-0.104287	175.121565	61.667553	0.001150	1.2
802	-0.128739	176.097919	61.362073	0.000441	1.1
803	-0.105502	176.718601	61.169444	0.000744	1.2
804	-0.105782	177.382672	60.964684	0.001039	1.3
805	-0.116530	176.789455	61.147532	0.001491	1.4
806	-0.134196	176.183264	61.335515	0.001131	2.0
807	-0.133228	177.102693	61.050846	0.000406	1.2
808	-0.109102	177.583647	60.902986	0.001095	1.2
809	-0.123030	177.216476	61.015801	0.000850	1.0
810	-0.115951	176.615892	61.201237	0.001176	1.0
811	-0.107416	177.118118	61.046093	0.001254	1.0
812	-0.130580	177.782586	60.842035	0.001276	0.9
813	-0.120636	177.179870	61.027071	0.000888	1.3
814	-0.121743	176.574530	61.214049	0.001350	1.0
815	-0.109460	177.571652	60.906664	0.000687	1.0
816	-0.121355	177.260004	61.002405	0.000431	1.0
817	-0.133025	177.176381	61.028145	0.001273	1.2
818	-0.122819	177.886865	60.810134	0.001273	1.1
819	-0.116767	177.284987	60.994718	0.001958	1.1
820	-0.094104	176.704317	61.173864	0.000969	0.9
821	-0.122606	176.098125	61.362009	0.001536	1.0
822	-0.128249	177.092375	61.054026	0.001328	1.2
823	-0.125995	178.092372	60.747365	0.000581	1.2
824	-0.116795	177.643682	60.884579	0.001024	1.0
825	-0.150727	178.222857	60.707577	0.001615	1.1
826	-0.115327	177.616666	60.892861	0.001404	1.1
827	-0.115738	178.616665	60.587812	0.001233	1.1
828	-0.126377	178.011447	60.772067	0.001428	1.0
829	-0.120569	177.405256	60.957745	0.001020	1.1
830	-0.126308	177.194662	61.022516	0.002117	1.2
831	-0.140676	177.036193	61.071347	0.000522	1.3
832	-0.118550	177.923629	60.798896	0.001570	1.2
833	-0.126939	178.896743	60.502922	0.000964	1.0
834	-0.123137	179.896721	60.201764	0.001068	0.9
835	-0.116667	179.300227	60.381045	0.001254	0.9
836	-0.112535	180.188531	60.114446	0.001156	1.0
837	-0.132702	179.735069	60.250245	0.001569	1.0
838	-0.129065	179.128928	60.432727	0.001113	1.0
839	-0.141694	178.522736	60.616335	0.000917	1.2
840	-0.115744	179.473456	60.328869	0.001413	1.2
841	-0.140088	178.867416	60.511799	0.000771	1.1
842	-0.124848	178.262804	60.695407	0.001287	1.0
843	-0.121581	177.657448	60.880360	0.001333	1.0
844	-0.118419	177.116344	61.046639	0.001982	1.1
845	-0.135343	178.116344	60.740052	0.001195	1.2
846	-0.131526	179.116343	60.436528	0.001710	1.1
847	-0.131167	180.114558	60.136557	0.001637	1.1
848	-0.124622	181.114558	59.839020	0.001400	1.1
849	-0.137523	180.508684	60.018937	0.001496	1.1
850	-0.133451	179.918244	60.195315	0.000759	1.1
851	-0.139349	180.451873	60.035863	0.001713	1.1
852	-0.132615	179.860502	60.212619	0.001449	1.0
853	-0.121179	179.934139	60.190553	0.000539	1.0
854	-0.107204	179.332048	60.371454	0.000746	1.0
855	-0.138840	179.909547	60.197921	0.001364	1.0
856	-0.129398	180.394493	60.052968	0.001396	1.0
857	-0.122142	181.394488	59.756257	0.001042	1.2
858	-0.130944	180.788298	59.935770	0.000842	1.1
859	-0.142309	181.222185	59.807172	0.000443	1.0
860	-0.118632	181.163417	59.824558	0.000508	1.2
861	-0.123025	181.474994	59.732497	0.001117	1.2
862	-0.116159	180.928901	59.894036	0.001395	1.1
863	-0.102749	181.912202	59.603793	0.001436	1.0
864	-0.146624	181.312107	59.780589	0.000581	0.9
865	-0.121252	180.721703	59.955556	0.000961	0.9
866	-0.150405	180.812199	59.928671	0.001378	1.1
867	-0.118042	181.806403	59.634887	0.001484	1.3
868	-0.140693	182.806159	59.342353	0.000922	1.0
869	-0.111677	182.200001	59.519374	0.001106	1.0
870	-0.108686	183.199268	59.228111	0.001112	1.0
871	-0.114696	182.593440	59.404355	0.001931	1.0
872	-0.121977	183.546083	59.127688	0.001961	1.0
873	-0.120838	182.939891	59.303440	0.001095	1.0
874	-0.125574	183.939883	59.014072	0.000943	2.1
875	-0.144192	184.793117	58.769395	0.000760	1.3
876	-0.136245	184.977195	58.716874	0.001611	1.2
877	-0.099772	184.695359	58.797325	0.000818	1.0
878	-0.116977	184.250423	58.924785	0.001266	1.0
879	-0.122423	183.645812	59.098874	0.000551	1.1
880	-0.131869	184.278257	58.916795	0.000644	1.1
881	-0.119092	183.885328	59.029785	0.000831	1.1
882	-0.106107	183.592800	59.114187	0.001158	1.0
883	-0.100134	184.502649	58.852463	0.001478	1.2
884	-0.129362	185.489023	58.571331	0.000721	1.1
885	-0.142681	186.472630	58.293651	0.001287	1.0
886	-0.124509	186.232763	58.361124	0.001181	1.0
887	-0.139937	187.232664	58.080883	0.001094	1.2
888	-0.128168	188.189155	57.815316	0.000962	1.0
889	-0.112086	189.189074	57.540274	0.000650	0.9
890	-0.118407	188.696232	57.675509	0.001442	0.9
891	-0.108379	188.790001	57.649730	0.000559	1.1
892	-0.136014	189.527370	57.447813	0.001150	1.1
893	-0.107083	190.516954	57.179043	0.000882	1.2
894	-0.123429	191.512896	56.911073	0.001455	1.0
895	-0.118397	190.906747	57.073865	0.000730	0.9
896	-0.138247	191.904553	56.806380	0.001416	0.9
897	-0.122114	192.414037	56.670766	0.001076	0.9
898	-0.127344	193.372306	56.417441	0.000892	0.9
899	-0.125354	193.577889	56.363389	0.002171	0.9
900	-0.144586	192.971697	56.523069	0.001608	1.0
901	-0.131263	192.365505	56.683657	0.001370	1.2
902	-0.127939	191.759978	56.844981	0.000741	1.2
903	-0.132416	192.758864	56.579347	0.000425	1.0
904	-0.113762	192.207393	56.725692	0.001463	0.9
905	-0.129050	191.612870	56.884313	0.001256	0.9
906	-0.124149	191.006778	57.046935	0.000972	1.0
907	-0.125354	190.406670	57.208871	0.001171	1.1
908	-0.108829	190.139055	57.281383	0.000759	1.0
909	-0.134530	189.945866	57.333842	0.000892	1.0
910	-0.145435	190.764795	57.112123	0.000830	1.0
911	-0.131452	190.328017	57.230163	0.001530	1.0
912	-0.110823	190.209389	57.262307	0.000573	1.2
913	-0.123751	189.618093	57.423067	0.001187	1.0
914	-0.121932	189.050909	57.578123	0.001580	1.0
915	-0.130075	188.490854	57.732052	0.001239	1.0
916	-0.131468	189.488797	57.458341	0.001622	1.2
917	-0.132373	190.475705	57.190196	0.001029	1.1
918	-0.118925	189.878132	57.352258	0.001965	1.1
919	-0.092753	190.877925	57.081628	0.000797	1.0
920	-0.112987	191.032582	57.039993	0.000894	1.4
921	-0.124784	190.495977	57.184714	0.001251	1.1
922	-0.107011	189.893901	57.347969	0.001181	1.1
923	-0.137925	190.893893	57.077327	0.001255	1.0
924	-0.097667	191.893806	56.809248	0.001291	1.1
925	-0.115147	192.458802	56.658881	0.000923	1.0
926	-0.120085	191.873094	56.814775	0.000808	1.0
927	-0.140534	192.870566	56.549796	0.001277	1.1
928	-0.116055	193.869237	56.286964	0.000444	1.1
929	-0.112199	194.566591	56.104877	0.000966	1.2
930	-0.132777	194.325751	56.167629	0.000992	1.4
931	-0.119713	195.171773	55.947808	0.000316	1.0
932	-0.124095	195.105268	55.965026	0.000737	1.0
933	-0.128525	195.645387	55.825500	0.000676	1.0
934	-0.125353	195.055624	55.977885	0.000703	0.9
935	-0.121814	194.468213	56.130493	0.001083	1.0
936	-0.129670	193.916164	56.274674	0.001141	1.1
937	-0.119795	194.572373	56.103372	0.000758	1.0
938	-0.120568	195.553910	55.849082	0.001349	1.0
939	-0.130068	196.525625	55.599596	0.000341	1.1
940	-0.122359	197.382711	55.381385	0.001361	1.0
941	-0.128092	196.815852	55.525513	0.000919	1.0
942	-0.116152	196.213556	55.679476	0.001016	1.0
943	-0.127515	195.701897	55.810942	0.000612	1.1
944	-0.124803	195.209584	55.938024	0.001255	1.2
945	-0.123215	195.991762	55.736388	0.001395	1.1
946	-0.108091	195.385571	55.892530	0.001043	1.1
947	-0.117824	194.782336	56.048781	0.001219	1.4
948	-0.121007	195.780918	55.790598	0.000692	1.2
949	-0.136127	196.701830	55.554595	0.001975	1.1
950	-0.131582	197.392043	55.379018	0.001424	1.1
951	-0.119637	198.095343	55.201251	0.000610	1.4
952	-0.128345	197.494803	55.352973	0.000905	1.0
953	-0.113872	198.196778	55.175706	0.001460	1.0
954	-0.112852	199.137779	54.939852	0.001236	1.0
955	-0.130232	200.137631	54.691447	0.001080	1.1
956	-0.126550	199.540516	54.839524	0.001140	1.2
957	-0.125044	200.539251	54.592299	0.000585	1.0
958	-0.104542	200.544628	54.590974	0.001388	1.1
959	-0.117837	201.264295	54.414214	0.000599	1.0
960	-0.131276	200.904918	54.502339	0.001118	0.9
961	-0.110861	200.300883	54.651101	0.000789	1.0
962	-0.120947	199.702863	54.799185	0.000666	1.0
963	-0.128897	199.696444	54.800779	0.001155	1.0
964	-0.111773	199.090762	54.951589	0.002243	1.0
965	-0.102519	200.073584	54.707291	0.001072	1.3
966	-0.115975	199.472575	54.856424	0.001299	1.2
967	-0.136212	199.914196	54.746762	0.000828	1.0
968	-0.115746	200.914067	54.500091	0.000943	0.9
969	-0.118060	200.310513	54.648723	0.001576	1.0
970	-0.119470	201.310278	54.402959	0.000612	1.0
971	-0.100948	200.715172	54.548982	0.001521	1.0
972	-0.123574	200.129806	54.693382	0.000946	1.2
973	-0.136242	201.129803	54.447160	0.001154	1.1
974	-0.101062	202.117711	54.206082	0.001162	1.2
975	-0.118859	203.115370	53.964781	0.000945	1.2
976	-0.108337	203.218147	53.940045	0.000718	1.1
977	-0.117027	202.958658	54.002543	0.000613	1.3
978	-0.091384	202.366242	54.145769	0.000754	1.3
979	-0.126389	201.852015	54.270710	0.000858	1.0
980	-0.112426	201.834327	54.275018	0.001498	1.0
981	-0.117319	202.831252	54.033281	0.000890	1.0
982	-0.125132	203.575546	53.854203	0.000643	1.0
983	-0.112357	203.137222	53.959520	0.001238	1.0
984	-0.113054	204.131529	53.721205	0.001080	1.1
985	-0.113925	205.131519	53.483641	0.001082	0.9
986	-0.113319	204.976412	53.520351	0.001169	1.0
987	-0.113354	204.577852	53.614913	0.001107	1.0
988	-0.126453	205.368356	53.427684	0.001607	1.1
989	-0.129789	206.368306	53.192713	0.001037	1.0
990	-0.125314	207.368211	52.959810	0.000844	1.0
991	-0.105044	208.333673	52.736856	0.001089	1.2
992	-0.146355	209.331527	52.508387	0.000825	1.4
993	-0.130181	208.778145	52.634845	0.001390	1.0
994	-0.131980	209.583343	52.451044	0.000578	1.0
995	-0.126675	210.434221	52.258205	0.000985	1.2
996	-0.125401	209.879230	52.383824	0.001616	1.3
997	-0.128741	209.470367	52.476755	0.001111	0.9
998	-0.114551	208.929132	52.600281	0.001735	0.9
999	-0.121483	209.929026	52.372528	0.001364	1.0
1000	-0.108003	209.323185	52.510289	0.000887	1.3
1001	-0.119640	210.322354	52.283477	0.001165	1.2
1002	-0.111191	210.160124	52.320170	0.000810	1.0
1003	-0.101768	209.720773	52.419801	0.000880	1.0
1004	-0.111133	210.710776	52.195833	0.000652	1.0
1005	-0.115286	211.652398	51.984579	0.000677	1.0
1006	-0.124087	212.526370	51.790027	0.000847	1.1
1007	-0.114492	211.929012	51.922845	0.001514	1.1
1008	-0.116923	212.927816	51.701149	0.000770	1.0
1009	-0.135560	212.633334	51.766316	0.001265	1.4
1010	-0.087555	213.579367	51.557548	0.000978	1.5
1011	-0.113425	213.755248	51.518921	0.001027	1.3
1012	-0.106028	213.151857	51.651681	0.000459	1.0
1013	-0.117303	213.753081	51.519396	0.000401	1.0
1014	-0.115238	213.353106	51.607325	0.001855	0.9
1015	-0.120141	214.305379	51.398472	0.000719	1.0
1016	-0.120819	213.699203	51.531223	0.001026	1.0
1017	-0.103245	214.695458	51.313407	0.001471	1.1
1018	-0.101960	214.117953	51.439445	0.001098	1.1
1019	-0.120357	215.061242	51.233895	0.000976	1.1
1020	-0.122951	214.670574	51.318825	0.001230	1.0
1021	-0.111583	214.113187	51.440488	0.000497	1.0
1022	-0.128424	214.890411	51.270999	0.002541	1.1
1023	-0.114665	215.888110	51.055061	0.000272	1.1
1024	-0.140164	216.398010	50.945402	0.000737	1.0
1025	-0.126321	216.186043	50.990930	0.001635	1.6
1026	-0.112086	215.585130	51.120444	0.000522	1.8
1027	-0.137380	216.569862	50.908549	0.000913	1.2
1028	-0.118046	216.466333	50.930744	0.002346	1.1
1029	-0.121288	217.199968	50.773882	0.000713	1.0
1030	-0.131939	218.178077	50.566244	0.001749	1.1
1031	-0.115924	217.716284	50.664064	0.000904	1.1
1032	-0.118710	218.091602	50.584533	0.001887	1.0
1033	-0.132904	219.083439	50.375557	0.002134	0.9
1034	-0.120740	218.505724	50.497069	0.001467	1.0
1035	-0.136245	219.505718	50.287108	0.001177	1.2
1036	-0.142527	218.899530	50.414175	0.000927	1.1
1037	-0.093023	219.899401	50.204927	0.000703	1.0
1038	-0.119340	219.370174	50.315465	0.001248	1.1
1039	-0.121766	220.056388	50.172232	0.001978	1.5
1040	-0.131475	219.616405	50.263975	0.000857	1.2
1041	-0.115649	220.611422	50.056975	0.001801	1.3
1042	-0.110553	220.005831	50.182757	0.001558	1.1
1043	-0.122178	221.005831	49.975395	0.001323	1.2
1044	-0.125982	220.399692	50.100880	0.001130	1.1
1045	-0.118989	221.399679	49.894196	0.001221	1.0
1046	-0.126966	220.795355	50.018897	0.001474	1.0
1047	-0.120843	220.189163	50.144612	0.001041	1.0
1048	-0.122606	221.179594	49.939538	0.000590	1.0
1049	-0.117813	221.656799	49.841328	0.001074	1.0
1050	-0.112486	221.849774	49.801722	0.001539	1.1
1051	-0.122686	222.847736	49.597906	0.000553	1.1
1052	-0.121467	222.242307	49.721355	0.001257	1.2
1053	-0.118399	221.730883	49.826115	0.001192	1.1
1054	-0.116125	221.124692	49.950862	0.001683	1.0
1055	-0.112512	222.124630	49.745421	0.000969	1.1
1056	-0.123985	223.117789	49.543038	0.000916	1.0
1057	-0.120277	223.059715	49.554827	0.001700	1.0
1058	-0.137559	222.453549	49.678212	0.001584	1.1
1059	-0.134794	223.453185	49.475064	0.002130	1.2
1060	-0.121992	222.847105	49.598034	0.001046	1.1
1061	-0.091565	223.847054	49.395477	0.001204	1.0
1062	-0.138863	223.241155	49.518014	0.000946	1.0
1063	-0.123556	224.237055	49.316923	0.001451	1.1
1064	-0.120908	225.218985	49.120246	0.000463	1.1
1065	-0.111580	224.622644	49.239503	0.000629	1.1
1066	-0.114379	224.098430	49.344816	0.001060	1.2
1067	-0.131459	224.984654	49.167039	0.000864	1.2
1068	-0.119641	225.979581	48.968975	0.001136	1.0
1069	-0.106193	225.374485	49.089243	0.000754	1.2
1070	-0.102985	226.327638	48.900063	0.001193	1.0
1071	-0.148959	225.724481	49.019606	0.000739	0.9
1072	-0.125763	225.283823	49.107314	0.002159	0.9
1073	-0.121332	224.677644	49.228480	0.001145	1.0
1074	-0.117151	225.677644	49.028914	0.001401	1.3
1075	-0.106076	225.071990	49.149588	0.001133	1.0
1076	-0.117310	225.019172	49.160140	0.001281	1.0
1077	-0.124785	225.720596	49.020378	0.001792	1.1
1078	-0.124646	226.720596	48.822493	0.000890	1.3
1079	-0.120259	227.720590	48.626199	0.000565	1.0
1080	-0.137923	227.426473	48.683769	0.001372	0.9
1081	-0.124128	228.091259	48.553839	0.000530	0.9
1082	-0.101500	227.567729	48.656103	0.000692	1.1
1083	-0.130088	227.565437	48.656551	0.000453	1.1
1084	-0.147736	227.516315	48.666169	0.001541	1.0
1085	-0.125000	228.097868	48.552551	0.000980	1.0
1086	-0.129450	227.499849	48.669394	0.000812	1.1
1087	-0.132317	228.342128	48.504988	0.002283	1.1
1088	-0.122416	227.796520	48.611359	0.000823	1.1
1089	-0.131814	227.191276	48.729904	0.001412	1.0
1090	-0.117679	226.953447	48.776644	0.001108	1.0
1091	-0.097834	226.347263	48.896183	0.001213	1.0
1092	-0.127976	227.140509	48.739873	0.000617	1.1
1093	-0.121897	228.121961	48.547856	0.000557	1.2
1094	-0.110977	227.568488	48.655954	0.000992	1.2
1095	-0.113559	227.000749	48.767340	0.000579	1.1
1096	-0.098460	227.952551	48.580892	0.001303	1.4
1097	-0.121607	227.351521	48.698461	0.001505	1.1
1098	-0.128502	227.429345	48.683206	0.001206	1.0
1099	-0.109841	228.425254	48.488823	0.001093	1.0
1100	-0.104634	227.819109	48.606946	0.001269	1.1
1101	-0.111646	227.378531	48.693166	0.001334	1.0
1102	-0.120951	228.378530	48.497908	0.000971	1.0
1103	-0.121561	227.772527	48.616047	0.001819	1.0
1104	-0.119356	228.765360	48.422796	0.000843	1.0
1105	-0.134603	229.764564	48.229849	0.000987	1.3
1106	-0.121784	230.260359	48.134680	0.000597	1.2
1107	-0.112095	230.228662	48.140753	0.001075	1.2
1108	-0.106389	230.140452	48.157662	0.000700	0.9
1109	-0.120347	229.560747	48.269081	0.000738	0.9
1110	-0.133310	229.813418	48.220454	0.001885	0.9
1111	-0.124089	229.207229	48.337280	0.001349	0.9
1112	-0.115598	228.609648	48.453003	0.000944	1.2
1113	-0.124722	228.003491	48.570953	0.000441	1.0
1114	-0.111991	228.730186	48.429616	0.001773	1.3
1115	-0.127646	228.154419	48.541531	0.001197	1.0
1116	-0.141029	229.145955	48.349121	0.000895	0.9
1117	-0.123689	228.540707	48.466389	0.001497	1.0
1118	-0.122714	229.031501	48.371253	0.001790	0.9
1119	-0.112872	230.031501	48.178563	0.001039	1.0
1120	-0.139062	229.476205	48.285373	0.000769	0.9
1121	-0.152623	229.040152	48.369579	0.000745	1.1
1122	-0.116614	228.463127	48.481461	0.000565	1.4
1123	-0.110322	228.079881	48.556057	0.000467	1.1
1124	-0.144691	228.053535	48.561194	0.000819	1.0
1125	-0.108608	227.594375	48.650888	0.000630	0.9
1126	-0.120149	227.284766	48.711555	0.001156	1.0
1127	-0.119317	226.698979	48.826753	0.001781	1.1
1128	-0.121393	227.698979	48.630425	0.000597	1.1
1129	-0.123310	228.659805	48.443269	0.000609	1.1
1130	-0.127306	228.825791	48.411082	0.001499	1.0
1131	-0.107251	229.822011	48.218802	0.000846	1.0
1132	-0.112124	229.707345	48.240856	0.001345	1.0
1133	-0.142600	229.102417	48.357537	0.001124	1.1
1134	-0.128549	230.102077	48.165022	0.001311	1.0
1135	-0.121656	229.708257	48.240681	0.001409	1.0
1136	-0.108896	229.103539	48.357320	0.000575	1.5
1137	-0.129452	228.500860	48.474129	0.001815	1.3
1138	-0.124276	229.499727	48.280839	0.001024	1.3
1139	-0.108391	230.499727	48.088867	0.000900	1.1
1140	-0.124386	229.897511	48.204292	0.000842	1.2
1141	-0.108707	229.513108	48.278260	0.001859	1.2
1142	-0.117209	229.550903	48.270977	0.000543	1.2
1143	-0.119251	230.474902	48.093614	0.001190	1.1
1144	-0.110432	231.394249	47.918433	0.000818	1.1
1145	-0.122110	230.795345	48.032409	0.002008	1.0
1146	-0.132376	230.189159	48.148324	0.001261	1.3
1147	-0.114452	230.149016	48.156020	0.000951	1.1
1148	-0.119056	229.701028	48.242072	0.001224	1.4
1149	-0.132141	229.094848	48.359001	0.001340	1.3
1150	-0.109635	230.080041	48.169249	0.001357	1.2
1151	-0.129173	229.478058	48.285016	0.001461	1.0
1152	-0.120034	228.871872	48.402155	0.000430	0.9
1153	-0.107273	229.621038	48.257469	0.001209	1.0
1154	-0.129383	229.967116	48.190923	0.001994	1.0
1155	-0.119767	229.360924	48.307606	0.001208	1.1
1156	-0.131700	228.754732	48.424856	0.001167	1.1
1157	-0.112259	229.096479	48.358685	0.000808	1.1
1158	-0.140206	230.076830	48.169865	0.000932	1.3
1159	-0.109100	229.516956	48.277519	0.000922	1.0
1160	-0.129243	228.912164	48.394351	0.001657	1.1
1161	-0.128109	229.896577	48.204472	0.001036	1.0
1162	-0.139310	230.566797	48.076046	0.001137	1.4
1163	-0.127521	231.560350	47.886919	0.001233	1.1
1164	-0.122827	230.972122	47.998711	0.000558	1.2
1165	-0.125583	231.899508	47.822699	0.001094	1.3
1166	-0.132030	231.520497	47.894476	0.001065	1.2
1167	-0.106360	230.924157	48.007849	0.000711	1.1
1168	-0.133547	230.386494	48.110528	0.002244	1.1
1169	-0.123702	229.780302	48.226822	0.001365	1.2
1170	-0.124821	230.780302	48.035279	0.000982	1.2
1171	-0.126410	230.181489	48.149794	0.000964	1.1
1172	-0.142889	230.691738	48.052181	0.001786	1.1
1173	-0.122675	231.299354	47.936456	0.001355	1.2
1174	-0.138385	231.816167	47.838464	0.000599	1.6
1175	-0.124166	232.110552	47.782824	0.000708	1.4
1176	-0.144564	232.708696	47.670171	0.001524	1.3
1177	-0.136025	233.314725	47.556574	0.000767	1.4
1178	-0.113582	234.182464	47.394859	0.001872	1.5
1179	-0.122263	235.176137	47.211021	0.001245	1.6
1180	-0.124829	236.176136	47.027447	0.001123	1.3
1181	-0.142925	237.174468	46.845597	0.000937	1.4
1182	-0.108384	236.993439	46.878467	0.000998	1.0
1183	-0.125575	236.388316	46.988679	0.000648	0.9
1184	-0.129350	237.351972	46.813411	0.001622	0.9
1185	-0.114027	238.350347	46.633201	0.001079	0.9
1186	-0.131294	237.745260	46.742255	0.000846	0.9
1187	-0.132159	238.712307	46.568209	0.001283	1.3
1188	-0.139282	238.112229	46.676056	0.000945	1.3
1189	-0.130677	239.107993	46.497368	0.001360	1.3
1190	-0.117373	239.526002	46.422764	0.000994	1.2
1191	-0.125777	238.919816	46.531031	0.000467	1.1
1192	-0.126039	238.394417	46.625279	0.001102	1.0
1193	-0.122503	239.092499	46.500138	0.001059	1.0
1194	-0.127882	240.008588	46.336931	0.001147	0.9
1195	-0.113170	239.402528	46.444776	0.000802	0.9
1196	-0.116261	238.870504	46.539860	0.001351	1.1
1197	-0.125649	238.307151	46.640970	0.001434	1.1
1198	-0.121802	239.307150	46.461793	0.001099	1.0
1199	-0.135452	240.307130	46.283992	0.000537	1.0
1200	-0.144218	240.647013	46.223868	0.001146	1.0
1201	-0.110300	241.014074	46.159112	0.001071	1.2
1202	-0.124073	240.419363	46.264121	0.000495	1.1
1203	-0.133815	241.326858	46.104074	0.000678	1.1
1204	-0.128029	240.854762	46.187195	0.001188	1.0
1205	-0.107820	241.250041	46.117579	0.000964	1.0
1206	-0.120828	241.716167	46.035755	0.001411	1.0
1207	-0.117379	241.110017	46.142216	0.001561	1.1
1208	-0.129553	241.585484	46.058665	0.001335	1.1
1209	-0.108260	242.585484	45.883926	0.000939	1.0
1210	-0.144452	241.985200	45.988660	0.001673	1.0
1211	-0.113854	242.984641	45.814548	0.001108	1.0
1212	-0.118675	243.984635	45.641654	0.000863	1.2
1213	-0.115488	244.975881	45.471555	0.001517	1.0
1214	-0.109000	245.962891	45.303439	0.000948	1.0
1215	-0.112023	245.357413	45.406421	0.000739	1.2
1216	-0.113002	245.401214	45.398956	0.000986	1.3
1217	-0.128856	246.384845	45.231946	0.001749	1.4
1218	-0.102236	247.384279	45.063508	0.000991	1.1
1219	-0.128112	247.356817	45.068119	0.002237	1.0
1220	-0.105969	246.750626	45.170154	0.000969	1.0
1221	-0.128281	246.145120	45.272536	0.001611	1.0
1222	-0.132315	247.145053	45.103711	0.000594	1.0
1223	-0.131894	246.546590	45.204602	0.000654	1.0
1224	-0.115618	247.329938	45.072634	0.000517	1.0
1225	-0.130552	247.940061	44.970381	0.000804	1.2
1226	-0.128673	247.489670	45.045819	0.001413	1.2
1227	-0.125474	246.883536	45.147743	0.000751	1.2
1228	-0.107682	246.277668	45.250084	0.001194	1.0
1229	-0.105087	246.478578	45.216096	0.000706	1.1
1230	-0.094251	245.877352	45.317959	0.000964	1.0
1231	-0.117573	246.862703	45.151254	0.001250	1.0
1232	-0.135579	246.277368	45.250135	0.001120	1.0
1233	-0.120053	247.182987	45.097331	0.000755	1.1
1234	-0.108662	246.885513	45.147410	0.000618	1.3
1235	-0.113034	246.534435	45.206655	0.001554	1.0
1236	-0.125337	247.533015	45.038548	0.000959	0.9
1237	-0.139058	248.153724	44.934682	0.001016	0.9
1238	-0.119269	247.547612	45.036100	0.000560	1.0
1239	-0.107522	247.947403	44.969153	0.001657	1.0
1240	-0.113531	248.945093	44.802952	0.001309	1.0
1241	-0.120944	249.945092	44.637594	0.001176	1.1
1242	-0.135056	249.338910	44.737685	0.000849	1.1
1243	-0.137599	248.804230	44.826343	0.001190	1.3
1244	-0.108436	249.794839	44.662362	0.001152	1.2
1245	-0.130088	250.794676	44.498064	0.001104	1.0
1246	-0.120330	251.526314	44.378603	0.000525	0.9
1247	-0.131861	251.452311	44.390657	0.002422	0.9
1248	-0.129514	252.450818	44.228564	0.001590	1.0
1249	-0.118778	251.844787	44.326803	0.001092	1.0
1250	-0.111139	251.268331	44.420653	0.001583	1.1
1251	-0.128240	252.267204	44.258282	0.001209	1.1
1252	-0.126027	253.267070	44.096934	0.000924	1.3
1253	-0.111637	253.854581	44.002676	0.000731	1.1
1254	-0.120588	254.815321	43.849402	0.001125	1.0
1255	-0.130949	254.887961	43.837857	0.001369	1.0
1256	-0.141299	254.281807	43.934385	0.001145	1.1
1257	-0.115088	255.281236	43.775456	0.000553	1.3
1258	-0.117816	255.135376	43.798579	0.000643	1.1
1259	-0.132506	254.752753	43.859352	0.000783	0.9
1260	-0.141707	255.726982	43.704943	0.000984	0.9
1261	-0.125504	256.624305	43.563682	0.001325	1.0
1262	-0.113033	257.624256	43.407337	0.000965	1.1
1263	-0.122907	258.624248	43.252104	0.000878	1.0
1264	-0.130745	258.054702	43.340381	0.001054	0.9
1265	-0.132640	258.640970	43.249517	0.000978	1.0
1266	-0.123102	259.466509	43.122215	0.001138	1.0
1267	-0.119882	260.445333	42.972242	0.001662	1.0
1268	-0.123774	260.823006	42.914655	0.001501	1.0
1269	-0.132776	260.462525	42.969617	0.000969	1.1
1270	-0.124650	259.956661	43.046984	0.000841	1.1
1271	-0.107075	259.356825	43.139085	0.000869	1.3
1272	-0.131980	260.026916	43.036223	0.001537	1.3
1273	-0.118844	261.026677	42.883663	0.001192	1.2
1274	-0.106395	262.026653	42.732148	0.001677	1.0
1275	-0.112282	261.420462	42.823869	0.001940	0.9
1276	-0.124066	260.814291	42.915982	0.001052	1.0
1277	-0.127107	260.208099	43.008494	0.001489	1.2
1278	-0.114412	261.187949	42.859155	0.001351	1.0
1279	-0.099085	262.187740	42.707841	0.001084	1.2
1280	-0.113929	263.186490	42.557748	0.001127	1.1
1281	-0.123783	262.581230	42.648581	0.001598	1.0
1282	-0.135121	263.100833	42.570579	0.000768	1.0
1283	-0.141689	262.497585	42.661164	0.002135	1.0
1284	-0.125206	261.891398	42.752580	0.001422	0.9
1285	-0.136837	262.891398	42.601985	0.001008	0.9
1286	-0.118937	262.285244	42.693141	0.000815	1.0
1287	-0.138495	262.728646	42.626422	0.002142	1.3
1288	-0.136717	263.699557	42.481053	0.001464	1.5
1289	-0.137801	264.699557	42.332362	0.001528	1.1
1290	-0.131810	264.093367	42.422372	0.000988	1.0
1291	-0.122251	263.618895	42.493092	0.001428	1.0
1292	-0.121357	264.075392	42.425047	0.001773	1.0
1293	-0.119136	265.075392	42.276747	0.000914	1.0
1294	-0.107028	264.469201	42.366521	0.001712	1.0
1295	-0.120841	265.384929	42.231053	0.000818	1.1
1296	-0.124592	266.354504	42.088559	0.000647	1.1
1297	-0.105783	266.873915	42.012619	0.001453	1.1
1298	-0.123690	267.606960	41.905909	0.001259	1.2
1299	-0.114653	268.066143	41.839341	0.001332	0.9
1300	-0.137766	269.066085	41.695109	0.000848	0.9
1301	-0.112238	270.059991	41.552729	0.000874	1.0
1302	-0.132686	269.586524	41.620433	0.001896	1.3
1303	-0.117677	269.854042	41.582152	0.000987	1.1
1304	-0.118996	269.269968	41.665823	0.000684	1.0
1305	-0.119270	268.719946	41.744924	0.000858	1.0
1306	-0.094056	269.601621	41.618271	0.000429	1.1
1307	-0.131845	270.208256	41.531573	0.002234	1.2
1308	-0.124902	269.819750	41.587055	0.000848	1.0
1309	-0.128363	270.075741	41.550481	0.000506	1.0
1310	-0.136813	270.324798	41.514959	0.001261	1.0
1311	-0.105883	270.249494	41.525693	0.002096	1.0
1312	-0.101653	271.249470	41.383606	0.000967	1.1
1313	-0.121965	271.959735	41.283274	0.000720	1.0
1314	-0.098404	271.365027	41.367249	0.000785	1.0
1315	-0.154004	272.216969	41.247057	0.001857	1.0
1316	-0.122527	273.216873	41.106878	0.001517	1.3
1317	-0.112856	272.611619	41.191616	0.000561	1.2
1318	-0.114457	272.006162	41.276733	0.000886	1.0
1319	-0.109273	272.078794	41.266503	0.001007	1.0
1320	-0.126544	273.077652	41.126338	0.000594	1.0
1321	-0.122619	273.948407	41.004924	0.001353	1.0
1322	-0.116373	273.347665	41.088612	0.001341	1.0
1323	-0.122833	273.237922	41.103937	0.000418	1.1
1324	-0.112430	272.909217	41.149907	0.000348	1.1
1325	-0.116077	272.675923	41.182596	0.000163	1.1
1326	-0.135080	272.676241	41.182552	0.000634	1.0
1327	-0.147495	272.438013	41.215986	0.000841	1.1
1328	-0.124982	272.117585	41.261042	0.001188	1.1
1329	-0.111780	273.115498	41.121046	0.001505	1.0
1330	-0.123005	272.811711	41.163563	0.000710	1.0
1331	-0.130636	272.224181	41.246042	0.000746	1.2
1332	-0.106116	273.041888	41.131340	0.000621	1.2
1333	-0.135387	273.902256	41.011341	0.001667	1.1
1334	-0.120555	274.901913	40.872791	0.001105	1.1
1335	-0.123341	275.901047	40.735245	0.000451	1.2
1336	-0.133872	276.545011	40.647084	0.000820	1.1
1337	-0.141915	276.081938	40.710442	0.000798	1.1
1338	-0.130753	277.075044	40.574806	0.001836	1.1
1339	-0.119502	278.001731	40.449053	0.001336	1.1
1340	-0.131383	279.001731	40.314224	0.001233	1.1
1341	-0.120443	278.395539	40.395849	0.001305	1.1
1342	-0.127071	277.791295	40.477541	0.000754	1.2
1343	-0.118688	277.250904	40.550881	0.000692	1.2
1344	-0.125216	277.178656	40.560707	0.001312	1.1
1345	-0.127505	278.170975	40.426171	0.000796	1.0
1346	-0.130544	277.564867	40.508239	0.000927	1.0
1347	-0.104006	277.006659	40.584117	0.001725	1.1
1348	-0.116593	276.400677	40.666810	0.000657	1.0
1349	-0.121720	276.329511	40.676544	0.001104	0.9
1350	-0.135164	276.466031	40.657876	0.001169	1.0
1351	-0.126653	277.040934	40.579449	0.000794	1.1
1352	-0.117059	276.436207	40.661953	0.001584	1.2
1353	-0.105695	275.836705	40.744075	0.000956	1.0
1354	-0.125985	276.795964	40.612830	0.001517	1.0
1355	-0.116297	277.668334	40.494206	0.001159	1.0
1356	-0.142109	277.062143	40.576562	0.001190	0.9
1357	-0.111791	277.147080	40.565002	0.001451	0.9
1358	-0.121703	277.287580	40.545895	0.000603	1.0
1359	-0.130163	278.232816	40.417816	0.000942	1.1
1360	-0.136250	277.683411	40.492162	0.001298	1.1
1361	-0.114022	277.255876	40.550205	0.000389	1.2
1362	-0.124244	277.875444	40.466145	0.000755	1.2
1363	-0.119115	277.655823	40.495902	0.001512	1.1
1364	-0.132159	278.525136	40.378371	0.002433	1.0
1365	-0.105776	279.525134	40.244012	0.001383	0.9
1366	-0.128651	280.524577	40.110618	0.001271	1.0
1367	-0.131255	281.524575	39.978031	0.001061	1.0
1368	-0.128224	281.226111	40.017512	0.000595	1.0
1369	-0.139280	280.904047	40.060202	0.000844	1.1
1370	-0.135934	281.251741	40.014118	0.000717	1.4
1371	-0.121306	280.678525	40.090149	0.001551	1.0
1372	-0.096673	281.677803	39.957793	0.001146	0.9
1373	-0.113018	281.072038	40.037923	0.001334	1.0
1374	-0.119166	281.460595	39.986488	0.000977	1.1
1375	-0.120222	282.443241	39.856999	0.001527	1.0
1376	-0.139372	281.837145	39.936769	0.001003	1.0
1377	-0.144201	281.230955	40.016870	0.000978	1.2
1378	-0.124223	282.197423	39.889313	0.000339	1.2
1379	-0.127528	282.605527	39.835694	0.001153	1.1
1380	-0.122267	282.804232	39.809640	0.002649	1.1
1381	-0.131677	283.804232	39.679032	0.001530	1.1
1382	-0.125466	284.802484	39.549505	0.001619	1.0
1383	-0.128147	284.196292	39.628060	0.001316	1.0
1384	-0.118529	283.590912	39.706822	0.000890	1.0
1385	-0.111426	283.046353	39.777938	0.000685	1.1
1386	-0.113180	282.445848	39.856657	0.000969	1.1
1387	-0.111504	282.172698	39.892566	0.000676	1.2
1388	-0.126568	281.601365	39.967886	0.001241	1.2
1389	-0.125932	281.657146	39.960520	0.000921	1.2
1390	-0.135629	282.589370	39.837814	0.001698	1.0
1391	-0.133211	281.983635	39.917460	0.000979	1.1
1392	-0.134683	281.381559	39.996940	0.001750	1.2
1393	-0.143364	282.374578	39.866020	0.000682	1.2
1394	-0.122755	281.771110	39.945479	0.001127	1.1
1395	-0.113144	281.742092	39.949308	0.000490	1.1
1396	-0.108068	282.552928	39.842597	0.000638	1.2
1397	-0.114781	282.311151	39.874357	0.001352	1.3
1398	-0.109526	283.222637	39.754888	0.001167	1.1
1399	-0.112065	282.623413	39.833348	0.000826	1.1
1400	-0.130292	282.019029	39.912797	0.000863	1.1
1401	-0.114064	282.987352	39.785659	0.001404	1.2
1402	-0.101134	283.757138	39.685164	0.000750	1.0
1403	-0.128944	283.364655	39.736339	0.001068	1.2
1404	-0.136616	284.333735	39.610222	0.000925	1.2
1405	-0.118765	284.689385	39.564138	0.001775	1.3
1406	-0.105475	285.248007	39.491970	0.001841	1.2
1407	-0.125838	286.248006	39.363435	0.000861	1.0
1408	-0.131307	285.686268	39.435535	0.000686	1.0
1409	-0.112547	285.443049	39.466834	0.001019	1.0
1410	-0.126654	284.839382	39.544734	0.001214	1.1
1411	-0.100267	285.627390	39.443107	0.001042	1.1
1412	-0.160100	285.021289	39.521227	0.000657	1.1
1413	-0.121464	286.011703	39.393733	0.001172	1.2
1414	-0.125828	286.886097	39.281855	0.000961	1.4
1415	-0.126050	287.880910	39.155340	0.000905	1.3
1416	-0.122340	287.279046	39.231784	0.001019	1.2
1417	-0.137762	286.675144	39.308788	0.001153	1.3
1418	-0.115988	286.069044	39.386377	0.000352	1.3
1419	-0.125466	286.299079	39.356893	0.001214	3.5
1420	-0.121279	285.743221	39.428213	0.000443	1.2
1421	-0.133292	285.373305	39.475818	0.001223	1.1
1422	-0.109576	286.217569	39.367335	0.000527	1.1
1423	-0.119434	286.926829	39.276659	0.001981	1.1
1424	-0.115877	286.428971	39.340264	0.000787	1.2
1425	-0.119110	286.447288	39.337920	0.002120	1.2
1426	-0.113536	285.841432	39.415593	0.001358	1.3
1427	-0.120823	285.235249	39.493615	0.001552	1.4
1428	-0.103663	284.629057	39.571947	0.001310	1.2
1429	-0.106770	285.629056	39.442893	0.001281	1.3
1430	-0.125045	286.629043	39.314679	0.001077	1.0
1431	-0.125910	287.628777	39.187328	0.001403	1.5
1432	-0.122132	288.550908	39.070591	0.000582	1.3
1433	-0.120735	287.965660	39.144599	0.000959	1.1
1434	-0.132044	287.399776	39.216426	0.001999	1.2
1435	-0.111276	287.849395	39.159335	0.001341	1.3
1436	-0.126054	287.243208	39.236345	0.001236	1.1
1437	-0.116642	287.957037	39.145692	0.000947	1.1
1438	-0.129821	287.748524	39.172129	0.001531	1.1
1439	-0.105728	288.746267	39.045949	0.001545	1.1
1440	-0.112771	288.140166	39.122503	0.000691	1.1
1441	-0.111520	287.543472	39.198162	0.001109	1.1
1442	-0.124263	286.957306	39.272772	0.001426	1.2
1443	-0.155475	286.993437	39.268165	0.002803	1.3
1444	-0.120726	287.993437	39.141080	0.000661	1.5
1445	-0.114243	288.993434	39.014817	0.000689	1.2
1446	-0.135473	288.398065	39.089892	0.000945	1.1
1447	-0.128250	288.028224	39.136674	0.001398	1.1
1448	-0.129061	288.015718	39.138258	0.001237	1.1
1449	-0.111118	287.409531	39.215186	0.000812	1.1
1450	-0.117031	288.393764	39.090435	0.001097	1.2
1451	-0.123667	287.788506	39.167057	0.000811	1.1
1452	-0.099147	287.302184	39.228840	0.001291	1.3
1453	-0.112793	286.731962	39.301530	0.001373	1.2
1454	-0.124073	286.537002	39.326445	0.001815	1.1
1455	-0.146198	285.930813	39.404115	0.000748	1.3
1456	-0.117043	285.324785	39.482071	0.001175	1.2
1457	-0.126282	284.722452	39.559859	0.000873	1.3
1458	-0.133253	284.118947	39.638105	0.001262	1.2
1459	-0.120223	283.515649	39.716635	0.000944	1.2
1460	-0.109756	284.515536	39.586651	0.000947	1.2
1461	-0.122071	285.510368	39.458166	0.001614	1.1
1462	-0.111957	284.936487	39.532182	0.001076	1.1
1463	-0.108321	285.936486	39.403386	0.001206	1.1
1464	-0.125780	285.330405	39.481347	0.000410	1.1
1465	-0.135022	285.513092	39.457815	0.000979	1.1
1466	-0.123435	285.973317	39.398659	0.001230	1.1
1467	-0.130277	285.382291	39.474661	0.000647	1.2
1468	-0.110038	286.378611	39.346710	0.000552	1.3
1469	-0.122652	286.949717	39.273739	0.000904	1.2
1470	-0.116546	287.889104	39.154301	0.002487	1.1
1471	-0.121700	287.283100	39.231268	0.001396	1.1
1472	-0.132413	288.283100	39.104422	0.001332	1.3
1473	-0.124373	289.283100	38.978394	0.002102	1.0
1474	-0.117240	288.676908	39.054694	0.001232	1.0
1475	-0.127531	288.927685	39.023093	0.001192	1.0
1476	-0.116019	288.321495	39.099568	0.001217	1.1
1477	-0.121392	287.715756	39.176287	0.000828	1.1
1478	-0.119533	287.165469	39.246243	0.000366	1.1
1479	-0.101043	287.750001	39.171941	0.000744	1.2
1480	-0.117706	288.077333	39.130456	0.000869	1.0
1481	-0.105368	289.031378	39.010042	0.001038	1.0
1482	-0.146466	290.018102	38.886280	0.000849	1.0
1483	-0.126911	289.594228	38.939349	0.000867	1.0
1484	-0.098957	289.746763	38.920235	0.002170	1.0
1485	-0.121936	289.140591	38.996305	0.000947	1.2
1486	-0.115822	290.140591	38.870971	0.000767	1.5
1487	-0.118517	289.968606	38.892469	0.001244	1.2
1488	-0.133132	289.368455	38.967675	0.001158	1.1
1489	-0.135799	288.762284	39.043930	0.001322	1.1
1490	-0.121533	288.157271	39.120338	0.001755	1.1
1491	-0.148519	289.157271	38.994207	0.001155	1.2
1492	-0.121562	290.157271	38.868888	0.000288	1.1
1493	-0.125871	290.136504	38.871482	0.000982	1.1
1494	-0.096188	289.644266	38.933076	0.000832	1.3
1495	-0.124283	290.255838	38.856579	0.001291	2.1
1496	-0.116756	290.829320	38.785118	0.000837	0.9
1497	-0.134838	291.782304	38.666948	0.001527	0.9
1498	-0.125607	291.192929	38.739945	0.000317	1.0
1499	-0.124558	291.959733	38.645026	0.000780	1.1
1500	-0.145550	292.202227	38.615105	0.001542	1.4
1501	-0.141048	291.619897	38.687035	0.000704	1.1
1502	-0.123470	291.491479	38.702934	0.000638	1.2
1503	-0.120223	291.090322	38.752682	0.001263	1.1
1504	-0.120912	290.792447	38.789705	0.000391	1.0
1505	-0.100153	290.193866	38.864317	0.000947	1.1
1506	-0.134847	289.660007	38.931104	0.001279	1.0
1507	-0.103384	290.658404	38.806388	0.001000	1.1
1508	-0.110738	291.643901	38.684065	0.001658	1.1
1509	-0.108283	291.037995	38.759180	0.001228	1.0
1510	-0.109228	292.037800	38.635388	0.000796	1.2
1511	-0.116903	291.434110	38.710040	0.000770	1.2
1512	-0.128046	290.830678	38.784949	0.001186	1.1
1513	-0.110956	290.356679	38.843994	0.001386	1.3
1514	-0.110200	291.356508	38.719657	0.001738	1.5
1515	-0.097181	292.342531	38.597815	0.001519	1.4
1516	-0.120817	291.736339	38.672631	0.000757	1.2
1517	-0.135801	291.188004	38.740556	0.000763	1.1
1518	-0.115321	292.160559	38.620243	0.002149	1.2
1519	-0.129919	293.130642	38.500978	0.001595	1.1
1520	-0.132578	292.524450	38.575419	0.001682	1.0
1521	-0.131109	293.524450	38.452772	0.001088	1.1
1522	-0.113357	292.918328	38.527018	0.000967	1.1
1523	-0.125831	292.493855	38.579184	0.001255	1.0
1524	-0.128505	291.887737	38.653918	0.001999	1.1
1525	-0.138722	291.285885	38.728414	0.000608	1.1
1526	-0.114031	290.680448	38.803643	0.002088	1.9
1527	-0.105264	291.680427	38.679546	0.000960	1.2
1528	-0.113143	291.074236	38.754679	0.001102	1.2
1529	-0.101578	290.468441	38.830056	0.000941	1.1
1530	-0.126814	291.461199	38.706684	0.001228	1.2
1531	-0.121794	290.938991	38.771482	0.000865	1.3
1532	-0.105620	290.332832	38.846969	0.001138	1.1
1533	-0.147015	291.223150	38.736196	0.001410	1.0
1534	-0.121088	292.223148	38.612526	0.001033	1.1
1535	-0.133043	291.616983	38.687396	0.001108	1.3
1536	-0.118887	291.015336	38.761995	0.001037	1.0
1537	-0.104892	290.412027	38.837090	0.000221	1.2
1538	-0.122567	290.024365	38.885497	0.001455	1.1
1539	-0.115400	290.209157	38.862407	0.000685	1.1
1540	-0.129128	291.039404	38.759006	0.001035	1.1
1541	-0.130426	291.831882	38.660820	0.001169	1.1
1542	-0.131690	291.225696	38.735880	0.000899	1.3
1543	-0.108366	290.907377	38.775412	0.000575	1.1
1544	-0.133996	290.900939	38.776212	0.001048	1.1
1545	-0.137100	291.465182	38.706191	0.000702	1.2
1546	-0.123156	292.433997	38.586551	0.000906	1.1
1547	-0.127048	292.233857	38.611206	0.001299	1.1
1548	-0.119592	293.226937	38.489179	0.001554	1.1
1549	-0.140345	292.646917	38.560357	0.001158	1.1
1550	-0.134387	292.040731	38.635027	0.000932	1.1
1551	-0.108770	292.723669	38.550923	0.001264	1.3
1552	-0.129228	292.126024	38.624503	0.000927	1.3
1553	-0.110776	293.119473	38.502347	0.000739	1.1
1554	-0.142162	292.520962	38.575848	0.001583	1.0
1555	-0.121979	293.396414	38.468432	0.001081	1.1
1556	-0.114100	293.903887	38.406439	0.001220	1.4
1557	-0.140081	294.816323	38.295478	0.000673	1.2
1558	-0.105240	295.349315	38.230957	0.001034	1.2
1559	-0.108643	294.748446	38.303710	0.001107	1.2
1560	-0.109944	294.142439	38.377367	0.000868	1.3
1561	-0.114390	293.536407	38.451310	0.000382	1.3
1562	-0.130363	294.268963	38.361965	0.001580	1.1
1563	-0.126465	295.007413	38.272321	0.000850	1.4
1564	-0.131179	295.103114	38.260733	0.001215	1.3
1565	-0.141309	294.797057	38.297814	0.001554	1.3
1566	-0.139097	294.191429	38.371402	0.001592	1.1
1567	-0.132756	295.189658	38.250261	0.001804	1.2
1568	-0.113440	294.698827	38.309731	0.000833	1.4
1569	-0.098291	295.182272	38.251155	0.000883	1.4
1570	-0.108414	296.120998	38.137925	0.000492	1.3
1571	-0.117915	296.647592	38.074701	0.000463	1.0
1572	-0.126003	296.467742	38.096271	0.000974	1.0
1573	-0.139131	295.946362	38.158939	0.001006	1.1
1574	-0.110550	296.087243	38.141985	0.001284	1.0
1575	-0.126993	297.084105	38.022450	0.000748	1.3
1576	-0.139055	297.824615	37.934138	0.000788	1.3
1577	-0.141859	297.554209	37.966339	0.001420	1.1
1578	-0.133518	297.069073	38.024247	0.000458	1.3
1579	-0.126599	298.056728	37.906541	0.001077	1.4
1580	-0.088928	298.128751	37.897986	0.001633	1.2
1581	-0.110277	297.529514	37.969282	0.001084	1.1
1582	-0.134666	298.529503	37.850455	0.001444	1.3
1583	-0.119518	299.525469	37.732842	0.000324	1.2
1584	-0.117398	300.105754	37.664654	0.001156	1.3
1585	-0.140598	300.986879	37.561583	0.000344	1.1
1586	-0.126729	301.370223	37.516917	0.001270	1.0
1587	-0.123993	302.013156	37.442243	0.000638	1.0
1588	-0.122611	301.408600	37.512451	0.000844	1.3
1589	-0.125383	302.330994	37.405437	0.001233	1.3
1590	-0.100044	303.325797	37.290703	0.000606	1.1
1591	-0.122424	303.836677	37.232055	0.001348	1.1
1592	-0.118873	304.834235	37.118067	0.001949	1.3
1593	-0.136709	305.526209	37.039406	0.001316	1.1
1594	-0.133972	304.920017	37.108298	0.001580	1.1
1595	-0.121311	304.313898	37.177437	0.000561	1.1
1596	-0.120472	303.785559	37.237915	0.001113	1.3
1597	-0.114894	303.202100	37.304931	0.000898	1.1
1598	-0.105481	302.667007	37.366604	0.000896	1.1
1599	-0.123274	303.664489	37.251801	0.000883	1.0
1600	-0.137099	304.658158	37.138136	0.001838	1.1
1601	-0.136953	305.657384	37.024533	0.000294	1.1
1602	-0.134704	305.139530	37.083321	0.001250	1.3
1603	-0.124899	305.777692	37.010902	0.000739	3.2
1604	-0.128953	306.775353	36.898250	0.001038	1.1
1605	-0.119177	306.628786	36.914757	0.000996	1.1
1606	-0.121581	307.597777	36.805900	0.001176	1.2
1607	-0.132929	306.991639	36.873919	0.000854	1.3
1608	-0.123611	307.098828	36.861872	0.001136	1.2
1609	-0.115984	306.494505	36.929893	0.000973	1.1
1610	-0.127198	305.889217	36.998274	0.000882	1.1
1611	-0.112042	305.909883	36.995936	0.000374	1.1
1612	-0.123944	306.494461	36.929898	0.000973	1.0
1613	-0.103296	307.331769	36.835720	0.001342	1.1
1614	-0.109585	307.227203	36.847455	0.000971	1.2
1615	-0.148608	307.800251	36.783235	0.001332	1.2
1616	-0.134549	308.800151	36.671714	0.001028	1.3
1617	-0.137371	308.197730	36.738823	0.000829	1.0
1618	-0.106332	307.782837	36.785183	0.001386	1.1
1619	-0.108934	308.758176	36.676382	0.001432	1.1
1620	-0.122859	309.545723	36.588999	0.000407	1.1
1621	-0.105458	310.515438	36.481972	0.000929	1.4
1622	-0.123795	310.448136	36.489380	0.000659	1.4
1623	-0.135675	311.365606	36.388654	0.001277	1.6
1624	-0.118061	311.975000	36.322057	0.001871	1.3
1625	-0.141872	312.451339	36.270171	0.001514	1.1
1626	-0.159927	311.845147	36.336227	0.001538	1.6
1627	-0.110327	312.308367	36.285729	0.000859	1.2
1628	-0.132003	311.734286	36.348334	0.001087	1.3
1629	-0.137687	312.640425	36.249615	0.001135	1.1
1630	-0.109000	313.637759	36.141579	0.000704	1.2
1631	-0.136660	313.264521	36.181934	0.001295	1.3
1632	-0.111751	313.042454	36.205988	0.000751	1.1
1633	-0.127341	312.814877	36.230671	0.000840	1.0
1634	-0.104897	313.706268	36.134181	0.000814	1.0
1635	-0.101746	313.112583	36.198388	0.001394	1.3
1636	-0.136293	314.112474	36.090381	0.000901	1.1
1637	-0.125853	313.508109	36.155587	0.001248	1.2
1638	-0.131983	314.429480	36.056273	0.000454	1.2
1639	-0.101489	314.736498	36.023301	0.000588	1.2
1640	-0.131926	314.306452	36.069503	0.000897	1.2
1641	-0.152951	314.050480	36.097059	0.001165	1.0
1642	-0.137784	314.872952	36.008666	0.000956	1.1
1643	-0.117425	314.714619	36.025649	0.000664	1.3
1644	-0.096500	314.988248	35.996310	0.001353	1.5
1645	-0.120720	314.440396	36.055100	0.001204	1.1
1646	-0.126384	313.834219	36.120373	0.000733	1.1
1647	-0.135940	313.376619	36.169805	0.000705	1.3
1648	-0.123721	314.333748	36.066567	0.000839	1.3
1649	-0.126674	313.739754	36.130567	0.001397	1.1
1650	-0.108105	314.076751	36.094229	0.001420	1.1
1651	-0.114109	314.472080	36.051695	0.000716	1.3
1652	-0.115206	314.720545	36.025013	0.001227	1.2
1653	-0.110593	315.582959	35.932707	0.000828	1.2
1654	-0.118946	316.271070	35.859396	0.001167	1.0
1655	-0.115962	315.688521	35.921441	0.001456	1.1
1656	-0.133159	316.220274	35.864798	0.000898	1.3
1657	-0.145312	315.615181	35.929268	0.001371	1.4
1658	-0.106894	315.089364	35.985480	0.001526	1.1
1659	-0.129207	316.089314	35.878731	0.001370	1.1
1660	-0.131620	315.483123	35.943369	0.001444	1.1
1661	-0.123083	316.480860	35.837105	0.002426	1.1
1662	-0.102455	315.891004	35.899851	0.000656	1.2
1663	-0.116245	316.890962	35.793609	0.001296	1.1
1664	-0.135600	317.820438	35.695417	0.001521	1.4
1665	-0.120929	317.214359	35.759383	0.001259	1.0
1666	-0.117305	316.608274	35.823580	0.000852	1.0
1667	-0.119272	317.536395	35.725367	0.001947	1.0
1668	-0.114958	316.931671	35.789297	0.001219	1.0
1669	-0.144519	317.931671	35.683703	0.000576	1.0
1670	-0.129067	318.151691	35.660553	0.001098	1.0
1671	-0.117572	319.084166	35.562776	0.001273	1.1
1672	-0.136184	318.477977	35.626279	0.001681	1.1
1673	-0.124870	317.871795	35.690008	0.001533	1.2
1674	-0.115523	318.871692	35.585008	0.001063	1.0
1675	-0.113471	318.265517	35.648589	0.001394	1.0
1676	-0.109724	318.741997	35.598593	0.000971	1.1
1677	-0.105696	318.146416	35.661108	0.000528	1.2
1678	-0.117342	318.792912	35.593259	0.001266	1.2
1679	-0.133240	318.798997	35.592621	0.001108	1.0
1680	-0.130445	318.195273	35.655971	0.001124	0.9
1681	-0.133363	319.181081	35.552644	0.001751	1.0
1682	-0.117280	320.165382	35.450071	0.000785	1.3
1683	-0.114713	321.165132	35.346492	0.001652	1.0
1684	-0.130027	322.165041	35.243500	0.000414	1.0
1685	-0.120088	321.939351	35.266693	0.000724	1.0
1686	-0.125588	321.939224	35.266707	0.000810	1.1
1687	-0.122233	321.572613	35.304448	0.000638	1.0
1688	-0.111305	320.982030	35.365417	0.000438	1.0
1689	-0.121587	321.706230	35.290683	0.000753	0.9
1690	-0.104051	321.553235	35.306445	0.000906	1.0
1691	-0.127507	322.528299	35.206232	0.001313	1.2
1692	-0.110476	322.702611	35.188377	0.001346	1.1
1693	-0.119309	322.096421	35.250548	0.001393	1.3
1694	-0.148774	322.393942	35.220007	0.001853	1.1
1695	-0.117246	323.393100	35.117826	0.001164	1.0
1696	-0.099893	323.524819	35.104400	0.001336	1.0
1697	-0.129292	324.489359	35.006395	0.000734	1.1
1698	-0.124841	325.152055	34.939376	0.001393	1.2
1699	-0.122683	324.595738	34.995620	0.000861	1.1
1700	-0.127878	324.196859	35.036057	0.001483	1.0
1701	-0.132517	323.703068	35.086247	0.001380	1.0
1702	-0.135325	324.703066	34.984755	0.001093	0.9
1703	-0.134777	325.703065	34.883848	0.001719	0.9
1704	-0.132199	326.702973	34.783530	0.001386	0.9
1705	-0.111632	326.107186	34.843234	0.001445	1.0
1706	-0.126609	325.500996	34.904191	0.000964	1.0
1707	-0.126918	324.895300	34.965312	0.000948	1.1
1708	-0.099050	325.889845	34.865065	0.001344	1.1
1709	-0.114224	325.285022	34.925960	0.000992	1.1
1710	-0.127635	325.679414	34.886228	0.001213	1.2
1711	-0.110541	325.073434	34.947314	0.001371	1.0
1712	-0.130002	325.636804	34.890516	0.001313	1.0
1713	-0.114141	325.030903	34.951609	0.001720	0.9
1714	-0.119293	325.992142	34.854786	0.000443	1.0
1715	-0.126799	325.515409	34.902739	0.000953	1.0
1716	-0.125018	324.932309	34.961571	0.001598	1.1
1717	-0.114156	325.909995	34.863040	0.001066	1.0
1718	-0.105583	326.909493	34.762883	0.001272	1.2
1719	-0.108276	326.303575	34.823531	0.001001	1.2
1720	-0.140408	325.697417	34.884416	0.000980	1.0
1721	-0.115186	325.091789	34.945461	0.000746	0.9
1722	-0.126770	326.087563	34.845204	0.000433	1.3
1723	-0.108061	325.693113	34.884849	0.001440	1.3
1724	-0.138290	325.108943	34.943729	0.001894	1.0
1725	-0.148223	324.502751	35.005038	0.001374	0.9
1726	-0.140518	325.485253	34.905777	0.001148	1.0
1727	-0.104470	324.879062	34.966953	0.001122	1.1
1728	-0.100458	325.878980	34.866157	0.001452	1.3
1729	-0.148181	325.726434	34.881497	0.002356	1.0
1730	-0.118484	325.123296	34.942280	0.001141	0.9
1731	-0.113126	324.531933	35.002082	0.001497	0.9
1732	-0.115308	323.925741	35.063596	0.000719	0.9
1733	-0.129238	324.018241	35.054196	0.001626	0.9
1734	-0.101757	325.000606	34.954670	0.000732	1.0
1735	-0.108493	324.401608	35.015289	0.000793	1.0
1736	-0.122434	324.451246	35.010257	0.000926	1.1
1737	-0.114700	323.890009	35.067229	0.000733	1.1
1738	-0.124772	323.287401	35.128608	0.000923	1.5
1739	-0.115698	322.761109	35.182389	0.001483	1.3
1740	-0.129809	323.760898	35.080362	0.001111	1.2
1741	-0.126529	323.154708	35.142152	0.001143	1.2
1742	-0.113596	324.153294	35.040480	0.001920	1.1
1743	-0.121047	323.547102	35.102129	0.001219	1.0
1744	-0.095370	324.546723	35.000584	0.001390	0.9
1745	-0.152434	325.505650	34.903722	0.001782	1.1
1746	-0.128064	324.899622	34.964875	0.002238	1.2
1747	-0.118446	325.899622	34.864082	0.001284	1.0
1748	-0.124819	325.293430	34.925112	0.000576	1.0
1749	-0.125904	326.133761	34.840567	0.000870	1.1
1750	-0.108498	326.768536	34.776973	0.000775	1.1
1751	-0.120570	326.204041	34.833514	0.000262	1.1
1752	-0.127348	325.984783	34.855526	0.000820	1.3
1753	-0.099952	325.805967	34.873497	0.000888	1.2
1754	-0.117380	325.354436	34.918961	0.001460	1.3
1755	-0.132156	326.231154	34.830795	0.000856	1.1
1756	-0.119641	327.230891	34.730799	0.001056	1.0
1757	-0.134556	326.687117	34.785117	0.001161	1.0
1758	-0.130121	327.686898	34.685378	0.000880	1.0
1759	-0.126685	327.080845	34.745770	0.000858	1.1
1760	-0.106576	328.076397	34.646676	0.001491	1.0
1761	-0.128554	327.481476	34.705825	0.000976	1.0
1762	-0.106699	327.412955	34.712650	0.001256	1.0
1763	-0.120350	326.946727	34.759163	0.000675	1.3
1764	-0.121282	327.724339	34.681654	0.000624	1.0
1765	-0.116936	328.653239	34.589518	0.001098	1.0
1766	-0.123256	328.213263	34.633098	0.001064	1.0
1767	-0.102992	327.905731	34.663624	0.000744	1.2
1768	-0.126539	328.824587	34.572576	0.001160	1.1
1769	-0.109869	329.166628	34.538805	0.000478	0.9
1770	-0.119404	328.656326	34.589213	0.001124	1.1
1771	-0.120707	328.511115	34.603583	0.001057	1.2
1772	-0.111756	327.923182	34.661890	0.000736	1.3
1773	-0.138836	328.891705	34.565944	0.001837	0.9
1774	-0.105794	329.848375	34.471692	0.001326	0.9
1775	-0.118089	329.242185	34.531354	0.001175	1.0
1776	-0.133060	328.635994	34.591224	0.000998	1.0
1777	-0.126492	328.050183	34.649278	0.001557	0.9
1778	-0.121827	327.449953	34.708964	0.001265	1.0
1779	-0.095365	326.843761	34.769452	0.001396	1.1
1780	-0.122862	327.843761	34.669782	0.001080	1.1
1781	-0.130342	328.842886	34.570767	0.001073	1.4
1782	-0.118287	328.345842	34.619954	0.001000	1.2
1783	-0.121079	327.781776	34.675943	0.000726	1.0
1784	-0.111013	328.771492	34.577824	0.001273	0.9
1785	-0.116298	328.188944	34.635510	0.000680	0.9
1786	-0.131752	329.185449	34.536949	0.001118	0.9
1787	-0.112666	328.751548	34.579795	0.001181	1.0
1788	-0.111274	329.734868	34.482848	0.000869	1.0
1789	-0.119339	329.169204	34.538551	0.000528	1.1
1790	-0.131020	329.508233	34.505144	0.000809	1.3
1791	-0.137955	329.868581	34.469706	0.000924	1.1
1792	-0.129398	330.774698	34.380918	0.000923	1.0
1793	-0.105389	330.255666	34.431721	0.000651	0.9
1794	-0.116135	330.325833	34.424844	0.001412	0.9
1795	-0.121116	329.728762	34.483448	0.001081	0.9
1796	-0.128076	329.122571	34.543151	0.000478	1.2
1797	-0.112904	329.907289	34.465904	0.000365	0.9
1798	-0.127764	329.864108	34.470146	0.001069	1.1
1799	-0.120469	329.416277	34.514199	0.000777	1.1
1800	-0.130239	328.827722	34.572266	0.001555	1.2
1801	-0.119519	328.235089	34.630933	0.000830	1.2
1802	-0.141051	327.631447	34.690895	0.002035	0.9
1803	-0.099825	327.025256	34.751320	0.001356	0.9
1804	-0.128670	328.020539	34.652221	0.000494	1.0
1805	-0.130114	328.998081	34.555438	0.000556	1.0
1806	-0.112026	329.440868	34.511777	0.002249	1.1
1807	-0.103621	330.405720	34.417018	0.001206	1.0
1808	-0.125793	329.800083	34.476437	0.001790	1.0
1809	-0.110525	330.798417	34.378600	0.002049	1.3
1810	-0.120495	330.192231	34.437940	0.001428	1.2
1811	-0.123160	331.182955	34.341063	0.001098	1.0
1812	-0.114516	332.182949	34.243830	0.000932	1.0
1813	-0.123391	333.182749	34.147166	0.000890	1.1
1814	-0.115994	332.643879	34.199198	0.000857	1.0
1815	-0.129294	332.111623	34.250747	0.000890	1.0
1816	-0.127212	331.689014	34.291788	0.000855	1.0
1817	-0.125748	331.314966	34.328195	0.000693	1.0
1818	-0.108725	331.467508	34.313339	0.000851	1.3
1819	-0.126343	331.264172	34.333145	0.000863	1.1
1820	-0.118214	332.116138	34.250309	0.000973	1.0
1821	-0.112623	333.107668	34.154406	0.001099	1.0
1822	-0.131466	332.573527	34.206003	0.001007	1.0
1823	-0.125775	333.569468	34.109922	0.001228	1.1
1824	-0.125248	333.304288	34.135452	0.000546	1.1
1825	-0.130928	334.282141	34.041500	0.000918	1.0
1826	-0.110476	333.808193	34.086972	0.000799	1.0
1827	-0.132835	334.779535	33.993909	0.000710	1.3
1828	-0.093650	334.395019	34.030688	0.001138	1.2
1829	-0.136691	335.393354	33.935361	0.000712	1.1
1830	-0.111713	335.276067	33.946532	0.001643	0.9
1831	-0.118186	334.686045	34.002844	0.001053	0.9
1832	-0.134630	334.091677	34.059759	0.000771	0.9
1833	-0.129119	333.491425	34.117432	0.000812	0.9
1834	-0.112459	334.477337	34.022807	0.000899	1.0
1835	-0.127787	334.330832	34.036835	0.000981	1.2
1836	-0.112784	335.296273	33.944607	0.001762	1.3
1837	-0.122484	334.690081	34.002458	0.000884	1.1
1838	-0.126116	334.083890	34.060506	0.001759	0.9
1839	-0.118152	333.477863	34.118737	0.001268	1.2
1840	-0.125996	334.473920	34.023134	0.001082	1.0
1841	-0.113940	335.472952	33.927783	0.002611	1.1
1842	-0.128783	334.866818	33.985571	0.000756	1.0
1843	-0.118227	335.866048	33.890411	0.001109	1.4
1844	-0.109455	336.781873	33.803660	0.001327	1.4
1845	-0.132503	336.842537	33.797930	0.001637	1.4
1846	-0.101163	337.842537	33.703744	0.001944	1.0
1847	-0.144573	338.759346	33.617853	0.001085	0.9
1848	-0.116841	338.153154	33.674595	0.001364	1.0
1849	-0.116816	337.546972	33.731527	0.000955	1.0
1850	-0.124508	338.546831	33.637724	0.000865	1.0
1851	-0.111949	337.961095	33.692612	0.001066	1.1
1852	-0.137888	337.384832	33.746788	0.000893	1.0
1853	-0.133846	338.373764	33.653923	0.001225	1.0
1854	-0.131726	339.317141	33.565811	0.000761	1.4
1855	-0.128866	340.224293	33.481516	0.000957	1.0
1856	-0.138836	341.174662	33.393658	0.001381	0.9
1857	-0.117259	342.174617	33.301713	0.001449	1.4
1858	-0.128136	342.656013	33.257630	0.002095	1.7
1859	-0.108676	343.656013	33.166427	0.000847	1.3
1860	-0.133016	344.608995	33.079977	0.000919	1.1
1861	-0.116510	345.455188	33.003591	0.001017	1.1
1862	-0.099631	344.871164	33.056273	0.001345	1.7
1863	-0.136307	344.264981	33.111132	0.000882	1.2
1864	-0.129989	345.264844	33.020742	0.001471	1.2
1865	-0.132691	346.264814	32.930835	0.000902	1.2
1866	-0.100665	345.741805	32.977798	0.001523	1.1
1867	-0.117842	346.728985	32.889268	0.000410	1.2
1868	-0.108091	347.624068	32.809407	0.000878	1.2
1869	-0.101328	348.158199	32.761935	0.002519	1.6
1870	-0.139099	349.158196	32.673427	0.001402	1.8
1871	-0.141624	348.552004	32.727023	0.000982	1.4
1872	-0.104825	349.551999	32.638704	0.000717	1.2
1873	-0.126669	348.984927	32.688729	0.000801	1.2
1874	-0.118207	348.973239	32.689762	0.001222	1.2
1875	-0.124421	348.511372	32.730622	0.001471	1.2
1876	-0.129529	347.905255	32.784399	0.000977	1.4
1877	-0.143645	347.299108	32.838355	0.000551	1.3
1878	-0.131541	347.723465	32.800562	0.001060	1.1
1879	-0.129746	348.696383	32.714242	0.000388	1.2
1880	-0.121706	348.852508	32.700433	0.001437	1.2
1881	-0.117820	348.447955	32.736240	0.001181	1.6
1882	-0.123472	349.435357	32.648981	0.001322	1.5
1883	-0.122335	348.829738	32.702446	0.000816	1.9
1884	-0.141657	349.409742	32.651239	0.000912	1.7
1885	-0.126031	350.407058	32.563563	0.000727	1.2
1886	-0.104144	351.342641	32.481740	0.001507	1.2
1887	-0.129309	350.746069	32.533867	0.001670	1.2
1888	-0.117079	351.732725	32.447747	0.001120	1.3
1889	-0.116115	351.494512	32.468497	0.000907	1.4
1890	-0.132361	352.492667	32.381725	0.001593	1.3
1891	-0.136286	353.492659	32.295258	0.000738	1.3
1892	-0.139207	354.492376	32.209274	0.001117	1.1
1893	-0.123071	353.887093	32.261279	0.000884	1.2
1894	-0.126350	353.281947	32.313439	0.001140	1.3
1895	-0.139588	352.742389	32.360089	0.002704	1.7
1896	-0.119238	352.136196	32.412661	0.000309	1.3
1897	-0.116846	353.115109	32.327850	0.001181	1.2
1898	-0.110314	353.978901	32.253380	0.001446	1.3
1899	-0.115514	354.978853	32.167599	0.000963	1.2
1900	-0.111201	354.634490	32.197089	0.001364	1.1
1901	-0.105435	354.779927	32.184628	0.001140	1.2
1902	-0.129393	355.627853	32.112168	0.001445	1.2
1903	-0.122305	356.627557	32.027157	0.000705	1.2
1904	-0.108592	357.605341	31.944444	0.000728	1.3
1905	-0.135442	358.459813	31.872511	0.002818	1.3
1906	-0.124614	357.854179	31.923462	0.000964	1.8
1907	-0.118598	357.247987	31.974624	0.001268	1.5
1908	-0.096769	358.247613	31.890344	0.001289	1.5
1909	-0.111897	359.245610	31.806645	0.001492	1.3
1910	-0.106085	358.641102	31.857291	0.002027	1.2
1911	-0.107623	358.034910	31.908240	0.000898	1.1
1912	-0.120814	358.856922	31.839191	0.000703	1.2
1913	-0.123212	358.992519	31.827829	0.001119	1.3
1914	-0.104270	358.453743	31.873021	0.000764	1.4
1915	-0.127655	357.863387	31.922686	0.001382	1.4
1916	-0.119203	357.285982	31.971412	0.001762	1.2
1917	-0.127122	356.718262	32.019466	0.001053	1.2
1918	-0.120323	356.113824	32.070787	0.000337	1.5
1919	-0.117891	356.395807	32.046824	0.000681	1.8
1920	-0.139022	356.054973	32.075792	0.001151	1.7
1921	-0.118431	357.003121	31.995336	0.001667	1.2
1922	-0.153575	356.397459	32.046684	0.001545	1.2
1923	-0.133078	357.122463	31.985238	0.001174	1.2
1924	-0.123804	356.516271	32.036598	0.001259	1.3
1925	-0.117629	355.910369	32.088098	0.001379	1.4
1926	-0.122047	356.883970	32.005425	0.000925	1.3
1927	-0.115728	357.883959	31.920953	0.000481	1.3
1928	-0.115980	358.126521	31.900530	0.002198	1.1
1929	-0.105884	357.598657	31.945008	0.000861	1.4
1930	-0.127475	358.584069	31.862077	0.001717	1.3
1931	-0.119828	358.005761	31.910694	0.000573	1.3
1932	-0.126976	358.077356	31.904667	0.000898	1.2
1933	-0.120093	358.916505	31.834197	0.000834	1.2
1934	-0.112998	359.909566	31.751203	0.001069	1.4
1935	-0.129142	359.304385	31.801729	0.000980	1.5
1936	-0.136026	358.703757	31.852034	0.001906	1.2
1937	-0.122887	359.620205	31.775341	0.001057	1.2
1938	-0.120639	359.014079	31.826023	0.001140	1.2
1939	-0.128581	359.442899	31.790150	0.001114	1.1
1940	-0.104857	358.837929	31.840783	0.000779	1.1
1941	-0.131295	359.830757	31.757774	0.001719	1.4
1942	-0.136704	360.819318	31.675550	0.001324	1.5
1943	-0.115215	361.674515	31.604762	0.001788	1.7
1944	-0.130061	362.674498	31.522390	0.000928	1.2
1945	-0.135591	363.306321	31.470565	0.001503	1.2
1946	-0.103693	364.075531	31.407701	0.001183	1.1
1947	-0.121229	365.075525	31.326350	0.001560	1.2
1948	-0.124257	364.474465	31.375196	0.000708	1.2
1949	-0.112058	365.154508	31.319942	0.001468	1.5
1950	-0.121488	366.150259	31.239388	0.000677	1.3
1951	-0.095669	365.593384	31.284387	0.001913	1.1
1952	-0.119343	366.593343	31.203676	0.001381	1.2
1953	-0.103104	367.590440	31.123609	0.000504	1.3
1954	-0.121348	367.270796	31.149232	0.000658	1.2
1955	-0.139318	368.086550	31.083925	0.001190	1.4
1956	-0.113152	369.055218	31.006730	0.000870	1.3
1957	-0.129340	369.995354	30.932176	0.001181	1.4
1958	-0.122199	369.969030	30.934258	0.000846	1.3
1959	-0.103786	370.272763	30.910245	0.001064	1.2
1960	-0.121667	369.669156	30.958003	0.000522	1.3
1961	-0.115359	370.153344	30.919682	0.000770	1.2
1962	-0.123729	370.324828	30.906132	0.000905	1.2
1963	-0.128895	369.721331	30.953869	0.000257	1.2
1964	-0.120635	369.265796	30.990000	0.000361	1.5
1965	-0.112080	369.285491	30.988436	0.000576	1.5
1966	-0.109501	369.057627	31.006539	0.000657	1.2
1967	-0.119552	368.863172	31.022004	0.001111	1.2
1968	-0.112753	368.285551	31.068035	0.001118	1.4
1969	-0.119588	367.679375	31.116488	0.001069	1.2
1970	-0.133294	367.080736	31.164487	0.000718	1.2
1971	-0.113474	368.059658	31.086073	0.000713	1.3
1972	-0.097410	369.000187	31.011106	0.001357	1.7
1973	-0.115827	368.403851	31.058596	0.001239	1.2
1974	-0.156803	369.379608	30.980965	0.001832	1.2
1975	-0.093450	370.379608	30.901807	0.001123	1.2
1976	-0.110913	371.379535	30.823058	0.000552	1.3
1977	-0.128952	372.322440	30.749166	0.001303	1.2
1978	-0.134946	373.314473	30.671806	0.001124	1.2
1979	-0.125780	372.716028	30.718427	0.001228	1.7
1980	-0.124541	373.696292	30.642135	0.001929	1.4
1981	-0.138433	374.236234	30.600274	0.001525	1.2
1982	-0.121469	374.604600	30.571780	0.001611	1.2
1983	-0.116177	375.552875	30.498674	0.001884	1.2
1984	-0.134889	376.552871	30.421959	0.001222	1.2
1985	-0.108585	377.547832	30.346011	0.000951	1.2
1986	-0.124799	378.542829	30.270439	0.001484	1.2
1987	-0.119319	379.542484	30.194892	0.000804	1.6
1988	-0.118553	378.939586	30.240410	0.000758	1.4
1989	-0.129579	378.353513	30.284789	0.000723	1.2
1990	-0.111229	377.752079	30.330467	0.001430	1.2
1991	-0.119810	377.214518	30.371411	0.001380	1.2
1992	-0.126265	376.608326	30.417716	0.001369	1.2
1993	-0.137674	377.607670	30.341456	0.000864	1.3
1994	-0.126174	378.607431	30.265546	0.000167	1.2
1995	-0.103110	378.269344	30.291174	0.000888	1.3
1996	-0.137652	378.504415	30.273350	0.001956	1.2
1997	-0.099923	379.504194	30.197779	0.001600	1.2
1998	-0.104938	378.898002	30.243554	0.001809	1.2
1999	-0.102961	378.298171	30.288987	0.001391	1.1
