1:ItNr	2:Metric	3a:Time	3b:StepSize	4:||Gradient||	Time[ms]
0	-0.364623	0.000000	167.346039	0.007338	32.1
1	-0.346479	0.000000	167.346039	0.004843	1.2
2	-0.369691	0.000000	167.346039	0.004853	1.1
3	-0.399170	0.000000	167.346039	0.003387	1.1
4	-0.375291	0.000000	167.346039	0.006282	1.5
5	-0.379437	0.000000	167.346039	0.002589	1.0
6	-0.395206	0.000000	167.346039	0.005809	1.0
7	-0.386173	0.997597	159.756849	0.004208	1.0
8	-0.337696	1.997597	152.810173	0.003827	1.0
9	-0.375681	1.209999	158.229040	0.005847	1.0
10	-0.372415	0.422365	164.046632	0.006417	1.1
11	-0.367159	0.000000	167.346039	0.003223	1.1
12	-0.374111	0.000000	167.346039	0.003091	1.3
13	-0.366112	0.987243	159.832080	0.003841	1.2
14	-0.382091	0.753397	161.550258	0.002328	1.0
15	-0.391384	0.000000	167.346039	0.002210	1.8
16	-0.374838	0.961198	160.021637	0.000692	1.2
17	-0.376637	1.114414	158.912949	0.007345	1.2
18	-0.385433	0.926020	160.278372	0.002773	1.3
19	-0.396073	0.143022	166.214025	0.004930	1.1
20	-0.375232	0.000000	167.346039	0.001433	1.2
21	-0.382123	0.000000	167.346039	0.000702	1.7
22	-0.380040	0.000000	167.346039	0.001470	1.4
23	-0.360503	0.000000	167.346039	0.003395	1.3
24	-0.399748	0.655443	162.280998	0.001581	1.4
25	-0.374562	1.462938	156.447338	0.003007	1.2
26	-0.378077	1.910360	153.392036	0.002090	1.3
27	-0.379601	1.161991	158.571800	0.005339	1.5
28	-0.369588	0.395513	164.252518	0.002219	1.1
29	-0.368770	0.000000	167.346039	0.002888	1.4
30	-0.384176	0.000000	167.346039	0.001964	1.3
31	-0.374920	0.000000	167.346039	0.002035	1.0
32	-0.356472	0.000000	167.346039	0.002299	1.2
33	-0.346802	0.644242	162.364974	0.001796	1.1
34	-0.332785	1.077307	159.180048	0.002056	1.2
35	-0.342039	1.033447	159.496912	0.001628	1.1
36	-0.410034	1.099469	159.020419	0.004650	1.0
37	-0.374212	0.352123	164.586299	0.001997	1.0
38	-0.402976	0.000000	167.346039	0.004647	1.1
39	-0.400764	0.998146	159.752861	0.003427	1.2
40	-0.392871	0.210639	165.684154	0.004819	1.1
41	-0.377265	1.123891	158.844882	0.003920	1.0
42	-0.363841	2.123891	151.975585	0.001543	1.0
43	-0.388635	2.779099	147.788059	0.002000	1.0
44	-0.408323	2.089923	152.199157	0.002581	1.6
45	-0.405451	1.928931	153.267798	0.001433	1.2
46	-0.358824	2.343011	150.548993	0.001501	1.0
47	-0.363411	1.847440	153.814468	0.002883	1.0
48	-0.367172	1.459621	156.470445	0.002196	1.0
49	-0.383031	1.158049	158.600010	0.002124	1.0
50	-0.374211	0.913608	160.369156	0.003668	1.1
51	-0.366164	0.143449	166.210673	0.003723	1.1
52	-0.377023	0.660497	162.243132	0.003863	1.1
53	-0.405237	0.000000	167.346039	0.001741	1.1
54	-0.394563	0.691247	162.013126	0.000961	1.0
55	-0.381245	0.530429	163.223264	0.001330	1.1
56	-0.398853	0.713614	161.846243	0.002078	1.1
57	-0.390887	1.127842	158.816516	0.001929	1.2
58	-0.375391	0.811155	161.122457	0.005490	1.5
59	-0.389313	1.648755	155.163800	0.003407	1.1
60	-0.380608	0.861141	160.754042	0.002846	1.1
61	-0.399034	1.722621	154.659392	0.002695	1.2
62	-0.381327	2.719820	148.157396	0.002094	1.1
63	-0.386722	1.980389	152.924601	0.002007	1.0
64	-0.395457	2.928413	146.865855	0.002598	1.1
65	-0.389104	2.688449	148.353604	0.004479	1.1
66	-0.383093	1.901707	153.449994	0.003989	1.1
67	-0.399318	1.672840	154.998967	0.008120	1.1
68	-0.384297	2.672840	148.451423	0.006692	1.1
69	-0.380221	3.672840	142.434628	0.004523	1.3
70	-0.378202	2.885206	147.131525	0.004445	1.1
71	-0.382368	3.790641	141.757805	0.003608	1.0
72	-0.401438	3.003017	146.409381	0.008398	1.2
73	-0.391713	4.003017	140.553713	0.003971	1.1
74	-0.382475	3.215808	145.122841	0.004329	1.1
75	-0.376067	3.876276	141.269812	0.007263	1.1
76	-0.371926	4.876276	135.810379	0.003995	1.0
77	-0.368908	5.876276	130.757209	0.002428	1.0
78	-0.393324	5.090107	134.697294	0.005418	1.1
79	-0.395969	4.357268	138.590120	0.005005	1.1
80	-0.417496	3.569634	143.032934	0.003116	1.1
81	-0.348268	4.503281	137.796655	0.002613	1.1
82	-0.384649	5.498044	132.623633	0.003113	1.1
83	-0.393114	5.847880	130.895507	0.002448	1.1
84	-0.339327	6.843933	126.213019	0.004286	1.1
85	-0.345197	6.057131	129.883203	0.003494	1.1
86	-0.365038	5.708141	131.580359	0.003160	1.0
87	-0.346016	6.700035	126.868677	0.004665	1.3
88	-0.373672	7.691321	122.485363	0.003068	1.0
89	-0.366644	6.903706	125.942654	0.001163	1.0
90	-0.368434	7.009153	125.468515	0.002279	1.0
91	-0.386499	7.758025	122.201258	0.002943	1.0
92	-0.368225	8.127931	120.649381	0.004050	1.1
93	-0.341738	7.340340	124.002282	0.002933	1.1
94	-0.377353	6.552752	127.546855	0.003508	1.1
95	-0.375516	5.765203	131.299840	0.001826	1.3
96	-0.398686	5.023471	135.042202	0.002730	1.2
97	-0.374720	5.499329	132.617199	0.001544	1.0
98	-0.327698	5.263807	133.806452	0.007696	1.0
99	-0.407308	4.829170	136.058064	0.003504	1.2
100	-0.362109	4.041536	140.337512	0.002360	1.7
101	-0.383587	4.962942	135.357033	0.003833	1.2
102	-0.394649	5.461917	132.804694	0.002281	1.0
103	-0.382149	6.461228	127.971948	0.003808	1.1
104	-0.382197	5.674261	131.747485	0.005412	1.4
105	-0.374993	6.674233	126.986963	0.003396	1.1
106	-0.360600	7.674233	122.558356	0.001781	1.1
107	-0.405518	7.383297	123.814609	0.002409	1.1
108	-0.394303	7.146008	124.858448	0.001921	1.1
109	-0.415173	7.958538	121.355120	0.004000	1.1
110	-0.378192	8.890359	117.571917	0.004518	1.1
111	-0.358014	9.890336	113.765900	0.002114	1.2
112	-0.350211	9.334938	115.848820	0.004685	1.7
113	-0.401231	9.814008	114.047704	0.007271	1.0
114	-0.380410	9.026373	117.039336	0.003544	1.1
115	-0.371295	10.026352	113.267160	0.002806	1.0
116	-0.368711	9.239076	116.216079	0.001277	1.0
117	-0.406457	8.527243	119.017776	0.003895	1.0
118	-0.384433	8.223970	120.252890	0.004203	1.0
119	-0.363319	9.223967	116.274176	0.001911	1.0
120	-0.383799	9.515025	115.165130	0.001002	1.1
121	-0.401406	8.946687	117.350770	0.001135	1.2
122	-0.373506	8.989480	117.183321	0.004423	1.0
123	-0.391825	9.174178	116.466032	0.002946	1.0
124	-0.357043	10.162691	112.771611	0.003778	1.0
125	-0.385491	11.160630	109.272326	0.007338	1.3
126	-0.415037	12.160630	105.977084	0.002855	1.2
127	-0.373482	11.372996	108.555503	0.004035	1.0
128	-0.349700	12.195561	105.865565	0.005461	1.0
129	-0.370602	11.407954	108.438404	0.001680	1.3
130	-0.372097	10.641927	111.063617	0.001896	1.1
131	-0.388354	10.391627	111.949178	0.002650	1.0
132	-0.384000	10.172138	112.737433	0.002700	1.0
133	-0.410590	11.165474	109.255869	0.003761	1.0
134	-0.359187	10.377982	111.997860	0.007090	1.0
135	-0.363306	11.377982	108.538785	0.002333	1.1
136	-0.396723	11.126994	109.386729	0.003018	1.0
137	-0.378480	11.164377	109.259596	0.003603	1.0
138	-0.382181	12.164299	105.965358	0.002485	1.1
139	-0.426868	12.638172	104.472585	0.007446	1.1
140	-0.378695	11.852731	106.970310	0.002633	1.0
141	-0.359445	12.796484	103.983209	0.006516	1.0
142	-0.403250	13.785056	101.028062	0.005992	1.1
143	-0.379507	12.997422	103.368626	0.004165	1.1
144	-0.380183	12.215605	105.801682	0.002136	1.2
145	-0.380491	11.610949	107.763403	0.001549	1.1
146	-0.365111	11.527961	108.038337	0.003265	1.0
147	-0.365582	12.272302	105.621392	0.002557	1.2
148	-0.386522	11.485117	108.180828	0.002936	1.3
149	-0.357147	12.456745	105.039114	0.003520	1.0
150	-0.374961	13.456381	101.991757	0.001006	1.0
151	-0.359007	14.372599	99.349974	0.004893	1.1
152	-0.384992	13.601616	101.563662	0.002506	1.1
153	-0.377336	13.169510	102.848032	0.002314	1.1
154	-0.378820	12.395915	105.230438	0.002997	1.1
155	-0.393390	12.543743	104.766686	0.002881	1.0
156	-0.370619	13.538544	101.749130	0.004156	1.1
157	-0.385523	12.781775	104.028482	0.004828	1.0
158	-0.384107	11.994141	106.511843	0.003860	0.9
159	-0.380981	11.206513	109.116650	0.002052	1.1
160	-0.379860	10.603709	111.197924	0.001831	1.1
161	-0.363273	11.337078	108.676077	0.004282	1.0
162	-0.383614	10.683411	110.918198	0.003527	1.1
163	-0.382006	11.683350	107.524681	0.001391	1.0
164	-0.365303	12.143355	106.032321	0.002326	1.1
165	-0.362372	12.419670	105.155640	0.004944	1.1
166	-0.390247	13.403753	102.147776	0.003157	0.9
167	-0.381688	12.709599	104.251218	0.003698	0.9
168	-0.387417	12.217288	105.796318	0.004757	1.0
169	-0.397040	11.429655	108.365841	0.004172	1.0
170	-0.377915	12.429654	105.124235	0.001457	1.0
171	-0.386666	12.556677	104.726306	0.002784	1.0
172	-0.379938	13.117006	103.006309	0.001167	1.1
173	-0.355137	12.500150	104.903018	0.001259	1.0
174	-0.371336	12.764260	104.082449	0.003855	1.2
175	-0.346342	12.117834	106.114029	0.005850	1.1
176	-0.398571	13.117833	103.003812	0.003081	0.9
177	-0.370786	12.330199	105.437920	0.005326	0.9
178	-0.400700	13.330198	102.366634	0.004921	0.9
179	-0.372242	12.584035	104.640995	0.004700	1.0
180	-0.397135	13.584035	101.615293	0.003028	1.0
181	-0.379601	12.796678	103.982612	0.006678	1.1
182	-0.370164	12.038355	106.369304	0.004069	1.0
183	-0.374653	13.038347	103.244345	0.005440	1.1
184	-0.388884	12.253831	105.680060	0.003413	1.1
185	-0.386831	12.034680	106.381137	0.003871	1.0
186	-0.417678	13.034664	103.255516	0.005686	1.1
187	-0.380785	14.034581	100.308517	0.005039	1.1
188	-0.413277	13.768190	101.077073	0.001962	0.9
189	-0.362050	14.763891	98.262989	0.005734	1.0
190	-0.364339	15.763344	95.591598	0.002782	1.1
191	-0.397721	15.009328	97.593236	0.002387	1.0
192	-0.376836	16.000206	94.979656	0.002967	1.0
193	-0.407407	15.259603	96.919618	0.001911	1.0
194	-0.399387	14.496350	99.003610	0.001495	1.1
195	-0.346035	13.949045	100.554015	0.003044	1.0
196	-0.391492	14.219271	99.782497	0.002762	1.0
197	-0.378128	15.218153	97.030536	0.003837	1.1
198	-0.365280	16.217632	94.424782	0.001942	1.1
199	-0.388855	15.437495	96.446443	0.004158	1.0
200	-0.372242	16.379516	94.015846	0.004188	0.9
201	-0.421863	16.708100	93.196603	0.003046	1.1
202	-0.393569	15.920592	95.184464	0.003796	1.0
203	-0.354904	15.140744	97.238363	0.002424	0.9
204	-0.390365	14.451327	99.129345	0.003022	0.9
205	-0.375289	13.845898	100.851664	0.002923	1.0
206	-0.388165	13.058538	103.183139	0.002414	1.1
207	-0.366911	14.007335	100.386586	0.004431	1.0
208	-0.410174	13.224356	102.683213	0.005467	1.0
209	-0.393492	14.140528	100.006089	0.002890	1.1
210	-0.367848	13.353001	102.298684	0.001577	1.0
211	-0.392787	12.802927	103.963388	0.004953	1.1
212	-0.404264	12.279396	105.598877	0.003660	1.0
213	-0.384109	11.491769	108.158678	0.008127	1.0
214	-0.378614	12.489186	104.937362	0.007480	1.0
215	-0.434758	11.701552	107.464834	0.006046	1.0
216	-0.395347	12.699212	104.283354	0.004031	1.3
217	-0.364482	13.699187	101.278074	0.004102	1.1
218	-0.408107	12.911555	103.630365	0.002595	1.0
219	-0.389231	13.860842	100.808431	0.001415	1.0
220	-0.364305	14.423423	99.207432	0.003341	1.2
221	-0.356256	15.390954	96.569792	0.003386	1.1
222	-0.395897	16.390885	93.987260	0.005024	0.9
223	-0.395304	15.616000	95.976262	0.004020	0.9
224	-0.401085	16.615991	93.424810	0.003398	0.9
225	-0.375646	17.614673	91.008586	0.003888	0.9
226	-0.403798	16.827131	92.903339	0.002610	1.0
227	-0.404046	16.040220	94.877051	0.004641	1.0
228	-0.395212	17.040204	92.382965	0.001320	1.0
229	-0.357227	18.033212	90.032734	0.005084	1.1
230	-0.408155	18.799613	88.299021	0.004768	1.1
231	-0.380436	18.011979	90.081738	0.008403	1.0
232	-0.373468	19.011979	87.830368	0.000991	0.9
233	-0.400160	19.863493	86.000158	0.003550	1.0
234	-0.387634	20.673175	84.329232	0.005382	1.0
235	-0.386165	21.652534	82.392919	0.003865	1.1
236	-0.381689	20.864984	83.942868	0.004394	1.2
237	-0.377077	20.077350	85.552423	0.004207	1.0
238	-0.398130	21.071309	83.531198	0.003443	0.9
239	-0.373890	21.653738	82.390595	0.002077	1.1
240	-0.375376	21.286276	83.106557	0.003090	1.2
241	-0.377190	20.640918	84.394557	0.002469	0.9
242	-0.403704	20.830124	84.012824	0.005312	1.0
243	-0.372126	20.306490	85.077836	0.003149	1.0
244	-0.394892	21.306454	83.066919	0.002619	1.0
245	-0.383517	20.523574	84.633053	0.001322	1.1
246	-0.364738	20.921793	83.829116	0.004114	1.0
247	-0.373072	20.481347	84.719207	0.004464	0.9
248	-0.386278	19.693713	86.358963	0.004170	1.1
249	-0.393908	20.409197	84.866819	0.002918	1.1
250	-0.378802	19.810302	86.112247	0.002353	1.0
251	-0.391617	19.028059	87.795084	0.002478	1.1
252	-0.373238	19.820574	86.090578	0.003213	1.1
253	-0.402028	19.050789	87.745257	0.004810	1.0
254	-0.370913	18.263180	89.505404	0.004048	1.0
255	-0.368664	17.475555	91.337650	0.001295	1.0
256	-0.369208	18.456919	89.065922	0.004267	1.0
257	-0.362979	17.777837	90.625652	0.001895	1.1
258	-0.368031	18.773336	88.357357	0.005017	1.0
259	-0.376923	18.000323	90.108660	0.007026	1.0
260	-0.373505	19.000323	87.855961	0.002576	1.1
261	-0.390359	20.000323	85.713150	0.007236	1.0
262	-0.375168	19.264083	87.280439	0.001859	1.0
263	-0.377494	20.246697	85.201169	0.003441	1.0
264	-0.359908	19.461736	86.854078	0.003170	1.0
265	-0.378818	19.130915	87.570065	0.005888	1.1
266	-0.384106	18.676809	88.572314	0.001651	1.1
267	-0.368276	18.874069	88.134141	0.001335	1.1
268	-0.371822	18.449165	89.083428	0.004478	1.0
269	-0.365405	17.764377	90.657122	0.004570	0.9
270	-0.382505	18.764208	88.377640	0.001123	0.9
271	-0.366174	17.992308	90.127182	0.004569	0.9
272	-0.390699	17.215196	91.959931	0.004464	1.0
273	-0.383228	16.427562	93.895156	0.004870	1.0
274	-0.390702	17.426350	91.454608	0.002133	1.0
275	-0.405783	16.638843	93.368089	0.003153	1.1
276	-0.379035	17.605495	91.030224	0.002132	0.9
277	-0.384119	16.825945	92.906253	0.006097	0.9
278	-0.391610	16.038992	94.880196	0.002507	1.0
279	-0.379602	17.038947	92.386018	0.002497	0.9
280	-0.361690	18.031087	90.037636	0.004894	0.9
281	-0.380565	17.942582	90.242265	0.003400	1.0
282	-0.375318	18.887473	88.104524	0.004423	1.0
283	-0.373652	18.099843	89.879307	0.004890	1.2
284	-0.362254	19.099843	87.637919	0.005527	1.2
285	-0.383363	18.312317	89.393531	0.001990	1.1
286	-0.401105	19.311976	87.176744	0.002927	1.1
287	-0.389804	18.541576	88.875234	0.003041	1.1
288	-0.409926	19.523301	86.722126	0.002720	1.0
289	-0.350784	20.484393	84.712986	0.002394	1.0
290	-0.376572	21.295484	83.088465	0.002302	1.5
291	-0.366245	21.532889	82.624691	0.003789	0.9
292	-0.395578	21.191531	83.293181	0.000825	1.0
293	-0.390396	20.506691	84.667477	0.002879	0.9
294	-0.396264	19.992982	85.728500	0.005454	1.2
295	-0.398126	19.205352	87.407937	0.002786	1.1
296	-0.380172	19.090377	87.658612	0.004295	1.0
297	-0.352169	18.324014	89.366940	0.004284	1.0
298	-0.336535	19.324012	87.150724	0.003609	1.3
299	-0.376375	20.324006	85.041776	0.004320	1.0
300	-0.402276	21.321060	83.038251	0.001696	1.0
301	-0.383827	20.567057	84.544519	0.001893	1.0
302	-0.402065	21.344065	82.993138	0.004620	1.0
303	-0.395556	20.559928	84.559020	0.003235	1.3
304	-0.384404	20.365262	84.956958	0.003058	1.1
305	-0.375006	21.364798	82.952522	0.003413	1.0
306	-0.383474	20.631934	84.412768	0.004352	1.0
307	-0.409541	19.965963	85.785041	0.005392	1.0
308	-0.405511	20.351677	84.984869	0.003879	1.0
309	-0.371697	21.351676	82.978222	0.004725	1.0
310	-0.372017	20.565273	84.548148	0.003440	0.9
311	-0.375254	21.565248	82.561878	0.000367	0.9
312	-0.370881	21.886807	81.942841	0.005127	1.1
313	-0.370832	22.397491	80.978571	0.001064	1.3
314	-0.342103	21.791221	82.125882	0.003732	1.0
315	-0.402989	22.673319	80.467134	0.006934	0.9
316	-0.384715	22.823246	80.191842	0.004050	0.9
317	-0.376885	23.818206	78.411590	0.005606	0.9
318	-0.383523	23.030604	79.814187	0.003166	1.1
319	-0.374670	24.030603	78.041744	0.005403	1.0
320	-0.363865	25.030563	76.346379	0.001865	1.0
321	-0.378832	24.253590	77.657194	0.003668	1.1
322	-0.394234	24.188410	77.769207	0.000527	1.1
323	-0.372769	24.870999	76.611953	0.004201	1.0
324	-0.374236	24.684257	76.925117	0.003687	0.9
325	-0.402599	25.650588	75.331672	0.004908	1.0
326	-0.369701	26.646266	73.757444	0.004161	1.0
327	-0.394582	25.858821	74.996911	0.005910	1.0
328	-0.333519	26.858821	73.429866	0.007006	1.0
329	-0.382848	27.858778	71.927030	0.002265	1.0
330	-0.403875	28.856848	70.487144	0.000613	0.9
331	-0.387949	29.125990	70.108677	0.003168	0.9
332	-0.367315	29.150526	70.074376	0.004139	1.0
333	-0.385787	28.364787	71.189750	0.002868	1.2
334	-0.358158	27.577873	72.342954	0.004162	1.0
335	-0.353326	26.828323	73.476689	0.002888	1.0
336	-0.361588	26.561552	73.888818	0.005306	1.0
337	-0.397581	27.553525	72.379232	0.006197	1.0
338	-0.380039	26.765891	73.572726	0.003136	1.0
339	-0.372352	25.978257	74.806241	0.004012	1.0
340	-0.372422	25.191268	76.080760	0.001939	1.1
341	-0.363863	24.416240	77.379080	0.003378	1.1
342	-0.375472	25.407066	75.726977	0.003238	1.0
343	-0.379873	26.403103	74.135797	0.002773	0.9
344	-0.393345	25.617760	75.384721	0.002069	1.0
345	-0.389122	26.487686	74.003749	0.004658	1.0
346	-0.376849	25.700365	75.251378	0.005885	1.0
347	-0.396407	26.700271	73.673938	0.002789	1.1
348	-0.391762	27.633915	72.259592	0.002724	0.9
349	-0.353482	26.847545	73.447170	0.005664	0.9
350	-0.407732	27.847545	71.943571	0.003625	1.0
351	-0.382339	28.847512	70.500346	0.001594	1.0
352	-0.371685	29.829371	69.138506	0.004556	1.0
353	-0.339012	30.814949	67.823415	0.001863	1.0
354	-0.389968	31.814128	66.540279	0.003080	1.0
355	-0.393156	32.731000	65.404828	0.004729	1.0
356	-0.382279	32.071360	66.217765	0.006483	1.0
357	-0.399097	33.071360	64.993128	0.000552	0.9
358	-0.370375	32.390318	65.822174	0.003594	1.0
359	-0.380046	32.684421	65.461576	0.000680	1.0
360	-0.382269	33.230225	64.802734	0.004251	1.2
361	-0.365037	32.661776	65.489201	0.003132	1.1
362	-0.411721	33.644650	64.311270	0.006298	1.0
363	-0.367077	32.958301	65.129308	0.001344	1.0
364	-0.386172	32.542064	65.635625	0.002115	1.0
365	-0.380667	33.192797	64.847489	0.003499	1.3
366	-0.366467	34.164454	63.705277	0.003881	1.1
367	-0.365581	33.383653	64.619911	0.003193	1.1
368	-0.391698	34.383302	63.453544	0.004032	0.9
369	-0.398218	35.381889	62.329710	0.003990	1.1
370	-0.366249	36.375044	61.250791	0.003131	1.1
371	-0.364720	35.634833	62.051332	0.004659	1.0
372	-0.343615	36.634771	60.974769	0.004328	1.0
373	-0.364540	36.636192	60.973266	0.002298	1.1
374	-0.379464	36.406654	61.217064	0.005118	1.1
375	-0.398261	37.406572	60.169031	0.003868	1.2
376	-0.390241	38.406189	59.156577	0.002959	1.1
377	-0.371662	37.628816	59.940949	0.001968	0.9
378	-0.398556	38.598856	58.965340	0.004461	0.9
379	-0.369580	38.114242	59.448734	0.003052	1.0
380	-0.376746	39.114157	58.459887	0.001159	1.1
381	-0.415042	38.615129	58.949244	0.001725	1.0
382	-0.383057	38.875185	58.693211	0.003705	1.0
383	-0.343443	38.228410	59.334141	0.007181	1.0
384	-0.415707	39.228408	58.348990	0.003180	1.0
385	-0.363548	40.228400	57.396025	0.003970	1.0
386	-0.357557	39.440855	58.143897	0.002558	0.9
387	-0.379603	40.435046	57.202965	0.002931	1.1
388	-0.412235	39.662725	57.931239	0.001772	1.3
389	-0.382333	38.929619	58.639899	0.004294	1.1
390	-0.411536	38.145855	59.416958	0.000479	1.1
391	-0.406371	38.188430	59.374219	0.002299	1.4
392	-0.383656	37.784387	59.782317	0.005989	1.1
393	-0.386461	37.045963	60.542829	0.004760	1.0
394	-0.378033	36.258329	61.375644	0.002971	0.9
395	-0.384399	35.470699	62.231686	0.005200	0.9
396	-0.381472	34.683068	63.111947	0.005469	1.0
397	-0.391567	35.682803	61.998819	0.001776	1.1
398	-0.373066	34.958702	62.801078	0.002198	1.1
399	-0.401129	35.802996	61.867631	0.003598	1.0
400	-0.363003	36.794626	60.806117	0.003390	1.1
401	-0.397590	36.011416	61.641458	0.004867	1.0
402	-0.389784	35.254475	62.470884	0.003213	1.0
403	-0.403493	34.466842	63.357976	0.004577	1.0
404	-0.423249	35.466343	62.236487	0.003877	1.0
405	-0.398172	36.173111	61.467126	0.004548	1.1
406	-0.368510	37.173111	60.410502	0.002934	1.3
407	-0.371732	38.159152	59.403603	0.004083	0.9
408	-0.374729	39.158870	58.416437	0.002943	1.0
409	-0.378471	38.567885	58.995998	0.003032	1.0
410	-0.370351	39.559222	58.030250	0.004423	0.9
411	-0.375102	40.556689	57.089926	0.006440	0.9
412	-0.361829	39.769056	57.829874	0.005584	1.0
413	-0.393471	38.981421	58.589255	0.004980	1.1
414	-0.419753	39.981421	57.628483	0.002719	1.0
415	-0.397091	40.965920	56.712897	0.003301	1.1
416	-0.364604	40.178907	57.442458	0.005172	1.0
417	-0.374108	39.391551	58.191365	0.000848	1.0
418	-0.390229	40.340675	57.290971	0.005798	1.0
419	-0.361790	39.681915	57.912919	0.003053	1.0
420	-0.364592	38.894301	58.674478	0.004825	1.3
421	-0.389227	38.115030	59.447941	0.001453	1.2
422	-0.371111	38.431765	59.131119	0.002285	1.0
423	-0.404474	38.893210	58.675546	0.004182	0.9
424	-0.359697	39.862519	57.741068	0.004673	1.0
425	-0.360649	40.862223	56.807962	0.003065	1.1
426	-0.372262	41.862218	55.904276	0.002715	1.0
427	-0.388015	41.168929	56.527704	0.006253	1.1
428	-0.366682	40.381299	57.253053	0.002811	1.1
429	-0.400966	39.595045	57.995944	0.003098	1.1
430	-0.382045	38.944475	58.625366	0.002169	1.0
431	-0.396545	39.868990	57.734929	0.004046	1.1
432	-0.368147	39.115907	58.458186	0.004894	1.1
433	-0.373358	40.115906	57.501672	0.005946	1.6
434	-0.392087	39.328272	58.252403	0.001162	1.1
435	-0.372135	38.569472	58.994426	0.003008	0.9
436	-0.383883	39.491601	58.095120	0.002984	1.1
437	-0.380542	39.406733	58.176740	0.003242	1.0
438	-0.368042	38.619853	58.944574	0.001424	0.9
439	-0.397018	38.109027	59.453978	0.003958	1.0
440	-0.362174	38.882002	58.686528	0.009828	0.9
441	-0.382877	38.094507	59.468587	0.006869	1.0
442	-0.415673	39.094409	58.479098	0.004421	1.1
443	-0.356493	40.091323	57.524811	0.003624	1.1
444	-0.395482	39.303706	58.276134	0.003774	1.0
445	-0.408607	39.785407	57.814318	0.004727	1.0
446	-0.391832	39.491894	58.094839	0.002524	1.1
447	-0.363603	38.704273	58.861228	0.003842	1.0
448	-0.367312	39.703986	57.891863	0.001740	1.2
449	-0.361567	40.689201	56.967294	0.001913	1.0
450	-0.374916	40.486949	57.154679	0.003082	0.9
451	-0.345801	41.474324	56.251378	0.004550	1.2
452	-0.372668	40.957883	56.720253	0.002693	1.1
453	-0.362670	41.957814	55.819390	0.003490	0.9
454	-0.378669	41.395697	56.322263	0.004743	0.9
455	-0.366308	42.394948	55.434493	0.001021	0.9
456	-0.366717	42.004170	55.778321	0.003991	0.9
457	-0.386761	41.380428	56.336048	0.002142	0.9
458	-0.405025	40.593233	57.056053	0.002968	1.0
459	-0.401892	41.515990	56.213887	0.003253	1.0
460	-0.380722	40.811516	56.854564	0.004236	1.0
461	-0.358897	40.133436	57.485184	0.002798	1.3
462	-0.380920	41.127615	56.565294	0.004606	1.0
463	-0.409624	42.117182	55.678449	0.002293	1.1
464	-0.399197	43.111697	54.814753	0.002896	1.2
465	-0.408969	42.335264	55.486732	0.005980	1.1
466	-0.363437	43.335050	54.624451	0.007488	1.0
467	-0.383895	42.547416	55.301490	0.003996	1.3
468	-0.415555	43.547416	54.444733	0.005939	1.2
469	-0.387128	42.759782	55.117296	0.001760	1.3
470	-0.373066	41.972460	55.806408	0.003584	1.2
471	-0.387721	41.284657	56.422672	0.002468	1.2
472	-0.394546	42.129559	55.667533	0.003081	1.2
473	-0.405703	42.204295	55.601709	0.005544	1.2
474	-0.372475	41.440406	56.281934	0.003467	1.2
475	-0.372651	42.440403	55.394774	0.003368	1.2
476	-0.385060	42.163392	55.637715	0.003391	1.2
477	-0.388612	41.391701	56.325870	0.007054	1.5
478	-0.400928	42.391701	55.437333	0.003317	1.3
479	-0.387990	41.604219	56.134665	0.002708	1.1
480	-0.409729	41.016091	56.667016	0.002919	1.5
481	-0.383313	41.532334	56.199195	0.004466	1.2
482	-0.400148	40.746423	56.914500	0.003189	1.2
483	-0.402349	41.746421	56.007447	0.003225	1.3
484	-0.394098	40.958869	56.719351	0.003795	1.3
485	-0.373647	41.958848	55.818474	0.004416	1.3
486	-0.377196	42.958805	54.945786	0.005694	1.1
487	-0.366246	43.958804	54.099931	0.002421	1.2
488	-0.385627	44.958770	53.279751	0.005522	1.2
489	-0.378666	44.171245	53.923580	0.002078	1.2
490	-0.400932	43.388578	54.579040	0.002081	1.2
491	-0.364702	44.307545	53.811039	0.002275	1.2
492	-0.410704	45.223877	53.066462	0.002531	1.6
493	-0.383629	44.930332	53.302732	0.001970	1.6
494	-0.382223	44.198943	53.900672	0.003264	1.5
495	-0.397072	43.426146	54.547214	0.002504	1.1
496	-0.392644	44.300277	53.817028	0.001770	1.2
497	-0.368946	43.675649	54.336785	0.003218	1.2
498	-0.402407	42.902582	54.994129	0.001658	1.2
499	-0.406634	43.776269	54.252381	0.005564	1.2
500	-0.388458	44.732016	53.463548	0.002656	1.3
501	-0.378158	45.707531	52.681710	0.002491	1.2
502	-0.350692	46.627474	51.965076	0.006077	1.2
503	-0.387694	45.887062	52.540308	0.002817	1.2
504	-0.372613	45.099480	53.166331	0.002255	1.2
505	-0.394873	46.064195	52.401536	0.005740	1.5
506	-0.402775	45.279166	53.022195	0.004850	1.2
507	-0.366873	44.491532	53.659866	0.003383	1.1
508	-0.392269	45.491529	52.852851	0.004832	1.5
509	-0.377124	46.491203	52.069998	0.003335	1.2
510	-0.406065	47.491198	51.309758	0.006100	1.3
511	-0.401053	48.085450	50.868407	0.005599	1.2
512	-0.388430	49.085450	50.142602	0.002281	1.2
513	-0.389361	50.084301	49.438016	0.004921	1.2
514	-0.361006	51.080838	48.754522	0.003486	1.2
515	-0.397410	50.293208	49.293151	0.003590	1.3
516	-0.388915	51.293193	48.611310	0.005064	1.3
517	-0.378598	50.535069	49.126490	0.002087	1.4
518	-0.409438	49.814057	49.626684	0.002097	1.3
519	-0.395716	50.778869	48.959630	0.002771	1.1
520	-0.349304	51.771016	48.292123	0.001408	1.1
521	-0.392365	51.018699	48.796588	0.002327	1.1
522	-0.374976	50.525932	49.132765	0.003457	1.2
523	-0.383692	51.232252	48.652322	0.004273	1.3
524	-0.385421	50.591953	49.087456	0.004242	1.1
525	-0.375529	51.552513	48.437562	0.001874	1.1
526	-0.404185	51.007660	48.804069	0.002909	1.2
527	-0.381285	50.700017	49.013473	0.003811	1.2
528	-0.396745	51.689683	48.346157	0.004525	1.2
529	-0.384572	52.688646	47.690750	0.001822	1.2
530	-0.373805	53.686896	47.053326	0.004265	1.6
531	-0.405540	54.657722	46.449546	0.003413	1.7
532	-0.376923	53.870436	46.937977	0.002077	2.0
533	-0.382365	53.998077	46.858093	0.005313	1.8
534	-0.393625	54.969933	46.258654	0.003899	1.3
535	-0.376788	54.184393	46.741972	0.003460	1.2
536	-0.364872	55.184387	46.128439	0.003186	1.3
537	-0.412479	55.978263	45.652716	0.003605	1.5
538	-0.364430	55.190887	46.124504	0.003783	1.3
539	-0.356575	55.530879	45.919593	0.000643	2.0
540	-0.381568	54.939267	46.277334	0.001998	1.6
541	-0.364275	55.256364	46.084899	0.002493	2.1
542	-0.372340	55.683659	45.828106	0.005593	1.2
543	-0.389365	56.676439	45.242378	0.003589	1.8
544	-0.393140	57.676435	44.667337	0.003056	1.4
545	-0.358564	56.888853	45.118996	0.002135	1.4
546	-0.396496	56.103761	45.578410	0.004558	1.6
547	-0.420327	56.319266	45.451373	0.004102	1.3
548	-0.383520	55.531813	45.919033	0.004097	1.2
549	-0.384137	56.531812	45.326772	0.002055	1.3
550	-0.366359	56.123345	45.566836	0.002552	1.8
551	-0.398489	55.345093	46.031339	0.003374	1.9
552	-0.416554	56.343132	45.437348	0.003846	2.0
553	-0.379725	55.555562	45.904788	0.005273	1.6
554	-0.412074	55.688108	45.825447	0.005674	1.7
555	-0.380293	56.688108	45.235583	0.002190	2.1
556	-0.399813	55.901106	45.698521	0.005550	1.8
557	-0.374556	55.188127	46.126174	0.002630	1.5
558	-0.395183	54.877656	46.314910	0.004655	1.9
559	-0.366181	54.989908	46.246494	0.002200	2.7
560	-0.387728	55.986277	45.647965	0.003330	3.5
561	-0.362701	55.201378	46.118153	0.005692	2.5
562	-0.376038	56.201359	45.520790	0.002715	2.5
563	-0.372189	55.413745	45.989983	0.002548	2.7
564	-0.380941	56.408042	45.399247	0.006508	3.2
565	-0.379770	55.620410	45.865936	0.005467	4.2
566	-0.394008	54.832776	46.342321	0.001298	4.0
567	-0.357682	55.785682	45.767215	0.001730	3.3
568	-0.354365	55.236258	46.097053	0.004396	3.4
569	-0.370013	54.450561	46.577080	0.006978	4.0
570	-0.409539	55.450561	45.967836	0.005578	5.8
571	-0.383665	54.753276	46.390955	0.000994	6.8
572	-0.403694	54.997595	46.241816	0.000539	9.4
573	-0.394443	55.167954	46.138391	0.005607	4.4
574	-0.375084	55.929666	45.681556	0.006066	4.4
575	-0.374784	56.929666	45.095366	0.002347	5.9
576	-0.380027	56.185843	45.529940	0.002669	6.4
577	-0.387258	55.406025	45.994629	0.006129	7.8
578	-0.376029	56.406024	45.400430	0.006542	4.5
579	-0.409214	55.621675	45.865179	0.004113	5.9
580	-0.384088	54.834041	46.341548	0.008495	5.0
581	-0.371095	54.046407	46.827916	0.003808	2.6
582	-0.370669	55.046407	46.212135	0.004557	2.7
583	-0.406896	56.046371	45.612360	0.003874	1.7
584	-0.403301	55.635080	45.857156	0.003743	1.8
585	-0.371378	54.847582	46.333274	0.003987	3.4
586	-0.383009	55.846400	45.731053	0.002939	3.8
587	-0.394199	55.984429	45.649060	0.004485	2.9
588	-0.372334	56.983819	45.064051	0.003586	2.6
589	-0.391237	57.983819	44.493503	0.007854	4.2
590	-0.385245	57.322230	44.869341	0.002998	2.8
591	-0.367646	56.534633	45.325124	0.004209	2.4
592	-0.379525	57.534126	44.748277	0.005228	3.2
593	-0.350341	58.534126	44.185647	0.005271	2.1
594	-0.396041	59.534125	43.636990	0.003770	1.9
595	-0.369869	60.534125	43.101791	0.001412	2.6
596	-0.380528	59.796538	43.495265	0.003343	1.8
597	-0.384377	60.694662	43.017092	0.004102	2.5
598	-0.384630	59.907083	43.435837	0.007849	2.0
599	-0.370602	60.907083	42.905530	0.005611	1.9
600	-0.427103	61.907083	42.388017	0.006172	1.8
601	-0.398804	61.119448	42.794574	0.004078	1.8
602	-0.386566	62.119448	42.279718	0.003532	5.7
603	-0.373994	61.332079	42.684053	0.002696	6.0
604	-0.348144	61.500066	42.597139	0.004968	3.5
605	-0.372125	60.712542	43.007679	0.003381	3.1
606	-0.351015	61.712470	42.487751	0.002313	2.4
607	-0.381262	60.981027	42.866831	0.002581	2.2
608	-0.396451	60.477495	43.131749	0.003740	1.9
609	-0.391114	59.709490	43.542176	0.002912	2.4
610	-0.384804	60.117938	43.322931	0.001039	2.2
611	-0.370089	59.607140	43.597463	0.003798	6.0
612	-0.355940	59.272553	43.779184	0.002982	2.0
613	-0.361092	58.485943	44.212432	0.002414	2.4
614	-0.351631	57.771801	44.613260	0.005039	2.1
615	-0.387082	58.771280	44.054287	0.006751	2.2
616	-0.364020	57.984832	44.492933	0.003816	1.8
617	-0.371822	58.984832	43.936666	0.008035	3.3
618	-0.411013	59.946229	43.414831	0.004665	2.4
619	-0.376616	60.945950	42.885180	0.003660	2.3
620	-0.382714	60.158320	43.301375	0.001340	2.4
621	-0.375000	60.887874	42.915595	0.005634	2.0
622	-0.349888	60.996196	42.858901	0.005361	2.1
623	-0.348233	61.996163	42.342521	0.001442	2.2
624	-0.399630	62.991477	41.840755	0.001276	2.1
625	-0.380938	63.336689	41.669490	0.002139	2.1
626	-0.377313	64.057574	41.316331	0.004729	2.3
627	-0.369855	63.275289	41.699849	0.001652	3.3
628	-0.359042	64.273635	41.211646	0.003458	2.7
629	-0.387364	63.498876	41.589510	0.002409	2.4
630	-0.398090	62.717699	41.977585	0.003402	2.8
631	-0.354401	61.931804	42.375381	0.003576	1.8
632	-0.370611	62.928964	41.871919	0.006064	1.8
633	-0.369774	63.928961	41.378898	0.001467	1.7
634	-0.397326	64.902335	40.910027	0.006488	1.9
635	-0.389951	64.116045	41.287948	0.005164	2.0
636	-0.398805	65.116045	40.808503	0.004029	1.9
637	-0.379748	64.328410	41.185190	0.004015	1.7
638	-0.386255	63.540818	41.568877	0.003506	1.6
639	-0.384475	64.523604	41.091192	0.003188	4.1
640	-0.396185	63.871911	41.406712	0.007978	3.1
641	-0.384293	64.871854	40.924548	0.002514	3.4
642	-0.396210	65.871854	40.453457	0.003885	2.9
643	-0.413240	65.084477	40.823467	0.005064	2.1
644	-0.402770	64.296890	41.200410	0.003837	2.1
645	-0.388060	65.296889	40.722984	0.004080	2.0
646	-0.361828	65.948206	40.417934	0.005827	1.8
647	-0.364558	65.494316	40.630032	0.003645	1.9
648	-0.370535	66.346754	40.233514	0.007529	2.1
649	-0.393780	67.346012	39.778443	0.002436	2.4
650	-0.362127	66.562401	40.134427	0.002100	2.3
651	-0.360183	67.079881	39.898633	0.004736	2.0
652	-0.384641	66.292619	40.258465	0.002866	1.9
653	-0.368245	65.526063	40.615125	0.002604	1.7
654	-0.390149	66.517859	40.154854	0.005459	1.9
655	-0.374682	67.508747	39.705305	0.002781	1.8
656	-0.406297	66.721377	40.061692	0.002817	2.1
657	-0.403480	65.953816	40.415326	0.005525	2.3
658	-0.364429	66.952052	39.956621	0.003739	2.6
659	-0.389250	66.164420	40.317676	0.003788	2.5
660	-0.364464	66.453825	40.184255	0.003486	2.0
661	-0.373884	67.453001	39.730329	0.003813	2.0
662	-0.403352	68.452913	39.286220	0.000912	2.0
663	-0.360344	68.388137	39.314689	0.002018	2.0
664	-0.383698	68.056875	39.460927	0.004891	2.7
665	-0.393217	67.270715	39.812375	0.001735	2.4
666	-0.415605	68.262996	39.369806	0.005901	1.9
667	-0.404598	67.475666	39.720151	0.004526	2.0
668	-0.392779	67.839692	39.557395	0.002389	1.9
669	-0.392899	67.052111	39.911216	0.005169	1.8
670	-0.353584	66.360926	40.226987	0.010605	1.9
671	-0.381437	67.360926	39.771729	0.003957	1.9
672	-0.409076	66.573294	40.129435	0.005943	2.2
673	-0.377873	67.031166	39.920712	0.004404	2.0
674	-0.377840	68.031164	39.472323	0.004427	1.8
675	-0.364225	67.243586	39.824615	0.002894	1.9
676	-0.360215	68.241710	39.379196	0.004939	1.7
677	-0.402008	69.241439	38.942939	0.005427	1.8
678	-0.379170	70.241403	38.516142	0.002172	1.7
679	-0.377834	69.501671	38.830960	0.004121	1.8
680	-0.396069	70.382052	38.456860	0.004692	2.2
681	-0.380882	69.594419	38.791207	0.002778	2.2
682	-0.384028	70.594319	38.367738	0.002673	1.7
683	-0.382840	69.807960	38.699986	0.003777	1.8
684	-0.365836	69.230328	38.947734	0.002270	1.9
685	-0.401888	68.567310	39.236043	0.002203	1.8
686	-0.409033	69.549115	38.810615	0.001796	1.8
687	-0.386662	69.433326	38.860307	0.003203	1.7
688	-0.382261	70.378212	38.458476	0.003571	3.5
689	-0.388295	69.594049	38.791365	0.001508	2.2
690	-0.399311	70.483914	38.414041	0.003868	2.0
691	-0.393728	71.460962	38.008115	0.002364	2.8
692	-0.383533	72.389333	37.630281	0.002581	2.3
693	-0.376779	72.232358	37.693639	0.002846	1.8
694	-0.380540	71.786826	37.874631	0.002635	2.0
695	-0.372242	71.164856	38.130226	0.003174	2.0
696	-0.391094	71.975125	37.797925	0.002964	1.7
697	-0.383294	71.216015	38.109073	0.002138	1.5
698	-0.410327	72.064921	37.761455	0.001350	1.7
699	-0.385992	71.711027	37.905597	0.005160	1.8
700	-0.378900	72.706255	37.503012	0.003214	2.0
701	-0.361703	73.670729	37.120944	0.002697	2.2
702	-0.393869	73.806963	37.067602	0.005518	2.5
703	-0.386324	74.742353	36.705457	0.005245	1.9
704	-0.358682	75.571297	36.390386	0.002632	2.0
705	-0.390556	75.035193	36.593531	0.004806	1.6
706	-0.362756	74.254251	36.893543	0.003017	1.7
707	-0.362543	74.058850	36.969381	0.004699	1.6
708	-0.391312	75.058845	36.584521	0.000833	1.7
709	-0.345014	74.301920	36.875089	0.006218	1.6
710	-0.368716	73.579342	37.156812	0.002450	1.6
711	-0.375374	72.795811	37.467204	0.004565	1.7
712	-0.383144	72.634241	37.531856	0.004435	1.8
713	-0.386425	71.846607	37.850245	0.004708	2.7
714	-0.371472	72.822352	37.456605	0.003846	2.0
715	-0.379652	72.043051	37.770331	0.003305	1.7
716	-0.391740	71.255439	38.092787	0.004166	1.9
717	-0.390393	72.245670	37.688258	0.003456	1.7
718	-0.388163	71.469106	38.004767	0.002098	1.9
719	-0.383353	72.455857	37.603495	0.004084	1.8
720	-0.374894	73.448752	37.208187	0.001387	1.8
721	-0.347930	72.673258	37.516223	0.003001	2.4
722	-0.368712	73.549363	37.168593	0.002066	1.9
723	-0.400607	72.898541	37.426213	0.004287	1.7
724	-0.380660	72.507688	37.582651	0.003204	1.7
725	-0.382291	73.507647	37.185000	0.004557	1.8
726	-0.379089	74.507598	36.795678	0.003240	1.8
727	-0.399557	74.648822	36.741350	0.001982	1.8
728	-0.385412	75.090842	36.572339	0.003780	1.8
729	-0.358056	76.077427	36.200659	0.002529	1.9
730	-0.344918	75.290316	36.496576	0.003986	2.1
731	-0.412956	76.290141	36.121510	0.002261	1.7
732	-0.373829	77.255543	35.766601	0.005430	1.7
733	-0.342280	78.025997	35.488326	0.004087	1.8
734	-0.356066	77.241510	35.771710	0.006682	1.5
735	-0.361104	76.453876	36.060822	0.002799	1.6
736	-0.413202	75.666272	36.354633	0.008684	1.7
737	-0.411496	76.645492	35.990057	0.003547	1.8
738	-0.409297	77.645479	35.625219	0.000908	1.6
739	-0.358787	76.935494	35.883485	0.004591	1.8
740	-0.369428	76.196469	36.156322	0.002061	1.7
741	-0.372430	77.170522	35.797577	0.004603	1.7
742	-0.373863	78.073771	35.471213	0.002792	1.6
743	-0.418462	78.700038	35.248400	0.006816	1.8
744	-0.406419	79.386219	35.007463	0.004291	1.6
745	-0.391406	80.386219	34.662174	0.001875	1.5
746	-0.389225	79.615968	34.927526	0.001536	1.5
747	-0.371881	80.488457	34.627256	0.002861	2.4
748	-0.407267	81.449083	34.302570	0.002255	1.7
749	-0.408114	81.684796	34.223828	0.002482	1.6
750	-0.389787	82.595530	33.922958	0.004841	1.5
751	-0.390665	81.808250	34.182732	0.005649	1.6
752	-0.378394	81.020998	34.446505	0.004191	1.6
753	-0.363490	82.020995	34.112142	0.004624	1.6
754	-0.409906	81.233373	34.374948	0.001340	1.6
755	-0.367675	82.216719	34.047457	0.001288	1.6
756	-0.345906	82.616130	33.916214	0.002945	1.6
757	-0.368675	83.351828	33.677099	0.003052	1.5
758	-0.375341	82.930294	33.813691	0.002992	1.8
759	-0.389045	83.878323	33.508038	0.004640	2.0
760	-0.373967	84.875872	33.192330	0.006382	1.8
761	-0.379691	85.875843	32.881769	0.003833	1.6
762	-0.392741	86.875843	32.576958	0.003575	1.6
763	-0.387071	87.875839	32.277747	0.003863	1.7
764	-0.389653	88.875737	31.984011	0.004610	1.4
765	-0.383606	88.088104	32.214941	0.005782	1.7
766	-0.400131	89.077368	31.925426	0.003170	1.6
767	-0.356844	90.077315	31.638024	0.003269	1.6
768	-0.368584	90.340087	31.563356	0.001467	1.6
769	-0.346071	89.587658	31.778110	0.003676	1.6
770	-0.427090	90.530884	31.509361	0.003139	1.6
771	-0.353324	91.530388	31.229492	0.005984	1.7
772	-0.345313	90.742754	31.449617	0.001268	1.6
773	-0.387382	89.968625	31.669013	0.002811	1.5
774	-0.360730	89.589859	31.777478	0.003655	1.7
775	-0.348178	89.343444	31.848442	0.002399	1.6
776	-0.357968	90.098283	31.632053	0.004119	1.6
777	-0.392474	89.317264	31.856000	0.002813	1.9
778	-0.397389	90.317139	31.569863	0.004596	1.7
779	-0.402944	89.529892	31.794719	0.005087	1.7
780	-0.411418	89.724591	31.738811	0.002463	1.9
781	-0.381455	88.938202	31.965839	0.001817	1.9
782	-0.381527	89.121379	31.912666	0.003231	1.5
783	-0.418447	88.357579	32.135558	0.002206	1.5
784	-0.413406	89.255006	31.873989	0.004108	1.7
785	-0.408193	88.531783	32.084448	0.002596	1.7
786	-0.392433	87.779319	32.306387	0.004899	1.5
787	-0.372576	86.991704	32.542007	0.005157	1.7
788	-0.406412	87.991274	32.243561	0.003333	1.7
789	-0.363745	87.224164	32.472109	0.005704	1.5
790	-0.384846	88.224040	32.174847	0.002607	1.6
791	-0.378778	87.436417	32.408548	0.002145	1.7
792	-0.378001	88.347733	32.138452	0.003337	1.9
793	-0.352867	89.338541	31.849858	0.001827	1.7
794	-0.355262	89.014379	31.943705	0.003941	1.7
795	-0.376583	89.457837	31.815459	0.004041	2.0
796	-0.376983	90.395236	31.547730	0.001719	2.1
797	-0.413174	91.388422	31.268940	0.003224	1.7
798	-0.365880	91.147399	31.336142	0.004732	1.7
799	-0.412434	90.359848	31.557755	0.005086	1.6
800	-0.404686	89.839857	31.705804	0.006685	1.5
801	-0.396829	89.052223	31.932720	0.005523	1.7
802	-0.375392	90.052223	31.645173	0.002389	1.6
803	-0.379063	89.264686	31.871191	0.003288	1.6
804	-0.369841	89.362300	31.843001	0.001993	1.8
805	-0.371273	88.585432	32.068741	0.003882	1.7
806	-0.376588	88.059493	32.223392	0.004904	1.6
807	-0.382664	89.059466	31.930619	0.005559	1.5
808	-0.379447	88.706419	32.033375	0.003551	1.5
809	-0.383729	89.706235	31.744073	0.001973	1.5
810	-0.394510	89.813606	31.713315	0.002674	1.4
811	-0.396865	89.092632	31.920999	0.005719	1.5
812	-0.390403	88.305169	32.150967	0.002128	1.6
813	-0.384387	87.966591	32.250865	0.005601	1.6
814	-0.360720	88.954818	31.961008	0.005156	1.4
815	-0.400829	88.167186	32.191604	0.005723	1.6
816	-0.365789	87.379552	32.425552	0.001311	1.6
817	-0.400148	86.690065	32.633157	0.004598	1.6
818	-0.367669	87.209699	32.476449	0.005574	1.5
819	-0.381242	86.422407	32.714467	0.002512	1.5
820	-0.372408	86.528102	32.682311	0.002038	1.4
821	-0.384023	87.104926	32.507925	0.004887	1.5
822	-0.391490	86.933999	32.559405	0.001332	1.4
823	-0.371103	86.413392	32.717213	0.002255	1.5
824	-0.377223	85.795210	32.906596	0.002813	2.0
825	-0.387334	86.759977	32.611986	0.003639	1.6
826	-0.395497	87.756778	32.313083	0.001323	1.4
827	-0.375277	88.420996	32.116933	0.003952	1.6
828	-0.364317	89.258547	31.872965	0.002448	1.5
829	-0.378102	90.257606	31.586756	0.000824	1.4
830	-0.395566	90.048648	31.646192	0.002071	1.6
831	-0.396054	90.519571	31.512557	0.003055	1.4
832	-0.379814	90.226970	31.595456	0.002556	1.4
833	-0.383861	89.599136	31.774813	0.000543	1.4
834	-0.367567	89.826245	31.709698	0.005982	1.5
835	-0.374387	90.358871	31.558032	0.003699	1.6
836	-0.406456	91.358871	31.277164	0.002432	1.4
837	-0.389084	92.321688	31.011423	0.004206	1.5
838	-0.372522	93.320541	30.740467	0.003259	1.5
839	-0.415381	92.595418	30.936695	0.005863	1.5
840	-0.380770	93.595418	30.666731	0.005263	1.4
841	-0.355988	92.807783	30.878967	0.002825	1.5
842	-0.395058	92.020897	31.093956	0.001960	1.6
843	-0.406319	91.257831	31.305316	0.004371	1.4
844	-0.383738	92.256716	31.029213	0.000929	1.5
845	-0.390953	93.068613	30.808359	0.005073	1.4
846	-0.367671	92.302250	31.016743	0.005500	1.4
847	-0.396112	93.302250	30.745386	0.001443	1.5
848	-0.352169	94.299344	30.479504	0.003495	1.5
849	-0.382926	95.222600	30.237379	0.005864	1.5
850	-0.393741	94.434967	30.443694	0.003239	1.5
851	-0.396439	95.158492	30.254067	0.003893	1.5
852	-0.365791	94.403485	30.451999	0.005237	1.5
853	-0.389569	93.615862	30.661261	0.005761	1.8
854	-0.364746	94.515104	30.422574	0.002663	1.7
855	-0.366992	95.514907	30.161521	0.002836	1.6
856	-0.388675	94.754549	30.359643	0.004789	1.7
857	-0.376414	95.754509	30.099624	0.002884	1.8
858	-0.386808	96.754422	29.844033	0.005836	1.9
859	-0.366879	97.746931	29.594591	0.002025	1.6
860	-0.378962	98.620158	29.378550	0.003658	1.6
861	-0.371809	99.610034	29.137433	0.005168	1.8
862	-0.393535	98.824664	29.328410	0.003923	1.7
863	-0.391617	99.822695	29.086148	0.002358	1.7
864	-0.384244	100.791418	28.854798	0.003832	1.7
865	-0.389751	100.045693	29.032564	0.003236	1.8
866	-0.372161	100.344392	28.961098	0.003869	1.6
867	-0.398722	99.558780	29.149821	0.003585	1.5
868	-0.352749	98.771154	29.341513	0.004218	1.6
869	-0.358412	99.771140	29.098565	0.002308	1.6
870	-0.364333	98.987420	29.288627	0.004995	1.6
871	-0.410055	99.979822	29.048372	0.004892	1.7
872	-0.357983	99.192189	29.238729	0.002624	1.5
873	-0.377047	98.415370	29.428932	0.005764	1.6
874	-0.369391	99.415368	29.184538	0.001835	1.6
875	-0.365197	98.627817	29.376669	0.002637	1.4
876	-0.383671	99.570577	29.146968	0.002720	1.5
877	-0.358390	100.545823	28.913102	0.002336	1.6
878	-0.395772	100.015988	29.039690	0.002559	1.6
879	-0.380968	100.846209	28.841823	0.005734	1.6
880	-0.380063	100.058875	29.029402	0.004045	1.5
881	-0.393046	99.271241	29.219511	0.005783	1.5
882	-0.378100	98.483612	29.412124	0.005210	1.5
883	-0.388132	97.695978	29.607295	0.002083	1.6
884	-0.419339	97.002597	29.781267	0.005093	1.6
885	-0.387614	98.002404	29.531057	0.004560	1.4
886	-0.390707	97.214771	29.727815	0.002273	1.4
887	-0.383623	98.213047	29.478878	0.000716	1.5
888	-0.393783	98.210907	29.479407	0.002266	1.5
889	-0.355701	98.301452	29.457033	0.002250	1.5
890	-0.387128	98.929574	29.302754	0.003764	1.4
891	-0.416138	99.351511	29.200022	0.004078	1.5
892	-0.372143	98.563882	29.392378	0.004838	1.5
893	-0.371237	97.776248	29.587286	0.004511	1.4
894	-0.388228	98.710578	29.356360	0.002962	1.5
895	-0.363903	99.710563	29.113167	0.001122	1.5
896	-0.380061	99.145088	29.250191	0.003188	1.5
897	-0.373611	98.425658	29.426397	0.003601	1.6
898	-0.377575	99.425619	29.182053	0.002091	1.4
899	-0.373920	98.640912	29.373454	0.005196	1.4
900	-0.369974	97.887048	29.559711	0.003047	1.5
901	-0.404868	97.099425	29.756850	0.000841	1.4
902	-0.389004	97.430424	29.673683	0.009350	1.4
903	-0.366877	96.826062	29.825887	0.002349	1.6
904	-0.379365	97.825783	29.574952	0.004824	1.6
905	-0.373613	98.076756	29.512618	0.002193	1.4
906	-0.379855	97.404677	29.680135	0.003512	1.5
907	-0.391913	96.620380	29.878044	0.000826	1.4
908	-0.370565	96.787187	29.835731	0.004456	1.5
909	-0.405279	97.100657	29.756539	0.003389	1.6
910	-0.374470	96.313323	29.956247	0.002174	1.7
911	-0.358278	95.527521	30.158256	0.003536	1.7
912	-0.381477	96.526273	29.901968	0.003413	1.5
913	-0.357251	95.764944	30.096934	0.004136	1.5
914	-0.392093	96.740633	29.847528	0.004499	1.7
915	-0.369384	97.740481	29.596198	0.002771	1.5
916	-0.372312	97.521202	29.650955	0.003709	1.6
917	-0.401394	96.921934	29.801638	0.003575	1.6
918	-0.379971	96.134316	30.002026	0.004069	1.5
919	-0.394867	97.133877	29.748171	0.004618	1.5
920	-0.368457	96.346252	29.947840	0.001967	1.8
921	-0.387846	95.558987	30.150115	0.002734	1.7
922	-0.384594	96.538643	29.898821	0.003027	1.5
923	-0.389472	97.479099	29.661492	0.003480	1.8
924	-0.399269	98.300777	29.457200	0.001846	1.7
925	-0.381283	99.295619	29.213590	0.003692	1.7
926	-0.371377	99.237777	29.227643	0.002835	1.7
927	-0.387983	100.223732	28.989924	0.003295	1.7
928	-0.380475	99.447617	29.176724	0.003698	1.6
929	-0.396895	98.817230	29.330229	0.003879	1.5
930	-0.367429	99.816849	29.087556	0.004023	1.7
931	-0.391444	100.800466	28.852655	0.001701	1.7
932	-0.377831	101.413927	28.708064	0.003052	1.5
933	-0.370032	101.244977	28.747740	0.003095	1.6
934	-0.353952	100.457582	28.934108	0.002026	1.9
935	-0.386816	101.449898	28.699630	0.004651	1.8
936	-0.379297	100.663864	28.885050	0.002820	1.9
937	-0.408628	99.876577	29.073183	0.001613	1.8
938	-0.386806	99.405572	29.186912	0.004047	1.7
939	-0.381391	100.358096	28.957828	0.004166	1.7
940	-0.397183	101.356960	28.721430	0.006384	1.9
941	-0.378953	102.344895	28.491385	0.002910	1.8
942	-0.380472	102.200084	28.524873	0.003172	1.9
943	-0.393764	102.558256	28.442185	0.002418	1.7
944	-0.405228	101.823248	28.612391	0.001465	1.8
945	-0.379365	101.296567	28.735613	0.004885	1.9
946	-0.340420	100.524838	28.918095	0.003554	1.8
947	-0.386784	101.524759	28.682095	0.004715	1.8
948	-0.372352	102.524705	28.449911	0.002793	2.0
949	-0.392599	101.737089	28.632477	0.001657	1.9
950	-0.389127	102.423355	28.473273	0.001283	2.4
951	-0.376911	101.997725	28.571803	0.002130	1.8
952	-0.377689	101.326486	28.728585	0.002038	2.0
953	-0.365841	101.692093	28.642977	0.004541	1.9
954	-0.399787	101.681148	28.645532	0.002215	2.0
955	-0.363730	102.680421	28.414092	0.006034	1.8
956	-0.400241	103.680408	28.186199	0.005603	1.8
957	-0.361743	104.680408	27.961930	0.002143	2.0
958	-0.400657	105.679195	27.741468	0.004969	1.8
959	-0.373626	106.677424	27.524575	0.001005	1.9
960	-0.355376	107.359762	27.378259	0.001863	1.9
961	-0.386923	107.031131	27.448534	0.003510	1.9
962	-0.360803	106.248942	27.617258	0.002414	1.8
963	-0.423234	105.463429	27.788799	0.006941	1.7
964	-0.416063	104.676101	27.962889	0.001739	1.7
965	-0.360518	103.894978	28.137775	0.002066	2.4
966	-0.399320	104.391932	28.026259	0.000978	1.7
967	-0.356601	105.122429	27.863932	0.002261	1.9
968	-0.396619	105.836401	27.707084	0.003721	1.9
969	-0.381990	106.821880	27.493468	0.001176	2.4
970	-0.382946	107.365875	27.376955	0.003653	2.4
971	-0.412310	107.702738	27.305300	0.005045	1.9
972	-0.398525	106.915104	27.473431	0.001162	2.1
973	-0.385249	106.198159	27.628284	0.007002	1.7
974	-0.355995	107.196587	27.413108	0.004573	1.7
975	-0.344678	106.408953	27.582574	0.001836	1.7
976	-0.386458	107.230056	27.405952	0.001730	2.1
977	-0.348125	107.804638	27.283698	0.000982	2.8
978	-0.390221	107.760857	27.292975	0.003034	2.0
979	-0.366782	107.089705	27.435982	0.003695	2.0
980	-0.393418	107.623886	27.322039	0.002447	2.1
981	-0.416391	106.838047	27.489992	0.004361	1.9
982	-0.379262	106.181991	27.631796	0.002101	1.8
983	-0.391735	105.901850	27.692794	0.001804	1.8
984	-0.413905	105.164902	27.854552	0.002365	2.2
985	-0.368159	105.258688	27.833861	0.003016	1.8
986	-0.399108	104.692237	27.959299	0.003632	1.7
987	-0.334385	105.334846	27.817082	0.003551	1.7
988	-0.370652	106.334530	27.598695	0.005631	1.8
989	-0.374872	107.334530	27.383642	0.005834	1.9
990	-0.353956	106.603425	27.540537	0.005263	1.8
991	-0.381836	107.603267	27.326419	0.001352	1.9
992	-0.366781	107.966929	27.249364	0.004662	1.8
993	-0.345741	107.224361	27.407170	0.003538	2.0
994	-0.374108	108.224361	27.195080	0.003226	1.8
995	-0.394885	109.160858	26.999413	0.005278	1.7
996	-0.388048	109.849300	26.857360	0.006428	1.7
997	-0.376335	109.062183	27.019897	0.002764	1.8
998	-0.384193	110.061983	26.813777	0.003615	1.7
999	-0.399701	111.059913	26.611155	0.002067	1.8
1000	-0.385872	112.045496	26.414023	0.004960	2.0
1001	-0.367425	111.258111	26.571276	0.002804	1.8
1002	-0.362913	110.470641	26.730430	0.003494	1.9
1003	-0.376437	111.466757	26.529424	0.000999	1.8
1004	-0.389991	112.318236	26.359986	0.004728	1.6
1005	-0.384135	111.567965	26.509171	0.006535	2.1
1006	-0.385431	112.567965	26.310701	0.004809	1.8
1007	-0.400423	111.787712	26.465301	0.002539	1.8
1008	-0.371880	111.000097	26.623214	0.003553	1.7
1009	-0.405666	110.216191	26.782265	0.004236	1.8
1010	-0.413627	109.428557	26.943998	0.005970	2.0
1011	-0.400832	110.428557	26.738990	0.001428	1.6
1012	-0.366220	109.650207	26.898287	0.002674	1.8
1013	-0.403505	110.367539	26.751409	0.003837	1.7
1014	-0.383059	111.358353	26.551153	0.003311	1.7
1015	-0.389582	112.358325	26.352062	0.006384	1.9
1016	-0.393100	111.570692	26.508625	0.004237	2.0
1017	-0.404787	110.783059	26.667061	0.005320	2.0
1018	-0.375174	111.780703	26.466698	0.003865	1.8
1019	-0.366980	112.764475	26.272049	0.001636	1.8
1020	-0.376409	113.696254	26.090309	0.003996	1.9
1021	-0.351241	112.916002	26.242322	0.004215	2.0
1022	-0.373093	113.866346	26.057404	0.002852	3.0
1023	-0.383763	113.078749	26.210468	0.000625	2.5
1024	-0.370904	113.703049	26.088992	0.001091	2.5
1025	-0.410311	113.991401	26.033264	0.007302	1.7
1026	-0.379147	113.636615	26.101866	0.001263	2.0
1027	-0.392382	112.855899	26.254105	0.009194	1.7
1028	-0.406824	112.071631	26.408836	0.004504	1.8
1029	-0.370472	113.071631	26.211860	0.007250	2.3
1030	-0.357039	114.071631	26.017801	0.001352	2.2
1031	-0.384610	115.062992	25.828234	0.003181	3.0
1032	-0.377781	114.427564	25.949421	0.001389	1.8
1033	-0.407943	115.304926	25.782390	0.005209	1.7
1034	-0.395624	114.543355	25.927253	0.002636	1.7
1035	-0.400329	115.449619	25.755050	0.001368	1.8
1036	-0.379251	116.385481	25.579609	0.004060	2.0
1037	-0.382799	115.779494	25.692936	0.004729	2.3
1038	-0.400178	114.993550	25.841423	0.006240	1.8
1039	-0.385399	115.956296	25.659768	0.002544	2.1
1040	-0.384323	116.331027	25.589751	0.003945	1.9
1041	-0.393009	116.862441	25.491111	0.002596	1.7
1042	-0.397154	116.074984	25.637551	0.004672	1.8
1043	-0.387171	115.311257	25.781193	0.003550	1.8
1044	-0.378521	114.523625	25.931027	0.001887	1.8
1045	-0.385400	113.742092	26.081433	0.003926	1.6
1046	-0.392231	114.712108	25.895013	0.003627	1.7
1047	-0.372739	115.711930	25.705634	0.004620	1.6
1048	-0.339755	116.699583	25.521260	0.004937	1.8
1049	-0.350241	117.699581	25.337256	0.003934	2.0
1050	-0.385976	118.606669	25.172629	0.007240	2.4
1051	-0.389324	117.828431	25.313740	0.001579	1.6
1052	-0.369817	118.762529	25.144557	0.002093	1.8
1053	-0.365383	118.257197	25.235800	0.001551	1.7
1054	-0.405851	119.107613	25.082626	0.003305	1.6
1055	-0.383851	120.032586	24.918119	0.002338	1.9
1056	-0.366683	120.454762	24.843751	0.002789	1.7
1057	-0.388287	121.429831	24.673671	0.004680	1.8
1058	-0.402603	122.429511	24.501700	0.003281	1.7
1059	-0.404752	123.427426	24.332406	0.003084	1.7
1060	-0.383872	122.641030	24.465620	0.009642	1.9
1061	-0.405994	121.853395	24.600513	0.007078	2.4
1062	-0.378410	122.852974	24.429574	0.001365	2.3
1063	-0.371660	122.093066	24.559309	0.002368	1.9
1064	-0.392542	121.758786	24.616816	0.000771	1.8
1065	-0.369892	121.255443	24.703918	0.002826	4.0
1066	-0.379322	121.642367	24.636908	0.003254	2.4
1067	-0.385898	121.201667	24.713260	0.005542	3.1
1068	-0.363187	122.201667	24.540684	0.002409	2.5
1069	-0.378837	121.464570	24.667655	0.000843	2.3
1070	-0.374558	121.932919	24.586826	0.003389	1.9
1071	-0.389856	122.004549	24.574511	0.007643	2.3
1072	-0.402647	121.217331	24.710538	0.002143	3.1
1073	-0.359467	120.429697	24.848153	0.002478	2.2
1074	-0.388740	119.704397	24.976240	0.001737	2.1
1075	-0.395417	120.578039	24.822118	0.003212	2.4
1076	-0.352593	119.812121	24.957133	0.004650	5.7
1077	-0.370565	119.053149	25.092380	0.005208	2.5
1078	-0.399675	118.265515	25.234293	0.002496	3.4
1079	-0.374462	119.263844	25.054688	0.004172	2.7
1080	-0.386797	119.623786	24.990558	0.004220	2.3
1081	-0.415292	120.623783	24.814101	0.002857	2.5
1082	-0.406611	119.836289	24.952850	0.001258	2.4
1083	-0.402258	119.261475	25.055111	0.001143	3.2
1084	-0.402627	118.867247	25.125731	0.002522	2.3
1085	-0.399409	119.565737	25.000878	0.002288	2.5
1086	-0.359243	120.212856	24.886309	0.005875	2.5
1087	-0.368860	121.208169	24.712130	0.002264	2.0
1088	-0.411770	122.207717	24.539647	0.003988	2.1
1089	-0.377646	123.205058	24.369928	0.004279	2.6
1090	-0.374289	122.417476	24.503756	0.002208	1.9
1091	-0.385103	121.630167	24.639015	0.004858	2.3
1092	-0.391733	120.842944	24.775761	0.000478	1.9
1093	-0.373028	121.517547	24.658485	0.002284	2.1
1094	-0.381198	121.428569	24.673890	0.003527	2.6
1095	-0.401907	120.728995	24.795680	0.000641	2.3
1096	-0.369756	120.486603	24.838160	0.002604	2.9
1097	-0.399204	120.833512	24.777408	0.002815	2.1
1098	-0.400229	121.824904	24.605421	0.005931	2.3
1099	-0.359207	122.824259	24.434451	0.003465	2.3
1100	-0.371352	123.824223	24.265739	0.003130	2.0
1101	-0.377950	123.037929	24.398204	0.001546	2.1
1102	-0.394199	123.879588	24.256466	0.004682	1.8
1103	-0.370396	123.094588	24.388611	0.003406	2.6
1104	-0.387176	122.306956	24.522653	0.002657	2.0
1105	-0.377479	123.057813	24.394837	0.003875	1.8
1106	-0.352972	122.271106	24.528790	0.003999	1.8
1107	-0.350672	123.245923	24.363023	0.003738	2.0
1108	-0.398894	124.245919	24.195288	0.003812	1.9
1109	-0.395985	123.528617	24.315370	0.003265	2.0
1110	-0.376250	122.864091	24.427686	0.004252	2.0
1111	-0.353166	122.079636	24.561614	0.007184	1.9
1112	-0.396901	121.292002	24.697571	0.003463	2.3
1113	-0.404867	120.504368	24.835041	0.003711	1.9
1114	-0.371107	121.035592	24.742156	0.004401	2.0
1115	-0.388463	122.035592	24.569177	0.006599	2.6
1116	-0.361764	121.248050	24.705202	0.005413	1.8
1117	-0.383760	120.633645	24.812373	0.004044	1.9
1118	-0.388723	119.846011	24.951128	0.001384	1.8
1119	-0.367857	119.099364	25.084103	0.002842	2.0
1120	-0.378063	119.863088	24.948103	0.002612	1.9
1121	-0.413774	119.100716	25.083861	0.004417	1.7
1122	-0.416907	118.313130	25.225668	0.004055	2.2
1123	-0.388558	117.525497	25.369097	0.004400	1.9
1124	-0.368018	118.524950	25.187372	0.004841	2.2
1125	-0.384304	117.737316	25.330365	0.004785	2.1
1126	-0.397249	116.949682	25.474990	0.001071	1.9
1127	-0.373597	116.342425	25.587627	0.001963	2.0
1128	-0.376656	116.408452	25.575332	0.003771	2.0
1129	-0.386052	116.773460	25.507575	0.001353	1.7
1130	-0.366359	116.052248	25.641804	0.003994	1.7
1131	-0.360406	116.744584	25.512922	0.005487	1.7
1132	-0.364029	115.956950	25.659646	0.002921	2.0
1133	-0.388764	116.954819	25.474042	0.003285	1.8
1134	-0.382280	117.951763	25.291272	0.004279	2.0
1135	-0.380536	117.292024	25.411927	0.000833	2.1
1136	-0.387122	117.537791	25.366846	0.003109	2.5
1137	-0.408568	117.090301	25.449049	0.004795	1.9
1138	-0.377908	117.173421	25.433740	0.002892	2.0
1139	-0.380672	117.330621	25.404837	0.005135	2.1
1140	-0.377072	116.547633	25.549453	0.003125	2.1
1141	-0.388177	117.547558	25.365058	0.002647	1.9
1142	-0.401624	116.793676	25.503832	0.005335	2.3
1143	-0.388616	117.790505	25.320657	0.002683	2.4
1144	-0.382877	118.779089	25.141578	0.000748	2.0
1145	-0.376262	119.466159	25.018601	0.003600	1.9
1146	-0.379217	120.083536	24.909121	0.002053	2.4
1147	-0.367864	121.040683	24.741269	0.000627	2.5
1148	-0.395534	120.997177	24.748850	0.001833	2.1
1149	-0.389157	121.253936	24.704180	0.003173	2.3
1150	-0.378183	120.471910	24.840739	0.003228	2.9
1151	-0.387728	119.686097	24.979489	0.003648	2.5
1152	-0.389739	119.029569	25.096605	0.003115	2.1
1153	-0.358818	119.579876	24.998363	0.002166	2.1
1154	-0.363379	120.042850	24.916306	0.001662	2.4
1155	-0.357141	119.730186	24.971663	0.001375	2.3
1156	-0.370607	119.305111	25.047319	0.003203	2.2
1157	-0.377227	120.265452	24.877044	0.003764	2.4
1158	-0.379320	119.513819	25.010115	0.005854	2.2
1159	-0.378743	118.726185	25.151097	0.002418	2.0
1160	-0.385872	118.495082	25.192765	0.002577	2.1
1161	-0.384436	119.288430	25.050297	0.003279	2.1
1162	-0.390205	120.240153	24.881500	0.004210	2.2
1163	-0.383614	119.913879	24.939111	0.002946	2.1
1164	-0.372779	120.112741	24.903965	0.002292	1.9
1165	-0.401364	119.563781	25.001226	0.000851	2.7
1166	-0.347691	119.502009	25.012218	0.003558	2.3
1167	-0.381150	119.294400	25.049231	0.000731	3.6
1168	-0.398989	119.749311	24.968270	0.001968	3.1
1169	-0.384836	119.783508	24.962205	0.003568	1.9
1170	-0.403125	119.051022	25.092761	0.006452	2.4
1171	-0.373173	118.269047	25.233653	0.002345	3.3
1172	-0.384720	119.269044	25.053759	0.001869	2.5
1173	-0.396478	119.956784	24.931520	0.003581	2.6
1174	-0.413225	120.948904	24.757266	0.005504	2.1
1175	-0.383731	121.948231	24.584192	0.001536	2.1
1176	-0.378301	122.025075	24.570984	0.003442	1.9
1177	-0.369342	121.259379	24.703235	0.006025	1.7
1178	-0.384452	122.259365	24.530800	0.001445	1.9
1179	-0.375117	121.774999	24.614021	0.004402	2.1
1180	-0.384443	122.741900	24.448451	0.001556	2.3
1181	-0.388440	123.139102	24.381079	0.003673	1.8
1182	-0.358872	122.364731	24.512771	0.003689	1.9
1183	-0.359148	121.577207	24.648167	0.005058	2.0
1184	-0.380453	120.789573	24.785086	0.003030	1.8
1185	-0.382308	121.769982	24.614886	0.003202	1.9
1186	-0.379709	121.484685	24.664172	0.002863	2.0
1187	-0.357119	120.697304	24.801226	0.000674	1.9
1188	-0.380422	121.257890	24.703493	0.000956	1.8
1189	-0.362960	121.017760	24.745263	0.002943	1.8
1190	-0.380534	120.387472	24.855574	0.003228	1.8
1191	-0.358134	121.027754	24.743522	0.002346	1.8
1192	-0.355353	120.241714	24.881225	0.003968	1.9
1193	-0.384212	121.225355	24.709144	0.004635	1.8
1194	-0.413095	120.437721	24.846744	0.003210	1.7
1195	-0.379704	119.650091	24.985884	0.005144	2.4
1196	-0.384972	120.648186	24.809826	0.001886	2.4
1197	-0.372495	121.100355	24.730880	0.003025	1.7
1198	-0.350846	120.367917	24.859013	0.004197	1.9
1199	-0.361586	119.580843	24.998191	0.000902	2.0
1200	-0.372358	119.554426	25.002890	0.002851	1.8
1201	-0.361450	120.384917	24.856024	0.002870	1.8
1202	-0.359929	121.346195	24.688168	0.004088	1.7
1203	-0.364613	120.976939	24.752378	0.002387	2.0
1204	-0.400281	120.257185	24.878500	0.003201	3.1
1205	-0.347875	119.492358	25.013936	0.002847	2.6
1206	-0.377667	120.488643	24.837801	0.005339	2.7
1207	-0.387799	119.977177	24.927913	0.003426	3.0
1208	-0.371298	119.189544	25.067967	0.002093	2.6
1209	-0.343168	118.532556	25.185999	0.005049	2.0
1210	-0.365770	117.745231	25.328920	0.005405	2.0
1211	-0.411544	118.744528	25.147796	0.002588	1.8
1212	-0.424035	117.960232	25.289731	0.001872	1.8
1213	-0.408844	118.912914	25.117530	0.004806	1.8
1214	-0.384800	118.643235	25.166037	0.002427	1.8
1215	-0.399657	119.643136	24.987119	0.002874	1.7
1216	-0.373604	119.995580	24.924660	0.003353	1.8
1217	-0.365881	120.995321	24.749173	0.001943	1.7
1218	-0.387847	120.321963	24.867096	0.001358	2.6
1219	-0.398316	119.749677	24.968205	0.002517	2.1
1220	-0.352004	120.307687	24.869608	0.002738	2.1
1221	-0.391261	119.545209	25.004529	0.006238	2.0
1222	-0.384449	120.545198	24.827877	0.004266	2.4
1223	-0.349776	119.757564	24.966806	0.005268	1.8
1224	-0.384099	119.840581	24.952090	0.002679	1.7
1225	-0.390131	119.069382	25.089472	0.005049	1.7
1226	-0.368027	120.068807	24.911721	0.001936	2.3
1227	-0.394224	120.956320	24.755973	0.004485	1.7
1228	-0.379058	120.178574	24.892352	0.005427	2.2
1229	-0.390556	119.390940	25.032006	0.002667	1.9
1230	-0.378893	118.617454	25.170684	0.003079	2.3
1231	-0.341421	119.612926	24.992488	0.002844	2.1
1232	-0.366633	120.610692	24.816395	0.005286	1.8
1233	-0.395861	121.576035	24.648370	0.006774	1.9
1234	-0.395530	120.788409	24.785290	0.003818	2.3
1235	-0.357765	121.087979	24.733034	0.004288	1.8
1236	-0.389782	120.301433	24.870709	0.001941	1.6
1237	-0.396096	119.584271	24.997582	0.003231	1.8
1238	-0.398591	118.894855	25.120772	0.003471	1.7
1239	-0.369285	119.843302	24.951608	0.003213	1.7
1240	-0.410924	119.056652	25.091752	0.004723	1.7
1241	-0.340672	118.269111	25.233641	0.004085	1.7
1242	-0.367400	117.481477	25.377162	0.003050	3.9
1243	-0.369504	116.719645	25.517542	0.001146	2.0
1244	-0.365254	116.180945	25.617748	0.002533	1.7
1245	-0.376575	116.612329	25.537442	0.003175	1.7
1246	-0.377117	117.039571	25.458402	0.004443	1.9
1247	-0.371286	118.038192	25.275550	0.001585	1.7
1248	-0.387557	118.921424	25.116002	0.001897	1.7
1249	-0.393005	118.540847	25.184502	0.004343	1.8
1250	-0.384556	119.539239	25.005592	0.003747	2.3
1251	-0.377203	120.539163	24.828936	0.003057	1.8
1252	-0.354257	121.022415	24.744452	0.002493	1.8
1253	-0.402634	120.258469	24.878273	0.003634	1.7
1254	-0.371831	119.475066	25.017015	0.003070	1.8
1255	-0.403579	118.779908	25.141430	0.003911	1.7
1256	-0.379179	119.154665	25.074205	0.006609	1.8
1257	-0.357113	120.154661	24.896569	0.001833	1.9
1258	-0.395612	121.154063	24.721536	0.003626	2.3
1259	-0.331703	120.370133	24.858623	0.002819	3.0
1260	-0.374516	120.401422	24.853122	0.003465	1.8
1261	-0.359910	121.397136	24.679336	0.004854	1.8
1262	-0.361157	122.326035	24.519389	0.005207	1.9
1263	-0.412113	123.311093	24.352021	0.006351	1.9
1264	-0.412648	122.523460	24.485661	0.001697	1.8
1265	-0.392320	123.381411	24.340161	0.005029	1.8
1266	-0.351714	124.363720	24.175680	0.002387	1.8
1267	-0.379962	125.362092	24.010772	0.002496	2.4
1268	-0.380993	124.600006	24.136447	0.000490	1.8
1269	-0.387189	124.462491	24.159265	0.002438	1.9
1270	-0.371842	124.925235	24.082653	0.005658	1.9
1271	-0.347626	124.137632	24.213340	0.003383	1.7
1272	-0.381827	123.350067	24.345446	0.004574	1.8
1273	-0.356148	122.581787	24.475714	0.002096	1.9
1274	-0.348301	123.581564	24.306466	0.001516	1.9
1275	-0.386652	122.917832	24.418564	0.007552	1.7
1276	-0.364728	122.135504	24.552027	0.006540	1.8
1277	-0.396532	123.135504	24.381688	0.001142	1.9
1278	-0.376402	123.083006	24.390571	0.002892	1.6
1279	-0.366607	122.392699	24.507990	0.003191	1.8
1280	-0.351004	121.998915	24.575479	0.001511	1.8
1281	-0.380758	121.817442	24.606706	0.003444	1.8
1282	-0.379161	122.769563	24.443747	0.004919	2.0
1283	-0.409130	123.769558	24.274902	0.005104	1.8
1284	-0.375087	124.769422	24.108395	0.001694	1.9
1285	-0.368720	125.741092	23.948757	0.002252	1.9
1286	-0.436184	125.362527	24.010701	0.003844	1.6
1287	-0.394550	126.340503	23.851329	0.003963	1.9
1288	-0.354005	127.337338	23.691047	0.002470	2.0
1289	-0.405595	128.295014	23.539077	0.001984	2.0
1290	-0.397403	129.142744	23.406171	0.003890	2.1
1291	-0.373149	128.850366	23.451840	0.002028	1.9
1292	-0.438384	128.549445	23.499030	0.003216	1.7
1293	-0.386660	128.044772	23.578598	0.002810	2.0
1294	-0.401815	127.290697	23.698498	0.004140	1.9
1295	-0.410720	128.290611	23.539771	0.002747	1.7
1296	-0.380684	127.503041	23.664612	0.001900	1.8
1297	-0.373675	128.472213	23.511171	0.003235	2.0
1298	-0.390204	128.917122	23.441397	0.001775	1.9
1299	-0.379783	129.892802	23.289824	0.004993	1.8
1300	-0.379211	130.838695	23.144738	0.005504	1.8
1301	-0.350561	130.051099	23.265417	0.004612	1.7
1302	-0.379127	129.263465	23.387367	0.003880	1.7
1303	-0.373853	130.117310	23.255223	0.005722	2.0
1304	-0.383953	131.117310	23.102347	0.004963	2.0
1305	-0.385705	132.117310	22.951467	0.005890	2.0
1306	-0.391937	133.117175	22.802565	0.006150	1.6
1307	-0.376563	132.329541	22.919698	0.002760	1.7
1308	-0.395818	133.148156	22.797982	0.003073	1.9
1309	-0.380838	132.361151	22.914974	0.006641	2.0
1310	-0.365301	133.360401	22.766634	0.003633	2.1
1311	-0.380208	134.358592	22.620357	0.005158	2.0
1312	-0.343996	135.358423	22.475712	0.002422	2.0
1313	-0.366102	134.570935	22.589482	0.002035	1.9
1314	-0.407082	135.297884	22.484417	0.005075	1.9
1315	-0.366258	134.510611	22.598245	0.004300	1.9
1316	-0.367365	133.722977	22.713283	0.003942	1.9
1317	-0.377985	134.722921	22.567435	0.003419	2.0
1318	-0.374235	135.722828	22.423452	0.001524	2.4
1319	-0.394242	135.497305	22.455766	0.005264	2.1
1320	-0.360180	136.476652	22.316113	0.003426	2.0
1321	-0.399339	135.689080	22.428282	0.003383	2.6
1322	-0.365921	136.688895	22.286077	0.006380	1.7
1323	-0.370430	135.901261	22.397951	0.002208	1.9
1324	-0.363389	136.875004	22.259805	0.003660	1.9
1325	-0.400310	136.445493	22.320530	0.002976	1.7
1326	-0.380144	135.658992	22.432589	0.004025	2.1
1327	-0.387545	136.649840	22.291598	0.005889	1.7
1328	-0.378524	135.918782	22.395451	0.006125	2.1
1329	-0.381059	136.918782	22.253634	0.005081	2.1
1330	-0.384981	137.917529	22.113777	0.003081	1.7
1331	-0.382559	138.916380	21.975653	0.001329	1.7
1332	-0.370858	139.833100	21.850395	0.002566	1.6
1333	-0.380394	140.716318	21.731059	0.004181	1.9
1334	-0.384422	139.929532	21.837302	0.006215	1.7
1335	-0.392753	140.929532	21.702445	0.003162	2.4
1336	-0.401985	140.141899	21.808523	0.001229	1.7
1337	-0.378150	140.571289	21.750565	0.005036	1.7
1338	-0.402406	139.793685	21.855752	0.002033	1.7
1339	-0.385332	139.163551	21.941739	0.006655	1.6
1340	-0.370530	140.154258	21.806851	0.005210	1.6
1341	-0.381344	139.366624	21.913954	0.001301	1.5
1342	-0.409057	138.582691	22.021604	0.002079	1.7
1343	-0.399430	139.307238	21.922072	0.004267	1.6
1344	-0.376349	140.285421	21.789116	0.001232	1.7
1345	-0.353454	140.297496	21.787485	0.005167	1.8
1346	-0.357658	139.676935	21.871632	0.003339	1.7
1347	-0.398702	140.676918	21.736355	0.007242	1.6
1348	-0.400176	139.899715	21.841349	0.002803	1.5
1349	-0.384586	139.541300	21.890111	0.003808	1.7
1350	-0.400644	140.125537	21.810738	0.004243	1.7
1351	-0.444012	139.364774	21.914207	0.004836	1.7
1352	-0.379850	138.579102	22.022099	0.001950	1.7
1353	-0.351632	139.565254	21.886845	0.005049	1.8
1354	-0.395589	139.284936	21.925122	0.005561	1.7
1355	-0.383038	138.497302	22.033394	0.004675	1.6
1356	-0.386537	137.709668	22.142739	0.004201	1.7
1357	-0.363058	138.603207	22.018773	0.001840	1.5
1358	-0.384768	139.473451	21.899366	0.002340	1.6
1359	-0.369678	138.796597	21.992125	0.003494	1.6
1360	-0.349159	139.790848	21.856137	0.002674	1.7
1361	-0.369464	140.408938	21.772442	0.003916	1.7
1362	-0.391825	141.400890	21.639455	0.005297	1.7
1363	-0.403514	141.265205	21.657550	0.006712	2.1
1364	-0.376617	142.212397	21.531862	0.001316	2.0
1365	-0.383555	143.194689	21.403048	0.001213	1.8
1366	-0.387253	143.803613	21.323967	0.005019	1.7
1367	-0.380962	144.638245	21.216518	0.002876	1.8
1368	-0.382914	145.599079	21.094155	0.005608	1.9
1369	-0.378303	144.811897	21.194298	0.002175	1.8
1370	-0.401892	144.424525	21.243929	0.002415	1.8
1371	-0.394720	145.348643	21.125912	0.001141	1.7
1372	-0.356922	145.429784	21.115612	0.006676	1.9
1373	-0.417722	144.704546	21.208029	0.001781	1.7
1374	-0.369967	143.917047	21.309300	0.006901	1.7
1375	-0.374818	144.896272	21.183519	0.005135	1.6
1376	-0.402489	144.108717	21.284563	0.004692	1.6
1377	-0.388160	144.613778	21.219653	0.003087	1.6
1378	-0.386065	145.613692	21.092305	0.003217	1.7
1379	-0.373962	144.828233	21.192210	0.002511	1.6
1380	-0.372808	145.824919	21.065599	0.001334	1.7
1381	-0.377463	145.247893	21.138715	0.005138	1.7
1382	-0.369332	146.244576	21.012740	0.002662	1.8
1383	-0.395847	147.211905	20.891903	0.003276	1.7
1384	-0.399665	146.429865	20.989486	0.003574	1.7
1385	-0.390007	145.642263	21.088689	0.002386	1.5
1386	-0.383486	144.874635	21.186282	0.002767	1.6
1387	-0.393123	145.033048	21.166068	0.002549	1.5
1388	-0.372944	144.247539	21.266682	0.002862	1.5
1389	-0.386301	145.148700	21.151335	0.002598	1.7
1390	-0.355365	144.374966	21.250295	0.003141	1.6
1391	-0.347756	145.364396	21.123912	0.004502	1.6
1392	-0.399036	144.577190	21.224341	0.000803	1.6
1393	-0.365949	144.051091	21.291994	0.002256	1.3
1394	-0.401819	143.735097	21.332836	0.003072	1.4
1395	-0.354560	142.949066	21.435113	0.003819	1.8
1396	-0.410064	142.188734	21.534984	0.004422	1.5
1397	-0.359415	143.188335	21.403876	0.004209	1.4
1398	-0.358864	142.771983	21.458291	0.002347	1.3
1399	-0.400527	142.272380	21.523952	0.006984	1.9
1400	-0.355968	143.272374	21.392926	0.001587	1.7
1401	-0.388620	142.905925	21.440755	0.000946	2.0
1402	-0.370797	142.566450	21.485255	0.001999	1.8
1403	-0.381744	142.325085	21.517006	0.003132	1.7
1404	-0.375467	143.312343	21.387723	0.003413	1.6
1405	-0.413869	142.525303	21.490661	0.003185	1.7
1406	-0.377567	142.004362	21.559342	0.001863	1.7
1407	-0.381054	142.986441	21.430228	0.002994	1.9
1408	-0.378810	142.881649	21.443931	0.004266	1.7
1409	-0.406922	143.753211	21.330491	0.002302	1.7
1410	-0.390268	143.089727	21.416739	0.003183	1.7
1411	-0.368381	144.068619	21.289733	0.001015	1.9
1412	-0.389632	143.338624	21.384302	0.004284	1.7
1413	-0.363832	144.230210	21.268912	0.002078	1.6
1414	-0.380476	145.228992	21.141118	0.003303	1.7
1415	-0.395310	144.840990	21.190580	0.001782	1.4
1416	-0.404422	144.058460	21.291043	0.002580	1.7
1417	-0.370298	143.294459	21.390051	0.002353	2.0
1418	-0.390535	143.629615	21.346504	0.002595	2.1
1419	-0.383520	142.849521	21.448136	0.002975	2.0
1420	-0.375238	142.098425	21.546908	0.007402	1.9
1421	-0.394051	142.958797	21.433841	0.003070	1.6
1422	-0.355031	142.171163	21.537303	0.002027	1.8
1423	-0.385082	143.025320	21.425148	0.003514	1.8
1424	-0.349871	144.017035	21.296388	0.006324	2.4
1425	-0.400831	143.229402	21.398524	0.002993	1.7
1426	-0.405861	142.441769	21.501645	0.001717	1.6
1427	-0.375698	143.268602	21.393418	0.001599	1.5
1428	-0.367122	143.589458	21.351713	0.001710	1.5
1429	-0.370490	144.214744	21.270903	0.001856	1.9
1430	-0.385558	143.606949	21.349444	0.004829	1.4
1431	-0.394004	143.926826	21.308036	0.002641	1.3
1432	-0.385942	144.915023	21.181125	0.004413	1.4
1433	-0.387647	145.914955	21.054236	0.003633	1.6
1434	-0.385723	145.127321	21.154057	0.001260	1.7
1435	-0.368407	145.594943	21.094679	0.001731	1.7
1436	-0.360100	145.678469	21.084108	0.002024	1.7
1437	-0.381917	145.397557	21.119702	0.002978	1.6
1438	-0.382189	144.615900	21.219381	0.003876	1.5
1439	-0.381860	144.063878	21.290344	0.003242	1.8
1440	-0.364424	144.778103	21.198619	0.003948	1.6
1441	-0.393374	145.743514	21.075883	0.005570	1.4
1442	-0.376600	144.955880	21.175910	0.007524	1.5
1443	-0.378416	145.955880	21.049075	0.002825	1.7
1444	-0.382817	145.258755	21.137334	0.005360	1.6
1445	-0.387133	146.258747	21.010960	0.004542	1.7
1446	-0.393217	147.258707	20.886092	0.002296	1.5
1447	-0.392560	148.028931	20.790919	0.005973	1.6
1448	-0.398647	147.690795	20.832594	0.002586	1.7
1449	-0.337428	146.910704	20.929379	0.002331	1.8
1450	-0.386906	147.823927	20.816166	0.004816	1.7
1451	-0.376053	148.459529	20.738089	0.002601	1.4
1452	-0.386331	148.158373	20.775010	0.001881	1.6
1453	-0.353369	147.445618	20.862916	0.003298	1.7
1454	-0.375869	148.164879	20.774211	0.005921	1.7
1455	-0.397437	147.378867	20.871187	0.004764	1.6
1456	-0.374172	148.378866	20.747965	0.004184	1.5
1457	-0.389530	147.592676	20.844718	0.002466	1.6
1458	-0.403160	147.639175	20.838971	0.002287	1.7
1459	-0.390751	146.860686	20.935616	0.003269	1.9
1460	-0.390863	146.200171	21.018321	0.002821	1.5
1461	-0.380605	147.067038	20.909911	0.006201	1.4
1462	-0.360197	148.067012	20.786236	0.001955	1.9
1463	-0.360819	147.429858	20.864868	0.002358	1.8
1464	-0.363033	148.395100	20.745977	0.001484	1.8
1465	-0.368200	148.841841	20.691408	0.002785	1.7
1466	-0.400199	148.939405	20.679529	0.002216	1.7
1467	-0.365481	149.842299	20.570238	0.002929	1.8
1468	-0.358370	150.643240	20.474251	0.003839	1.9
1469	-0.391104	151.643066	20.355679	0.004012	1.5
1470	-0.420664	152.165868	20.294223	0.003910	1.6
1471	-0.364521	151.408033	20.383429	0.003873	1.5
1472	-0.391499	152.407735	20.265917	0.005022	1.4
1473	-0.377930	151.620101	20.358387	0.005600	1.6
1474	-0.377815	150.832467	20.451704	0.002443	1.5
1475	-0.387391	150.547955	20.485624	0.003164	1.4
1476	-0.421553	149.764658	20.579591	0.003987	1.6
1477	-0.388933	150.764580	20.459788	0.001660	1.7
1478	-0.379117	151.462520	20.376989	0.004450	1.8
1479	-0.399258	150.682260	20.469598	0.004184	1.6
1480	-0.378255	151.682253	20.351060	0.001149	1.6
1481	-0.382949	152.660455	20.236425	0.004315	1.5
1482	-0.386324	151.892684	20.326290	0.002674	1.5
1483	-0.376734	151.125728	20.416860	0.001718	1.6
1484	-0.389443	150.406591	20.502519	0.004715	1.6
1485	-0.385565	149.621350	20.596876	0.003714	1.4
1486	-0.357064	150.396919	20.503676	0.001662	1.6
1487	-0.390418	151.101573	20.419725	0.002864	1.7
1488	-0.365106	151.368971	20.388048	0.002721	1.8
1489	-0.375354	152.364857	20.270930	0.005891	1.8
1490	-0.375067	153.364218	20.154748	0.004338	1.6
1491	-0.383643	152.594465	20.244118	0.003731	1.4
1492	-0.377594	151.880807	20.327686	0.004134	1.6
1493	-0.392549	151.093174	20.420722	0.003172	1.6
1494	-0.401341	152.088198	20.303330	0.005083	1.6
1495	-0.380315	151.746099	20.343538	0.001426	1.5
1496	-0.395265	150.959637	20.436580	0.003615	1.8
1497	-0.379573	151.929905	20.321915	0.002122	1.6
1498	-0.355198	151.164230	20.412294	0.003439	2.5
1499	-0.364309	150.378841	20.505838	0.001187	2.0
1500	-0.396931	150.277094	20.518020	0.004888	2.0
1501	-0.403568	149.494485	20.612202	0.004948	1.5
1502	-0.387230	148.706851	20.707867	0.003929	1.5
1503	-0.373258	147.919220	20.804423	0.004859	1.4
1504	-0.381300	147.131586	20.901883	0.002878	1.7
1505	-0.393446	147.190789	20.894526	0.002526	1.7
1506	-0.383682	148.181484	20.772172	0.002004	1.7
1507	-0.377724	149.163473	20.652298	0.002128	1.7
1508	-0.353994	148.464689	20.737458	0.002965	1.5
1509	-0.366006	147.709740	20.830254	0.002014	1.4
1510	-0.400104	148.569264	20.724669	0.005620	1.5
1511	-0.350766	149.567341	20.603398	0.002470	1.6
1512	-0.363995	150.566503	20.483409	0.002806	1.5
1513	-0.391131	150.269304	20.518953	0.002128	1.6
1514	-0.414351	150.201403	20.527091	0.007374	1.6
1515	-0.390244	151.201384	20.407889	0.001113	1.6
1516	-0.376846	150.439227	20.498616	0.000592	1.6
1517	-0.387391	150.646472	20.473866	0.001916	1.9
1518	-0.368142	150.378648	20.505862	0.006006	1.7
1519	-0.364472	151.376608	20.387145	0.002609	1.5
1520	-0.400094	150.827086	20.452345	0.004768	1.5
1521	-0.372077	151.688859	20.350281	0.002467	1.5
1522	-0.372384	152.672212	20.235055	0.003370	1.5
1523	-0.369640	151.924316	20.322572	0.002194	1.6
1524	-0.369499	151.844561	20.331949	0.004271	1.5
1525	-0.388753	151.674987	20.351916	0.005826	1.7
1526	-0.370028	150.887355	20.445174	0.003755	1.9
1527	-0.381328	150.099721	20.539290	0.002052	2.1
1528	-0.362320	150.949873	20.437740	0.003937	1.6
1529	-0.371245	150.169225	20.530950	0.001484	1.7
1530	-0.363659	149.623792	20.596581	0.006381	1.7
1531	-0.362449	150.623364	20.476622	0.003337	1.7
1532	-0.410136	151.623364	20.358002	0.000790	1.7
1533	-0.387333	152.003828	20.313232	0.005956	1.8
1534	-0.397923	152.768734	20.223816	0.005798	1.7
1535	-0.413072	151.981291	20.315878	0.003641	1.8
1536	-0.399173	152.962109	20.201335	0.001823	1.8
1537	-0.364343	153.035483	20.192818	0.004637	1.6
1538	-0.361191	153.963460	20.085719	0.003763	1.5
1539	-0.374734	154.274080	20.050123	0.006916	1.7
1540	-0.390142	153.804450	20.103989	0.004865	1.7
1541	-0.387376	153.016816	20.194984	0.005199	1.4
1542	-0.368694	154.016816	20.079595	0.004022	1.6
1543	-0.396790	155.016813	19.965518	0.003097	1.4
1544	-0.393179	155.982860	19.856538	0.003565	1.8
1545	-0.375570	155.198613	19.944918	0.003953	1.4
1546	-0.372543	154.411062	20.034465	0.000591	1.8
1547	-0.390962	154.782891	19.992087	0.003903	1.6
1548	-0.412408	155.540692	19.906271	0.001605	1.5
1549	-0.349781	156.235555	19.828227	0.002477	1.4
1550	-0.403693	156.410522	19.808672	0.002272	1.5
1551	-0.394555	155.882621	19.867790	0.005328	1.5
1552	-0.374916	155.197883	19.945000	0.002314	1.7
1553	-0.375904	154.410315	20.034551	0.004319	1.5
1554	-0.404507	155.072641	19.959187	0.002173	1.4
1555	-0.391327	155.932756	19.862161	0.002688	1.5
1556	-0.357651	155.236288	19.940654	0.006390	1.5
1557	-0.386200	154.448656	20.030172	0.002110	1.6
1558	-0.368625	155.433141	19.918405	0.003306	1.6
1559	-0.384732	154.662629	20.005774	0.004357	1.6
1560	-0.355884	154.334297	20.043237	0.004916	1.6
1561	-0.371936	153.546663	20.133681	0.006176	1.6
1562	-0.367204	152.759029	20.224945	0.001672	1.5
1563	-0.362689	152.250067	20.284361	0.003713	1.7
1564	-0.399428	151.565461	20.364833	0.002616	1.6
1565	-0.386535	152.561252	20.247992	0.004922	1.6
1566	-0.395931	151.774035	20.340249	0.005979	1.6
1567	-0.372660	152.774035	20.223199	0.004964	1.7
1568	-0.336093	153.774035	20.107488	0.001228	1.6
1569	-0.364464	153.035681	20.192795	0.005098	1.5
1570	-0.380342	153.973195	20.084601	0.002958	1.4
1571	-0.432323	153.209033	20.172701	0.005483	1.7
1572	-0.390541	152.737221	20.227484	0.001570	1.5
1573	-0.387651	151.954349	20.319043	0.005320	1.6
1574	-0.372263	152.690401	20.232936	0.004576	1.6
1575	-0.346002	151.902767	20.325105	0.004894	1.7
1576	-0.388808	152.894472	20.209192	0.003194	1.8
1577	-0.350041	152.106856	20.301142	0.003218	1.7
1578	-0.403264	153.078429	20.187836	0.003822	1.7
1579	-0.353026	153.981689	20.083626	0.002856	1.8
1580	-0.375741	153.199826	20.173768	0.003920	1.6
1581	-0.367356	154.199762	20.058628	0.000448	1.4
1582	-0.351171	154.009173	20.080472	0.003946	1.5
1583	-0.369390	153.927647	20.089831	0.003581	1.7
1584	-0.368363	154.927424	19.975662	0.002513	1.6
1585	-0.370896	154.145120	20.064886	0.004544	1.5
1586	-0.393074	155.051047	19.961635	0.001614	1.9
1587	-0.374734	154.273582	20.050180	0.004719	1.8
1588	-0.371292	153.536839	20.134814	0.002914	1.6
1589	-0.400531	152.749223	20.226087	0.004661	1.9
1590	-0.381982	153.748788	20.110393	0.002365	1.7
1591	-0.370596	154.748720	19.995974	0.004978	2.0
1592	-0.398877	153.972706	20.084657	0.001522	1.5
1593	-0.388918	153.326591	20.159098	0.002874	1.5
1594	-0.370005	152.787805	20.221596	0.005937	1.8
1595	-0.381003	152.000174	20.313661	0.002547	1.5
1596	-0.380544	151.212568	20.406564	0.005333	1.6
1597	-0.382594	152.212535	20.288756	0.003880	1.7
1598	-0.398662	153.212525	20.172297	0.004330	1.5
1599	-0.369078	154.211967	20.057231	0.004228	1.7
1600	-0.402551	155.197662	19.945025	0.003739	1.8
1601	-0.353298	155.594772	19.900175	0.004037	1.8
1602	-0.381826	154.807848	19.989249	0.003405	1.7
1603	-0.394453	155.786497	19.878593	0.002955	1.7
1604	-0.372117	156.750654	19.770767	0.003804	1.6
1605	-0.360809	155.963252	19.858738	0.003268	1.7
1606	-0.403449	156.963234	19.747151	0.001358	1.7
1607	-0.368229	156.365860	19.813660	0.002575	1.6
1608	-0.394323	155.633696	19.895789	0.003181	1.6
1609	-0.390454	155.461696	19.915182	0.002095	1.6
1610	-0.391474	154.677013	20.004136	0.003489	1.7
1611	-0.371119	154.809199	19.989095	0.002324	1.8
1612	-0.391764	154.069603	20.073541	0.002502	1.8
1613	-0.389508	153.296167	20.162617	0.004705	1.7
1614	-0.366805	152.508651	20.254130	0.002885	1.5
1615	-0.384891	151.721864	20.346392	0.006283	1.7
1616	-0.400621	150.934252	20.439597	0.003977	1.6
1617	-0.387634	150.146643	20.533659	0.004524	1.7
1618	-0.388558	149.359033	20.628591	0.005228	1.8
1619	-0.395231	148.571413	20.724406	0.003310	1.6
1620	-0.391777	148.061969	20.786856	0.002754	1.5
1621	-0.398958	147.510085	20.854935	0.006008	1.6
1622	-0.358800	146.722453	20.952870	0.001387	1.4
1623	-0.354819	146.567645	20.972228	0.001714	1.5
1624	-0.380781	145.948284	21.050033	0.004789	1.6
1625	-0.397958	146.915756	20.928750	0.003396	1.6
1626	-0.396359	146.128321	21.027357	0.002521	1.7
1627	-0.388318	145.341431	21.126828	0.002471	1.7
1628	-0.375046	144.605225	21.220749	0.003028	1.7
1629	-0.394734	143.851873	21.317725	0.003598	1.4
1630	-0.371294	143.686868	21.339083	0.002415	1.5
1631	-0.400009	144.664706	21.213129	0.003968	1.6
1632	-0.393539	145.614226	21.092237	0.000703	1.5
1633	-0.361915	145.551734	21.100151	0.002968	1.5
1634	-0.412095	145.046037	21.164413	0.003185	1.7
1635	-0.378564	144.261293	21.264912	0.005369	1.9
1636	-0.401551	145.261229	21.137019	0.004726	1.6
1637	-0.399251	144.474015	21.237575	0.003224	1.6
1638	-0.372544	143.687157	21.339046	0.004415	1.8
1639	-0.399427	144.687154	21.210255	0.002851	1.5
1640	-0.366739	143.899569	21.311559	0.005423	1.5
1641	-0.364386	143.111947	21.413839	0.005112	1.6
1642	-0.414351	142.324313	21.517108	0.002601	1.6
1643	-0.379891	141.536743	21.621369	0.002743	1.7
1644	-0.376613	140.753732	21.726032	0.002989	1.7
1645	-0.384204	140.864297	21.711192	0.003499	2.2
1646	-0.372427	140.076800	21.817337	0.002247	1.7
1647	-0.412537	141.026244	21.689491	0.005323	1.6
1648	-0.368012	142.023014	21.556876	0.004573	1.4
1649	-0.370317	141.235504	21.661515	0.005316	1.4
1650	-0.388225	140.447870	21.767192	0.004148	1.7
1651	-0.367528	139.660675	21.873846	0.002054	1.7
1652	-0.393626	139.176111	21.940018	0.002215	1.7
1653	-0.392782	138.532773	22.028495	0.006007	1.7
1654	-0.376685	138.974590	21.967656	0.002520	1.9
1655	-0.408442	138.187694	22.076247	0.002741	1.8
1656	-0.373128	137.410316	22.184583	0.004224	1.7
1657	-0.393854	136.852676	22.262954	0.003059	1.6
1658	-0.363760	136.067557	22.374238	0.004445	1.7
1659	-0.366368	137.066675	22.232813	0.003807	1.7
1660	-0.381854	136.279041	22.344152	0.003968	1.6
1661	-0.403588	137.274755	22.203584	0.003530	1.7
1662	-0.377818	138.253902	22.067069	0.005838	1.6
1663	-0.419283	139.253902	21.929368	0.004358	1.8
1664	-0.404653	138.466268	22.037682	0.004960	1.9
1665	-0.376716	137.678656	22.147067	0.003286	1.5
1666	-0.368161	138.677982	22.008462	0.002447	1.8
1667	-0.389013	138.407906	22.045750	0.002763	1.8
1668	-0.416778	138.133521	22.083762	0.000891	1.5
1669	-0.373270	138.931493	21.973576	0.001995	1.6
1670	-0.399496	139.603871	21.881582	0.004487	1.7
1671	-0.390023	140.169376	21.804805	0.004558	1.6
1672	-0.417544	139.407412	21.908382	0.001855	1.8
1673	-0.372474	140.399487	21.773717	0.001924	1.7
1674	-0.392028	140.076456	21.817384	0.002046	1.6
1675	-0.352770	139.367211	21.913874	0.003421	1.6
1676	-0.383760	140.210859	21.799194	0.002213	1.7
1677	-0.376192	140.823273	21.716696	0.005600	1.6
1678	-0.372202	140.035847	21.822885	0.002918	1.6
1679	-0.371256	139.248215	21.930146	0.003248	1.7
1680	-0.370263	138.466052	22.037711	0.002686	1.7
1681	-0.376650	139.314804	21.921038	0.002767	1.8
1682	-0.370527	138.537343	22.027864	0.004131	1.8
1683	-0.360293	137.763490	22.135233	0.001703	2.0
1684	-0.371125	136.978547	22.245216	0.002655	1.5
1685	-0.395240	136.264232	22.346256	0.004208	1.6
1686	-0.379757	136.234885	22.350427	0.004467	1.8
1687	-0.387740	137.170722	22.218188	0.002292	1.6
1688	-0.376689	138.170602	22.078617	0.002813	1.7
1689	-0.379338	139.165909	21.941416	0.001506	1.5
1690	-0.384371	139.648924	21.875446	0.004036	1.7
1691	-0.365079	138.900836	21.977789	0.002914	1.8
1692	-0.365679	138.530008	22.028876	0.005621	2.1
1693	-0.389088	139.524612	21.892386	0.008095	1.5
1694	-0.379680	140.524612	21.756850	0.002933	1.6
1695	-0.391662	139.772666	21.858609	0.005331	1.5
1696	-0.420456	140.771834	21.723601	0.006279	1.4
1697	-0.401449	139.984200	21.829887	0.002946	1.5
1698	-0.367555	139.231433	21.932443	0.001817	1.9
1699	-0.369782	139.603045	21.881695	0.005868	3.1
1700	-0.378330	140.602527	21.746361	0.003778	4.7
1701	-0.363256	139.814909	21.852867	0.001903	1.7
1702	-0.355726	139.183115	21.939059	0.002813	1.8
1703	-0.389575	140.081817	21.816657	0.001942	1.9
1704	-0.381358	141.019153	21.690441	0.005509	1.5
1705	-0.399203	140.231695	21.796377	0.002939	1.6
1706	-0.389111	139.635591	21.877261	0.006285	1.6
1707	-0.370949	138.940998	21.972270	0.001796	1.7
1708	-0.350881	138.203625	22.074038	0.002957	1.5
1709	-0.406842	138.914052	21.975973	0.001779	1.5
1710	-0.391473	139.832429	21.850486	0.002270	1.8
1711	-0.393298	139.708781	21.867298	0.003087	1.6
1712	-0.398934	140.660343	21.738583	0.006367	1.6
1713	-0.383545	139.873967	21.844845	0.003152	1.6
1714	-0.399441	139.097537	21.950786	0.004616	1.8
1715	-0.385536	138.309911	22.059311	0.004997	1.8
1716	-0.374810	137.527298	22.168212	0.002442	1.7
1717	-0.385639	137.164306	22.219089	0.004202	1.6
1718	-0.365763	138.036032	22.097299	0.004128	1.9
1719	-0.356663	139.033479	21.959573	0.004250	1.7
1720	-0.397881	138.246021	22.068161	0.002020	1.7
1721	-0.431629	138.998191	21.964416	0.004131	1.8
1722	-0.391676	138.560378	22.024683	0.002346	1.7
1723	-0.384152	139.558428	21.887775	0.003523	1.6
1724	-0.392001	138.794699	21.992387	0.003295	1.6
1725	-0.384542	139.326575	21.919428	0.001964	1.6
1726	-0.394431	140.322215	21.784147	0.005606	1.7
1727	-0.372493	141.319140	21.650354	0.003891	1.6
1728	-0.394482	140.606765	21.745790	0.002605	1.9
1729	-0.368452	140.092824	21.815167	0.005619	1.6
1730	-0.388626	141.092821	21.680583	0.004313	1.7
1731	-0.379220	140.305187	21.786447	0.001568	1.9
1732	-0.370694	139.538356	21.890512	0.004472	1.8
1733	-0.407834	138.978887	21.967066	0.001456	1.7
1734	-0.344094	138.193654	22.075420	0.003427	1.6
1735	-0.386492	139.124163	21.947136	0.003729	1.7
1736	-0.369498	138.757199	21.997549	0.001904	1.5
1737	-0.374690	138.133949	22.083703	0.005510	1.8
1738	-0.377859	139.133756	21.945822	0.002032	1.6
1739	-0.374978	138.349946	22.053769	0.002179	1.6
1740	-0.361528	139.244396	21.930669	0.001817	1.5
1741	-0.376187	138.613944	22.017292	0.002279	1.7
1742	-0.403243	138.306849	22.059735	0.002557	1.5
1743	-0.356804	137.556341	22.164152	0.002728	1.6
1744	-0.373713	138.398634	22.047032	0.003153	1.7
1745	-0.388855	139.059154	21.956050	0.004187	1.8
1746	-0.391869	140.059012	21.819747	0.003328	1.6
1747	-0.341439	141.010157	21.691645	0.001621	2.1
1748	-0.385794	140.595908	21.747251	0.002002	1.5
1749	-0.370837	140.105156	21.813497	0.007076	1.9
1750	-0.371578	141.101046	21.679483	0.004728	2.0
1751	-0.391269	142.101046	21.546562	0.002009	1.8
1752	-0.350515	141.323729	21.649742	0.004454	1.9
1753	-0.368588	140.536498	21.755250	0.005054	2.1
1754	-0.421713	141.536497	21.621401	0.003247	2.4
1755	-0.367787	140.748883	21.726684	0.002114	2.3
1756	-0.351901	141.672018	21.603389	0.002512	1.8
1757	-0.341493	142.645478	21.474879	0.003057	1.7
1758	-0.380248	143.644156	21.344619	0.004460	1.4
1759	-0.370942	144.634053	21.217055	0.002939	1.7
1760	-0.369113	145.622076	21.091244	0.005292	1.6
1761	-0.377893	144.834453	21.191416	0.004603	1.5
1762	-0.378755	144.046821	21.292545	0.005981	1.7
1763	-0.393299	145.046821	21.164313	0.003678	1.8
1764	-0.373860	146.046750	21.037625	0.001978	2.1
1765	-0.391359	145.589084	21.095421	0.002320	2.0
1766	-0.389765	145.660065	21.086436	0.003553	1.7
1767	-0.389064	146.636951	20.963557	0.004419	1.5
1768	-0.393952	147.595233	20.844402	0.002406	1.6
1769	-0.390957	147.162742	20.898011	0.001758	1.4
1770	-0.391296	147.522610	20.853385	0.002632	1.5
1771	-0.374807	146.760366	20.948135	0.003343	1.6
1772	-0.371915	146.409749	20.992008	0.005348	1.7
1773	-0.401421	147.409735	20.867362	0.002353	2.0
1774	-0.381979	146.623431	20.965248	0.002314	2.5
1775	-0.365099	146.740160	20.950659	0.005201	1.7
1776	-0.380618	147.738693	20.826680	0.004727	1.7
1777	-0.441535	148.738675	20.703984	0.003209	1.5
1778	-0.386183	149.738628	20.582728	0.005903	1.9
1779	-0.405258	150.518471	20.489145	0.004459	1.6
1780	-0.365316	149.730877	20.583663	0.001615	1.4
1781	-0.364420	148.990402	20.673325	0.003435	1.8
1782	-0.406219	149.970723	20.554787	0.003491	1.8
1783	-0.382938	149.185353	20.649643	0.002176	1.9
1784	-0.386991	149.484188	20.613447	0.004729	1.9
1785	-0.382554	150.464124	20.495639	0.004049	1.6
1786	-0.396634	151.464124	20.376799	0.002035	1.8
1787	-0.362469	150.684728	20.469304	0.003334	3.1
1788	-0.334567	150.103240	20.538868	0.004300	2.1
1789	-0.381364	151.103141	20.419539	0.006876	2.3
1790	-0.352334	150.315507	20.513419	0.004387	2.0
1791	-0.382255	149.527873	20.608167	0.003019	3.3
1792	-0.387894	148.740452	20.703767	0.004893	2.7
1793	-0.356789	149.731163	20.583628	0.001323	2.3
1794	-0.392472	150.654426	20.472917	0.001142	2.2
1795	-0.374460	150.149793	20.533281	0.003281	2.2
1796	-0.350255	151.088270	20.421304	0.005898	2.3
1797	-0.386200	152.088261	20.303323	0.003382	3.0
1798	-0.406656	151.300667	20.396130	0.002611	2.0
1799	-0.404700	150.525686	20.488283	0.004572	2.2
1800	-0.401477	150.791538	20.456577	0.003282	1.9
1801	-0.382818	151.788903	20.338498	0.001643	2.1
1802	-0.368174	152.759546	20.224885	0.002819	2.2
1803	-0.421080	152.008403	20.312694	0.006613	2.7
1804	-0.387074	151.225064	20.405084	0.002893	3.2
1805	-0.364667	150.437440	20.498829	0.003313	2.9
1806	-0.375117	149.953503	20.556858	0.003960	2.2
1807	-0.380005	150.683022	20.469507	0.003660	2.2
1808	-0.405006	151.683013	20.350970	0.005249	2.2
1809	-0.412400	152.682934	20.233806	0.004264	3.3
1810	-0.371127	153.611489	20.126206	0.002768	2.5
1811	-0.414639	154.611269	20.011625	0.003177	1.9
1812	-0.386575	155.552622	19.904926	0.002880	1.8
1813	-0.357969	154.765867	19.994023	0.001807	2.1
1814	-0.349849	155.722732	19.885766	0.001474	2.0
1815	-0.379455	156.034761	19.850716	0.003074	2.1
1816	-0.374216	155.285032	19.935140	0.003397	2.1
1817	-0.400978	154.780736	19.992332	0.000841	2.6
1818	-0.395225	155.402955	19.921814	0.004017	2.1
1819	-0.369543	154.808524	19.989172	0.004435	1.9
1820	-0.391446	154.020974	20.079118	0.001157	1.8
1821	-0.349315	154.973722	19.970407	0.004793	1.6
1822	-0.380634	155.432325	19.918497	0.004159	1.9
1823	-0.369494	156.432325	19.806238	0.003498	2.9
1824	-0.373270	155.667792	19.891950	0.002812	2.1
1825	-0.390461	156.667166	19.780058	0.002391	2.2
1826	-0.379418	157.663111	19.669795	0.005149	2.0
1827	-0.384612	158.661262	19.560515	0.001995	2.1
1828	-0.377578	157.873699	19.646638	0.002240	1.8
1829	-0.365895	158.677191	19.558781	0.006148	1.9
1830	-0.385704	159.676995	19.450549	0.002580	1.9
1831	-0.375213	158.889417	19.535706	0.001084	1.8
1832	-0.383292	158.809793	19.544357	0.002890	1.9
1833	-0.370915	158.679287	19.558553	0.000861	1.9
1834	-0.390983	158.056701	19.626559	0.001797	1.8
1835	-0.377122	158.471467	19.581201	0.004392	1.7
1836	-0.376796	157.688038	19.667051	0.005135	1.8
1837	-0.412818	158.688029	19.557601	0.002433	1.8
1838	-0.385960	157.949561	19.638309	0.001526	1.7
1839	-0.390934	158.268687	19.603350	0.003238	1.7
1840	-0.384750	157.522392	19.685300	0.002698	1.8
1841	-0.384971	156.736724	19.772317	0.002729	1.8
1842	-0.385412	157.734994	19.661885	0.004281	2.1
1843	-0.382435	158.734518	19.552543	0.002731	1.8
1844	-0.367110	159.689731	19.449178	0.002286	1.9
1845	-0.404953	160.589480	19.352811	0.004075	1.9
1846	-0.380348	161.578517	19.247976	0.005674	1.9
1847	-0.390644	162.574332	19.143563	0.003302	2.2
1848	-0.374586	163.569269	19.040368	0.006397	1.9
1849	-0.373164	164.567635	18.937930	0.003212	1.9
1850	-0.390166	165.567523	18.836434	0.003559	1.7
1851	-0.416787	164.779967	18.916285	0.004123	2.0
1852	-0.359932	163.992444	18.996813	0.003226	1.9
1853	-0.379339	164.833076	18.910879	0.003115	1.9
1854	-0.384271	164.047374	18.991174	0.002338	1.7
1855	-0.397787	163.265516	19.071755	0.004628	1.8
1856	-0.384947	163.478220	19.049765	0.002818	1.7
1857	-0.395615	164.478204	18.947061	0.003225	2.1
1858	-0.379831	164.191025	18.976442	0.003671	1.8
1859	-0.392032	163.409013	19.056915	0.001553	1.9
1860	-0.390473	162.685345	19.131993	0.005807	1.7
1861	-0.367744	163.679922	19.028960	0.002666	1.7
1862	-0.363662	164.009170	18.995095	0.002121	1.8
1863	-0.375103	164.968366	18.897122	0.005077	2.1
1864	-0.385931	165.786980	18.814303	0.002724	2.1
1865	-0.386898	165.018399	18.892039	0.002952	2.6
1866	-0.368283	164.243738	18.971042	0.001266	1.8
1867	-0.408735	163.517186	19.045743	0.003213	1.8
1868	-0.382256	164.472392	18.947655	0.002465	1.9
1869	-0.377910	164.582116	18.936452	0.003948	1.8
1870	-0.369180	163.796945	19.016910	0.006380	1.7
1871	-0.348319	163.009311	19.098310	0.001349	1.8
1872	-0.411147	162.222196	19.180355	0.002982	1.7
1873	-0.385346	161.699163	19.235265	0.003703	1.6
1874	-0.371119	160.911685	19.318533	0.001598	1.7
1875	-0.390488	160.141872	19.400632	0.004176	1.7
1876	-0.382527	161.064842	19.302281	0.003443	1.8
1877	-0.372556	160.277269	19.386142	0.005820	1.7
1878	-0.390177	159.660462	19.452329	0.006697	1.6
1879	-0.352124	158.872828	19.537508	0.001889	1.7
1880	-0.398002	159.868839	19.429919	0.004725	1.9
1881	-0.383533	160.861299	19.323885	0.005826	1.7
1882	-0.366022	160.073665	19.407940	0.006730	2.1
1883	-0.369955	159.286031	19.492729	0.004333	1.8
1884	-0.383231	160.286031	19.385205	0.004825	1.8
1885	-0.389774	159.498397	19.469795	0.001997	1.6
1886	-0.381586	158.712036	19.554989	0.002278	1.9
1887	-0.380865	159.591521	19.459755	0.004592	1.6
1888	-0.376624	160.591400	19.352606	0.000986	1.8
1889	-0.406363	161.385900	19.268303	0.002779	1.8
1890	-0.401410	162.094165	19.193767	0.003254	1.9
1891	-0.380560	161.306983	19.276644	0.001932	3.3
1892	-0.377799	162.266253	19.175744	0.001681	1.8
1893	-0.377174	161.800417	19.224611	0.001830	1.7
1894	-0.390392	162.107641	19.192355	0.003103	2.2
1895	-0.388929	161.362981	19.270725	0.005293	1.9
1896	-0.380349	162.362980	19.165629	0.003242	2.3
1897	-0.378486	161.575347	19.248310	0.005042	1.7
1898	-0.397469	161.668790	19.238463	0.004766	1.7
1899	-0.362419	162.501035	19.151210	0.005810	1.8
1900	-0.348659	163.501035	19.047410	0.005154	1.7
1901	-0.336219	164.476335	18.947252	0.003685	1.8
1902	-0.384579	165.476335	18.845645	0.004441	1.9
1903	-0.391179	164.749341	18.919404	0.005036	1.9
1904	-0.363145	163.971366	18.998977	0.002871	1.8
1905	-0.350893	164.971099	18.896844	0.004448	2.0
1906	-0.405455	165.969728	18.795913	0.005058	1.8
1907	-0.374521	165.189891	18.874638	0.003245	1.9
1908	-0.399130	166.183042	18.774494	0.002898	1.9
1909	-0.366933	166.982859	18.694613	0.003373	2.0
1910	-0.378876	166.195361	18.773258	0.002610	1.8
1911	-0.378880	165.459022	18.847395	0.006284	2.4
1912	-0.373808	166.458968	18.746859	0.006540	1.7
1913	-0.360320	167.458968	18.647384	0.002671	1.8
1914	-0.378136	168.458936	18.548963	0.004085	1.9
1915	-0.378939	169.457937	18.451669	0.001562	1.7
1916	-0.405408	168.674471	18.527885	0.001105	1.8
1917	-0.378039	168.250597	18.569383	0.004301	1.7
1918	-0.383971	169.059068	18.490393	0.004247	1.8
1919	-0.383653	169.967249	18.402458	0.005078	2.7
1920	-0.383686	170.967248	18.306596	0.004890	2.3
1921	-0.388495	170.179613	18.382017	0.003873	1.9
1922	-0.351593	171.179303	18.286396	0.001996	1.7
1923	-0.372255	170.414294	18.359480	0.004763	1.6
1924	-0.367600	169.635911	18.434443	0.003340	1.8
1925	-0.404254	170.635910	18.338248	0.006692	1.8
1926	-0.356088	169.848276	18.413930	0.006234	1.5
1927	-0.379300	169.060642	18.490240	0.001207	1.9
1928	-0.367845	168.299726	18.564564	0.005197	1.8
1929	-0.387001	167.535079	18.639857	0.004670	1.8
1930	-0.384081	166.747458	18.718053	0.004012	1.8
1931	-0.394954	167.747453	18.618883	0.004301	1.8
1932	-0.375554	166.959819	18.696905	0.004348	1.7
1933	-0.402157	167.892810	18.604556	0.002991	1.7
1934	-0.414193	167.105455	18.682429	0.002247	1.6
1935	-0.401625	168.096269	18.584538	0.003936	1.8
1936	-0.362992	169.095835	18.486817	0.004109	1.9
1937	-0.415469	169.948317	18.404283	0.004178	1.8
1938	-0.373215	169.342393	18.462870	0.000886	1.7
1939	-0.379824	169.294298	18.467536	0.004220	1.7
1940	-0.388949	169.583386	18.439523	0.003292	1.6
1941	-0.371052	170.583376	18.343276	0.004682	1.7
1942	-0.363413	171.583342	18.248031	0.004157	1.7
1943	-0.372691	170.795708	18.322969	0.003659	1.7
1944	-0.374049	171.795556	18.227945	0.004275	1.9
1945	-0.377727	171.007943	18.302716	0.003401	1.9
1946	-0.391819	172.007670	18.207913	0.002087	2.0
1947	-0.351050	171.311269	18.273848	0.006316	1.7
1948	-0.398068	170.804379	18.322141	0.001762	1.8
1949	-0.362554	170.025774	18.396820	0.001967	1.7
1950	-0.378149	169.914936	18.407501	0.004235	1.5
1951	-0.350689	170.874390	18.315455	0.002694	1.6
1952	-0.411744	170.087294	18.390897	0.003314	1.7
1953	-0.380572	171.074976	18.296328	0.003931	1.7
1954	-0.363939	170.288359	18.371567	0.005329	1.6
1955	-0.383716	171.288332	18.276027	0.003661	1.5
1956	-0.390378	172.288330	18.181474	0.007757	1.7
1957	-0.393463	173.288330	18.087894	0.005667	1.8
1958	-0.374493	172.500696	18.161520	0.002456	1.8
1959	-0.368478	171.713094	18.235745	0.002520	1.5
1960	-0.357936	172.697393	18.143078	0.004887	1.9
1961	-0.370284	171.928152	18.215417	0.003577	1.9
1962	-0.368597	172.907876	18.123384	0.001436	1.9
1963	-0.378017	172.661034	18.146484	0.005828	1.9
1964	-0.360176	172.067454	18.202275	0.002629	1.8
1965	-0.365354	171.279840	18.276834	0.002122	1.9
1966	-0.376304	171.921848	18.216013	0.001655	1.7
1967	-0.362549	171.402773	18.265157	0.003726	1.8
1968	-0.380437	172.387088	18.172190	0.003599	1.7
1969	-0.376319	173.374880	18.079840	0.002628	1.6
1970	-0.373691	174.374193	17.987364	0.003530	1.8
1971	-0.382462	175.370141	17.896136	0.006640	1.7
1972	-0.377515	174.582970	17.968164	0.001940	1.9
1973	-0.375106	173.833586	18.037274	0.003264	1.9
1974	-0.406019	174.772696	17.950750	0.003879	2.1
1975	-0.381011	173.985800	18.023194	0.005995	1.8
1976	-0.412240	174.985796	17.931232	0.003054	1.7
1977	-0.369213	175.985796	17.840204	0.004773	1.5
1978	-0.366713	175.198180	17.911822	0.003614	1.4
1979	-0.395975	174.410626	17.984011	0.004987	1.9
1980	-0.398875	174.427212	17.982485	0.002347	1.8
1981	-0.384369	175.426920	17.890963	0.005188	1.7
1982	-0.364235	175.374371	17.895751	0.003639	1.6
1983	-0.375454	174.586737	17.967818	0.005872	2.0
1984	-0.350621	174.993362	17.930540	0.002497	1.5
1985	-0.384636	175.987806	17.840022	0.004107	1.7
1986	-0.426078	175.292688	17.903198	0.004630	1.4
1987	-0.373933	176.018912	17.837206	0.001427	1.5
1988	-0.354847	175.265339	17.905693	0.001382	1.7
1989	-0.365192	175.068252	17.923691	0.004735	1.6
1990	-0.394439	175.909210	17.847143	0.002796	1.5
1991	-0.401946	175.121582	17.918817	0.001310	1.8
1992	-0.387159	175.619792	17.873413	0.002770	1.8
1993	-0.386163	175.657741	17.869964	0.002842	1.7
1994	-0.416768	174.878638	17.941042	0.003229	1.7
1995	-0.379886	174.091309	18.013446	0.003568	1.6
1996	-0.368962	173.303865	18.086448	0.001991	1.8
1997	-0.350669	172.518043	18.159892	0.002504	2.2
1998	-0.403816	172.801311	18.133349	0.002468	1.8
1999	-0.387666	173.484041	18.069693	0.004639	1.8
