1:ItNr	2:Metric	3a:Time	3b:StepSize	4:||Gradient||	Time[ms]
0	-0.489435	0.000000	720.371401	0.000391	29.0
1	-0.493216	0.000000	720.371401	0.000257	1.2
2	-0.544354	0.000000	720.371401	0.000795	1.1
3	-0.483181	0.000000	720.371401	0.000956	1.0
4	-0.479119	0.000000	720.371401	0.000387	1.0
5	-0.516050	0.000000	720.371401	0.000863	1.1
6	-0.483261	0.000000	720.371401	0.000896	0.9
7	-0.459936	0.000000	720.371401	0.000917	1.1
8	-0.498457	0.000000	720.371401	0.001278	1.0
9	-0.491082	0.999997	687.627326	0.000708	1.0
10	-0.516977	1.985156	658.155170	0.000611	1.2
11	-0.472220	1.243491	680.100061	0.001609	1.2
12	-0.466221	2.243478	650.840598	0.000491	1.0
13	-0.489450	3.214097	624.751759	0.000670	0.9
14	-0.519380	2.483330	644.193102	0.001380	1.0
15	-0.439364	2.874233	633.645466	0.001255	1.0
16	-0.482766	3.874233	608.171496	0.001054	1.0
17	-0.488968	4.874231	584.666626	0.000756	1.1
18	-0.527831	4.139807	601.746852	0.000903	1.0
19	-0.480296	5.138228	578.761471	0.001105	1.1
20	-0.487482	4.507542	593.071633	0.000621	1.0
21	-0.468370	5.495870	570.949335	0.001124	1.0
22	-0.519597	4.752685	587.426100	0.001388	1.1
23	-0.470540	4.412562	595.288235	0.000466	1.1
24	-0.494278	3.669519	613.218248	0.000519	1.2
25	-0.499391	3.266815	623.394518	0.000720	1.0
26	-0.470651	2.705313	638.160708	0.000821	0.9
27	-0.482793	3.631173	614.172920	0.001353	0.9
28	-0.486744	4.631134	590.211863	0.000468	0.9
29	-0.441366	3.946926	606.399350	0.000719	1.4
30	-0.494701	4.365183	596.400163	0.000797	1.0
31	-0.482374	3.626724	614.283883	0.000692	1.0
32	-0.490720	4.623475	590.388285	0.000097	0.9
33	-0.479053	4.816223	585.980353	0.000336	1.0
34	-0.489347	4.735130	587.826816	0.000874	1.0
35	-0.488506	5.060539	580.486828	0.000620	1.1
36	-0.462592	4.319820	597.468689	0.000455	1.0
37	-0.482897	4.870062	584.760844	0.001157	1.0
38	-0.506468	5.862988	563.146565	0.001394	1.3
39	-0.499514	5.118603	579.196343	0.000611	1.2
40	-0.478758	4.430907	594.858833	0.001027	0.9
41	-0.482889	4.484358	593.611159	0.000374	0.9
42	-0.499353	4.556775	591.929124	0.000747	0.9
43	-0.493792	3.861217	608.489893	0.001042	1.0
44	-0.497754	4.854518	585.112418	0.000649	1.1
45	-0.491615	4.281936	598.363958	0.000689	1.0
46	-0.503681	3.546017	616.303639	0.002145	1.0
47	-0.482068	4.546016	592.178424	0.000795	1.1
48	-0.499907	3.801632	609.951777	0.000729	1.0
49	-0.483656	3.066762	628.576434	0.000749	1.0
50	-0.470774	2.440368	645.373799	0.000790	1.0
51	-0.483132	3.439981	618.977539	0.000831	1.1
52	-0.502178	3.225412	624.459956	0.001085	1.0
53	-0.497763	2.481044	644.255818	0.001314	1.2
54	-0.492084	3.481044	617.939320	0.000834	1.1
55	-0.495535	2.736665	637.317814	0.001072	0.9
56	-0.468263	3.736662	611.553800	0.000413	0.9
57	-0.452482	3.007860	630.118600	0.000515	1.2
58	-0.505979	3.905379	607.410929	0.000641	1.0
59	-0.484057	4.116388	602.307920	0.000585	1.0
60	-0.511823	5.072419	580.222329	0.001654	1.0
61	-0.473438	6.063696	558.970186	0.000429	1.0
62	-0.468248	5.319733	574.770246	0.000480	1.0
63	-0.501381	5.916171	562.033854	0.001361	1.0
64	-0.502030	6.907929	542.060986	0.000469	1.0
65	-0.507102	6.166896	556.846811	0.001112	1.0
66	-0.515588	7.162662	537.158011	0.001077	1.0
67	-0.507495	6.418278	551.741418	0.001240	0.9
68	-0.501241	5.673893	567.138791	0.000806	1.1
69	-0.476861	6.672427	546.674117	0.000252	1.1
70	-0.500712	7.453354	531.670168	0.000280	1.0
71	-0.483350	7.293167	534.680313	0.000273	1.0
72	-0.525317	7.295535	534.635574	0.000773	1.0
73	-0.483907	7.922361	523.048566	0.000392	1.0
74	-0.508363	7.740395	526.360183	0.000560	1.0
75	-0.479278	7.992099	521.790410	0.000818	1.1
76	-0.485453	7.262988	535.251235	0.000801	1.0
77	-0.465066	6.526275	549.576702	0.000731	1.0
78	-0.485114	7.442943	531.864770	0.000671	1.0
79	-0.453219	8.299278	516.319869	0.000906	1.0
80	-0.499602	9.236796	500.310919	0.000720	1.0
81	-0.512528	10.195306	484.938320	0.000998	1.0
82	-0.467734	11.185782	470.014970	0.000603	1.1
83	-0.509354	12.182090	455.902556	0.000450	1.2
84	-0.497210	12.051898	457.698362	0.001081	1.4
85	-0.488415	11.312065	468.178049	0.000986	1.2
86	-0.456887	10.567713	479.217462	0.001153	1.1
87	-0.485343	9.823328	490.790586	0.000836	0.9
88	-0.488311	10.820580	475.409291	0.000769	0.9
89	-0.502967	11.820479	460.925615	0.001821	1.0
90	-0.502883	12.820335	447.298928	0.000670	1.0
91	-0.472689	12.075950	457.365527	0.000743	1.0
92	-0.479988	11.786301	461.406098	0.000654	1.1
93	-0.523906	11.780703	461.484905	0.000506	1.3
94	-0.471332	12.688192	449.053471	0.001301	1.1
95	-0.515774	13.389141	439.900477	0.000847	1.0
96	-0.451284	12.649850	449.565140	0.000841	1.0
97	-0.465667	13.649390	436.596420	0.000625	1.4
98	-0.480385	13.124671	443.309753	0.001651	1.5
99	-0.499326	12.393873	453.011229	0.001105	1.2
100	-0.513351	11.649488	463.339560	0.001227	1.0
101	-0.499242	12.308518	454.172097	0.001224	1.0
102	-0.509730	13.308518	440.934217	0.000134	1.3
103	-0.448969	13.663701	436.416165	0.000594	1.1
104	-0.497760	13.873152	433.795007	0.000441	1.0
105	-0.523038	14.792583	422.651798	0.001024	1.0
106	-0.488650	14.071678	431.339477	0.001065	1.0
107	-0.527412	13.344500	440.472257	0.000733	1.0
108	-0.517119	12.612856	450.059926	0.000514	1.0
109	-0.488896	11.931560	459.370867	0.000442	0.9
110	-0.479433	12.456290	452.166074	0.000551	1.0
111	-0.482606	12.494645	451.648302	0.001462	1.1
112	-0.452898	13.480881	438.730075	0.000325	1.2
113	-0.463909	14.478119	426.398008	0.000642	1.1
114	-0.499691	14.758771	423.051440	0.000685	1.2
115	-0.470610	14.432119	426.951592	0.000724	1.0
116	-0.484072	15.429043	415.267555	0.000982	1.0
117	-0.456404	16.428454	404.179116	0.000596	1.1
118	-0.495071	15.684208	412.379070	0.001008	1.1
119	-0.521925	14.940011	420.918047	0.000530	1.1
120	-0.501803	15.143209	418.551636	0.001263	1.3
121	-0.479346	14.403017	427.302556	0.001375	1.1
122	-0.504220	15.403015	415.564461	0.000751	1.1
123	-0.497185	14.658937	424.235855	0.000548	1.1
124	-0.488607	14.540666	425.647602	0.000673	1.1
125	-0.485981	13.838783	434.222954	0.000512	1.2
126	-0.515404	13.239647	441.821121	0.001529	1.3
127	-0.510898	12.495779	451.633009	0.000594	4.1
128	-0.484133	11.751398	461.897827	0.000753	1.3
129	-0.501183	11.080388	471.559117	0.001312	1.2
130	-0.523783	10.336073	482.759894	0.000750	1.1
131	-0.506055	11.080517	471.557226	0.001461	1.0
132	-0.470782	10.660000	477.820577	0.001205	1.1
133	-0.468733	11.660000	463.190431	0.000863	1.4
134	-0.488312	12.632625	449.795381	0.000758	1.3
135	-0.457430	11.888639	459.970368	0.001064	1.1
136	-0.480324	11.144258	470.622139	0.001203	1.1
137	-0.483872	12.143711	456.430464	0.000574	1.2
138	-0.476069	11.399375	466.916402	0.000174	1.1
139	-0.468716	11.004478	472.677590	0.000573	1.7
140	-0.485169	10.957779	473.368299	0.000702	1.3
141	-0.502003	10.217468	484.594057	0.000956	1.1
142	-0.505479	9.478351	496.345726	0.001488	1.3
143	-0.462360	10.337488	482.738095	0.000187	1.3
144	-0.520633	11.180663	470.089743	0.001058	1.2
145	-0.481441	11.415036	466.690806	0.000990	1.1
146	-0.497864	10.851354	474.949957	0.000623	0.9
147	-0.505108	10.155206	485.562498	0.000857	0.9
148	-0.505068	9.414794	497.382929	0.000811	1.0
149	-0.514599	8.670609	509.858064	0.000886	0.9
150	-0.506248	8.399903	514.552702	0.000722	0.9
151	-0.488865	9.304908	499.186443	0.000681	1.2
152	-0.479370	10.274903	483.704118	0.001073	1.0
153	-0.539154	11.254629	469.011738	0.001143	1.1
154	-0.482632	11.036028	472.212081	0.000891	1.0
155	-0.529419	12.035670	457.923192	0.000241	0.9
156	-0.487400	12.476856	451.888295	0.000825	0.9
157	-0.475337	12.431791	452.497422	0.000946	0.9
158	-0.506580	11.687725	462.797555	0.001532	0.9
159	-0.477811	10.943351	473.582109	0.000551	1.2
160	-0.487699	11.943276	459.207497	0.001363	1.3
161	-0.462823	11.873287	460.185184	0.001095	1.0
162	-0.504370	12.871775	446.619624	0.000936	1.0
163	-0.484577	12.203845	455.603840	0.000466	1.0
164	-0.519042	12.861388	446.756626	0.000611	0.9
165	-0.491509	13.314670	440.855159	0.000769	0.9
166	-0.486176	12.618279	449.987320	0.001029	1.1
167	-0.478010	12.430100	452.520312	0.000989	1.1
168	-0.505118	12.099618	457.038496	0.001279	1.1
169	-0.498870	13.099618	443.635457	0.000681	1.5
170	-0.493974	13.941113	432.951273	0.001233	1.0
171	-0.481752	14.148606	430.395428	0.000824	1.0
172	-0.507198	13.404229	439.707551	0.000914	1.1
173	-0.488283	13.732647	435.549853	0.001293	1.0
174	-0.521772	14.732617	423.361077	0.000501	0.9
175	-0.498551	13.988282	432.367594	0.000989	0.9
176	-0.503160	14.963847	420.639081	0.001449	0.9
177	-0.512065	14.266986	428.950736	0.000503	0.9
178	-0.464657	15.262088	417.179490	0.001456	1.3
179	-0.470164	16.255822	406.051957	0.001182	1.1
180	-0.450306	15.511439	414.330411	0.001036	1.2
181	-0.486705	14.767521	422.947948	0.001159	1.0
182	-0.471872	15.767194	411.448304	0.000983	0.9
183	-0.489406	15.022809	419.950581	0.000447	0.9
184	-0.493194	14.781874	422.778284	0.001018	1.2
185	-0.521264	15.777628	411.331569	0.000720	1.1
186	-0.462066	15.033477	419.826247	0.000650	1.0
187	-0.509007	16.000222	408.856994	0.000351	1.0
188	-0.491627	16.264995	405.952007	0.001804	1.2
189	-0.515443	15.588389	413.459024	0.000416	1.0
190	-0.468838	16.248471	406.132089	0.001256	1.1
191	-0.492655	15.807222	411.000842	0.001533	1.1
192	-0.481904	15.062838	419.484444	0.001232	1.0
193	-0.499888	14.325324	428.242336	0.000886	0.9
194	-0.476037	13.580940	437.460624	0.000356	0.9
195	-0.484471	13.288587	441.190514	0.000652	1.1
196	-0.512946	12.754404	448.172611	0.000823	1.1
197	-0.531600	13.747690	435.361304	0.000518	1.1
198	-0.509855	13.956255	432.763739	0.001853	1.0
199	-0.483314	13.211871	442.179838	0.000872	1.0
200	-0.481711	12.467512	452.014462	0.000274	1.0
201	-0.469176	12.489947	451.711658	0.000596	0.9
202	-0.493942	12.890039	446.378937	0.001003	0.9
203	-0.511122	12.147345	456.380431	0.001262	0.9
204	-0.482057	12.365909	453.390902	0.000511	1.0
205	-0.487208	13.353318	440.359192	0.000897	1.0
206	-0.495585	13.261960	441.533387	0.001208	1.1
207	-0.485491	12.674322	449.238431	0.000761	1.1
208	-0.512783	11.930061	459.391782	0.000228	1.0
209	-0.483984	11.357295	467.523610	0.000564	1.0
210	-0.470318	10.819681	475.422725	0.000219	1.5
211	-0.455289	10.372163	482.204535	0.000567	1.0
212	-0.467210	10.726225	476.823182	0.000781	0.9
213	-0.468586	11.413262	466.716357	0.000755	0.9
214	-0.498136	12.321703	453.992380	0.001245	0.9
215	-0.488930	11.914892	459.603501	0.001101	1.3
216	-0.448119	11.172887	470.203359	0.000795	1.1
217	-0.465708	10.428529	481.339728	0.000960	0.9
218	-0.478480	9.685660	492.992473	0.000420	0.9
219	-0.440513	10.680538	477.510814	0.000422	0.9
220	-0.499993	11.542958	464.856311	0.000670	1.0
221	-0.527140	12.129519	456.625997	0.000422	1.0
222	-0.496101	11.450601	466.179327	0.001014	1.0
223	-0.502089	10.710015	477.066925	0.001198	1.0
224	-0.484727	11.709140	462.494570	0.000687	1.2
225	-0.554612	11.763425	461.728266	0.000753	1.2
226	-0.463174	11.022299	472.414538	0.000528	1.0
227	-0.439291	10.289288	483.481734	0.001246	1.0
228	-0.518845	9.668895	493.261973	0.000336	1.0
229	-0.497281	10.315280	483.080453	0.000447	1.1
230	-0.454056	9.802247	491.126489	0.000866	1.3
231	-0.479551	10.749184	476.478376	0.001462	1.1
232	-0.477550	11.749182	461.929072	0.000834	0.9
233	-0.498354	11.004798	472.672868	0.000802	1.0
234	-0.467864	12.004249	458.359146	0.000887	1.3
235	-0.506194	11.259904	468.935042	0.000914	1.0
236	-0.438695	12.259725	454.838375	0.000727	0.9
237	-0.495275	11.515387	465.250475	0.000674	0.9
238	-0.501691	11.874143	460.173197	0.000712	0.9
239	-0.475850	11.131254	470.812605	0.000884	1.0
240	-0.499931	12.043301	457.817437	0.001157	0.9
241	-0.465921	11.313396	468.158756	0.000524	1.0
242	-0.483680	10.569123	479.196062	0.001248	1.0
243	-0.528024	11.541518	464.876878	0.000213	1.2
244	-0.480783	12.455647	452.174771	0.000763	1.1
245	-0.473347	12.176693	455.976717	0.000427	0.9
246	-0.455028	11.938609	459.272562	0.000989	1.2
247	-0.486063	11.199195	469.819176	0.001071	1.0
248	-0.550271	10.454831	480.937239	0.000811	1.0
249	-0.463756	11.454790	466.119165	0.000852	1.1
250	-0.483253	12.422543	452.622634	0.001282	0.9
251	-0.483681	13.422539	439.473667	0.000730	0.9
252	-0.484371	12.679375	449.171030	0.000116	1.0
253	-0.507001	12.686204	449.079967	0.000396	1.2
254	-0.513584	12.571446	450.615073	0.000930	0.9
255	-0.506426	13.561296	437.709258	0.000815	1.0
256	-0.454367	12.903946	446.195839	0.001271	1.0
257	-0.486269	13.903348	433.419720	0.000721	0.9
258	-0.467968	13.158995	442.864294	0.000860	1.0
259	-0.496531	13.986134	432.394141	0.000532	1.0
260	-0.538237	13.840893	434.196661	0.000964	1.0
261	-0.475225	13.967574	432.623644	0.000591	1.0
262	-0.503157	13.238993	441.829565	0.001085	1.4
263	-0.517575	14.238780	429.294076	0.000300	0.9
264	-0.511634	15.218280	417.684094	0.001347	0.9
265	-0.492926	14.499180	426.145033	0.000566	0.9
266	-0.493198	15.499140	414.470025	0.001858	1.0
267	-0.512943	15.728111	411.886125	0.000961	0.9
268	-0.517204	16.728111	400.968904	0.000711	1.0
269	-0.481340	15.984069	409.035556	0.000514	1.0
270	-0.484029	16.816496	400.031754	0.000800	1.1
271	-0.488137	16.627101	402.045310	0.001100	1.3
272	-0.495725	15.882723	410.159505	0.000651	1.0
273	-0.498896	15.348742	416.184947	0.000875	0.9
274	-0.477705	14.607475	424.848975	0.000507	0.9
275	-0.489241	15.424643	415.317717	0.000737	1.0
276	-0.500182	14.793630	422.639429	0.000688	1.3
277	-0.447050	14.052139	431.579918	0.000893	1.3
278	-0.516517	14.348262	427.964446	0.000889	1.1
279	-0.480212	15.314925	416.572514	0.001401	1.0
280	-0.505741	14.876077	421.668163	0.000440	1.0
281	-0.458394	14.131801	430.601304	0.000717	1.1
282	-0.480158	13.434930	439.315522	0.001336	1.0
283	-0.507325	14.091324	431.097998	0.000787	1.0
284	-0.491408	13.507021	438.397718	0.000972	1.1
285	-0.485641	12.766867	448.007193	0.001112	1.0
286	-0.507806	13.766848	435.121397	0.001524	1.1
287	-0.501286	14.766847	422.955913	0.001112	1.0
288	-0.497924	14.022462	431.945629	0.000890	1.0
289	-0.476988	15.022455	419.954708	0.000470	1.5
290	-0.500546	14.283211	428.753479	0.000312	1.1
291	-0.477924	14.158669	430.272243	0.000829	1.0
292	-0.507902	14.882507	421.592602	0.000452	1.1
293	-0.495361	15.646450	412.803949	0.000908	1.0
294	-0.474534	15.500501	414.454569	0.000727	1.0
295	-0.467377	14.761890	423.014536	0.001516	1.1
296	-0.434774	15.761851	411.508096	0.001114	1.1
297	-0.463074	15.784245	411.257571	0.000880	1.0
298	-0.516013	15.129403	418.711581	0.000811	1.0
299	-0.484745	14.405305	427.274934	0.000848	1.1
300	-0.516064	15.375696	415.876560	0.000995	1.0
301	-0.503672	15.571055	413.654989	0.000822	1.0
302	-0.517750	14.829085	422.221210	0.000771	1.1
303	-0.471126	15.368896	415.954320	0.000412	1.1
304	-0.475593	14.857404	421.887744	0.000651	1.4
305	-0.484011	14.246842	429.195886	0.000636	1.2
306	-0.484570	13.820030	434.456814	0.001239	1.1
307	-0.461306	14.819764	422.331074	0.000834	1.4
308	-0.461509	15.818710	410.872611	0.001907	1.2
309	-0.471723	15.074325	419.350864	0.000392	0.9
310	-0.531573	14.627089	424.615085	0.000959	0.9
311	-0.505048	13.917411	433.245167	0.000587	1.0
312	-0.502235	13.550147	437.850505	0.000989	1.0
313	-0.492263	14.537768	425.682319	0.001226	1.0
314	-0.513532	13.793383	434.789553	0.000539	1.0
315	-0.513423	13.059933	444.152351	0.000777	1.1
316	-0.517859	13.821776	434.435031	0.000375	1.2
317	-0.490063	13.275262	441.362041	0.000818	1.0
318	-0.484455	12.715007	448.696320	0.000551	1.2
319	-0.492306	13.709787	435.836712	0.001120	1.3
320	-0.537257	12.965576	445.386212	0.000653	1.1
321	-0.482807	13.010637	444.796124	0.000532	1.2
322	-0.516434	12.274385	454.637981	0.001112	1.1
323	-0.494118	13.216242	442.123344	0.002272	1.1
324	-0.498310	12.471857	451.955782	0.000669	1.3
325	-0.463575	13.453136	439.083382	0.000581	1.1
326	-0.469689	14.422772	427.064250	0.000546	1.0
327	-0.472741	13.763843	435.159005	0.000654	1.0
328	-0.527094	13.255534	441.616220	0.000921	1.0
329	-0.462122	13.078435	443.911216	0.000704	1.0
330	-0.507453	12.348476	453.627912	0.000152	1.1
331	-0.501005	12.003494	458.369633	0.001038	1.0
332	-0.496282	12.698863	448.911274	0.000719	1.1
333	-0.472687	11.954880	459.045799	0.000962	1.1
334	-0.480797	11.369594	467.345975	0.001190	1.0
335	-0.516063	10.914263	474.013747	0.000487	1.0
336	-0.511400	10.683266	477.469698	0.001146	1.2
337	-0.461322	10.600011	478.727662	0.000657	1.0
338	-0.485413	11.039681	472.158238	0.001073	0.9
339	-0.466773	11.982382	458.663042	0.001622	1.0
340	-0.449942	12.982382	445.165958	0.000560	0.9
341	-0.514381	12.298380	454.310373	0.000861	0.9
342	-0.504117	11.756831	461.821220	0.000412	1.0
343	-0.478998	12.140065	456.480685	0.000523	1.3
344	-0.453070	11.469768	465.904136	0.001120	1.1
345	-0.544004	10.868789	474.690129	0.000619	1.0
346	-0.516146	10.278596	483.647004	0.000614	1.0
347	-0.478175	11.269964	468.788849	0.000737	1.0
348	-0.458592	12.262472	454.800821	0.000996	1.0
349	-0.470199	11.518113	465.211471	0.000794	1.0
350	-0.479652	10.773897	476.107779	0.000261	1.1
351	-0.456152	11.670765	463.037812	0.001189	1.1
352	-0.513115	12.621342	449.946328	0.000918	1.2
353	-0.494362	12.063378	457.539433	0.000813	0.9
354	-0.470471	11.320923	468.049738	0.000840	0.9
355	-0.506731	12.043150	457.819529	0.001223	0.9
356	-0.496655	11.298765	468.370827	0.000601	0.9
357	-0.472301	12.283687	454.510932	0.001055	1.0
358	-0.465709	11.693800	462.711562	0.000672	0.9
359	-0.477782	12.688057	449.055267	0.001114	1.0
360	-0.499257	13.571694	437.577619	0.001130	1.0
361	-0.489278	12.827309	447.206705	0.001182	1.1
362	-0.507641	13.827309	434.366014	0.000654	1.1
363	-0.488897	14.639297	424.469636	0.000688	0.9
364	-0.519611	15.282551	416.944211	0.000640	0.9
365	-0.510818	15.055978	419.564249	0.001836	0.9
366	-0.512254	14.311598	428.408798	0.000451	0.9
367	-0.482338	13.583653	437.426304	0.000261	1.0
368	-0.456288	13.656145	436.511310	0.001479	1.1
369	-0.490859	12.944575	445.661771	0.000814	1.0
370	-0.478949	12.200333	455.652038	0.000240	1.0
371	-0.509574	12.700537	448.888972	0.000980	1.1
372	-0.498874	13.528233	438.128393	0.001173	1.1
373	-0.467448	12.783853	447.781942	0.000688	1.0
374	-0.508722	12.039477	457.870432	0.000612	1.0
375	-0.498202	11.297651	468.386987	0.000570	1.0
376	-0.503262	10.586537	478.931878	0.000572	1.0
377	-0.463962	10.239513	484.252092	0.000138	1.0
378	-0.495375	10.224918	484.478443	0.000979	1.0
379	-0.489140	10.068517	486.917340	0.000460	1.0
380	-0.479924	9.325530	498.846993	0.000458	1.1
381	-0.481154	10.130532	485.947348	0.000665	1.1
382	-0.492460	9.419195	497.310977	0.001157	1.0
383	-0.504475	10.419155	481.483325	0.000526	1.0
384	-0.494296	11.418539	466.640377	0.000843	1.0
385	-0.478156	12.168113	456.094667	0.000620	0.9
386	-0.477242	12.813456	447.389919	0.000377	1.0
387	-0.502719	12.120604	456.748903	0.001141	1.0
388	-0.469202	12.126719	456.664590	0.000355	1.0
389	-0.501581	13.097052	443.668832	0.000700	1.0
390	-0.498943	13.183751	442.543578	0.000395	1.1
391	-0.486944	12.818203	447.327128	0.000881	1.1
392	-0.482841	12.104633	456.969250	0.000714	1.1
393	-0.514124	11.360495	467.477383	0.000743	1.1
394	-0.472353	10.652621	477.931970	0.000437	1.1
395	-0.509489	11.391422	467.031042	0.000591	1.1
396	-0.538453	12.289871	454.426498	0.001583	1.1
397	-0.462254	11.545501	464.819991	0.000469	1.0
398	-0.479660	12.452726	452.214247	0.000570	1.2
399	-0.497835	13.197697	442.363101	0.000538	1.2
400	-0.486362	12.755595	448.156802	0.000225	1.3
401	-0.506320	12.796854	447.609690	0.000703	1.1
402	-0.505322	13.581444	437.454240	0.000523	1.1
403	-0.493282	14.312561	428.397114	0.001676	1.1
404	-0.488083	15.281400	416.957434	0.000633	1.1
405	-0.458494	16.104990	407.702564	0.001780	1.1
406	-0.477322	15.360615	416.049047	0.000848	1.3
407	-0.496873	16.360615	404.913023	0.000736	1.3
408	-0.499871	17.222513	395.782434	0.000493	1.3
409	-0.470816	18.037938	387.515327	0.000901	1.1
410	-0.486395	17.343765	394.530877	0.000766	1.1
411	-0.500036	18.313328	384.800781	0.000248	1.0
412	-0.500607	18.976367	378.418561	0.000839	1.3
413	-0.452164	19.202990	376.285426	0.001352	1.0
414	-0.481647	18.459164	383.378608	0.000473	1.0
415	-0.503910	19.404038	374.413056	0.000649	0.9
416	-0.452849	18.677186	381.271984	0.000730	1.1
417	-0.468053	19.668878	371.974840	0.000807	0.9
418	-0.540639	18.925856	378.897309	0.000833	1.0
419	-0.481452	19.914804	369.739017	0.000839	1.0
420	-0.511539	19.170520	376.589589	0.000588	1.0
421	-0.510532	18.558651	382.414441	0.001381	1.0
422	-0.490635	19.547993	373.083801	0.000367	0.9
423	-0.469947	19.348187	374.931334	0.000589	0.9
424	-0.478286	19.568596	372.894332	0.000580	0.9
425	-0.503459	20.536738	364.202873	0.000918	1.0
426	-0.512460	20.125008	367.849152	0.000790	0.9
427	-0.433697	21.108205	359.260136	0.000624	1.0
428	-0.473077	20.654892	363.169817	0.000925	1.2
429	-0.484555	20.507925	364.455687	0.000988	1.0
430	-0.492105	21.507669	355.884002	0.000855	1.0
431	-0.499447	20.763338	362.226781	0.000603	1.0
432	-0.482246	21.528627	355.708626	0.000583	1.0
433	-0.469244	22.455072	348.125054	0.001141	1.0
434	-0.479650	23.454991	340.294736	0.001057	1.1
435	-0.518516	23.880103	337.071406	0.001106	1.1
436	-0.484923	24.880074	329.724825	0.000712	0.9
437	-0.489937	24.190594	334.755489	0.001044	0.9
438	-0.516023	23.469189	340.186090	0.000261	0.9
439	-0.488895	22.761841	345.684714	0.000725	1.0
440	-0.502658	22.095883	351.026559	0.001751	1.0
441	-0.496037	22.925634	344.395700	0.000161	1.0
442	-0.491714	23.607301	339.132814	0.001321	0.9
443	-0.500120	23.174503	342.455453	0.000774	0.9
444	-0.497708	24.169451	334.912184	0.000372	1.0
445	-0.503328	24.454295	332.813421	0.000624	1.0
446	-0.501206	24.619299	331.609640	0.000364	0.9
447	-0.473023	25.490468	325.395721	0.000804	0.9
448	-0.482418	26.388021	319.232565	0.000877	1.0
449	-0.509419	27.387764	312.636879	0.001548	1.1
450	-0.508205	26.643409	317.521345	0.000532	1.1
451	-0.507734	25.974097	322.045564	0.000707	1.0
452	-0.486708	25.979696	322.007179	0.001081	1.2
453	-0.506482	26.979441	315.297533	0.000606	1.3
454	-0.483777	26.235151	320.265718	0.001572	1.3
455	-0.505949	25.501489	325.318605	0.001492	1.0
456	-0.487253	26.501489	318.470007	0.000667	1.0
457	-0.497180	27.501187	311.905755	0.000437	1.0
458	-0.500714	28.406011	306.193497	0.001377	1.0
459	-0.479362	29.338252	300.522942	0.000689	1.0
460	-0.504318	30.322995	294.756754	0.000770	0.9
461	-0.474120	30.959718	291.144759	0.001161	0.9
462	-0.460968	31.957204	285.660843	0.001477	0.9
463	-0.458440	32.957201	280.366645	0.000602	1.1
464	-0.516681	32.212823	284.288607	0.001873	1.2
465	-0.507675	31.468440	288.321881	0.000324	0.9
466	-0.517224	32.466865	282.937843	0.000666	0.9
467	-0.486375	33.095286	279.650972	0.000586	0.9
468	-0.506659	33.874810	275.678392	0.000605	0.9
469	-0.491390	33.402812	278.070175	0.000707	1.0
470	-0.473978	33.720967	276.453437	0.000775	1.0
471	-0.475061	33.064578	279.809812	0.001232	1.0
472	-0.515869	32.321201	283.710781	0.000987	0.9
473	-0.489717	31.578510	287.718297	0.000594	1.0
474	-0.487841	32.576806	282.357248	0.000856	1.0
475	-0.479395	31.996681	285.448053	0.000996	0.9
476	-0.506599	32.957662	280.364247	0.001239	1.2
477	-0.457681	33.957621	275.262994	0.001320	0.9
478	-0.482508	33.213237	279.042544	0.000732	1.0
479	-0.496803	32.479981	282.868451	0.000793	1.0
480	-0.487261	31.746638	286.801208	0.000449	1.1
481	-0.507989	31.017914	290.819033	0.000667	1.1
482	-0.480811	30.306993	294.848688	0.000727	1.8
483	-0.483956	29.849714	297.500189	0.000516	1.0
484	-0.464988	29.486340	299.641436	0.000673	1.1
485	-0.497036	28.750187	304.075230	0.000876	1.9
486	-0.481420	28.871144	303.337728	0.000857	1.5
487	-0.512240	28.129810	307.914878	0.001132	1.5
488	-0.517906	27.385426	312.651981	0.001035	1.8
489	-0.497846	28.382875	306.336953	0.000323	1.3
490	-0.496619	27.918190	309.246916	0.000445	0.9
491	-0.513783	27.596212	311.295857	0.001069	1.1
492	-0.483176	26.858108	316.096896	0.000772	1.0
493	-0.518378	26.113727	321.091123	0.000611	1.0
494	-0.464824	25.370119	326.240253	0.000224	1.0
495	-0.494631	25.978657	322.014304	0.000621	1.0
496	-0.488934	25.892177	322.608172	0.000890	1.0
497	-0.493754	25.260772	327.011390	0.000658	1.4
498	-0.466481	24.516680	332.357266	0.000824	1.0
499	-0.511617	25.514532	325.227380	0.000196	0.9
500	-0.494756	26.016374	321.755981	0.000302	0.9
501	-0.457091	25.822021	323.091551	0.001126	0.9
502	-0.513875	25.943471	322.255661	0.001478	0.9
503	-0.497116	25.199091	327.447988	0.000423	0.9
504	-0.488342	26.165282	320.740146	0.001379	1.1
505	-0.510394	25.435599	325.780217	0.000978	0.9
506	-0.478933	26.435513	318.912950	0.000507	1.2
507	-0.531002	25.702917	323.915513	0.001421	1.2
508	-0.490580	24.958598	329.161462	0.000837	1.1
509	-0.510897	25.958598	322.151852	0.001231	1.0
510	-0.446628	26.958597	315.434570	0.001247	1.0
511	-0.483798	26.214673	320.404623	0.000624	1.0
512	-0.483748	25.565010	324.874821	0.000495	1.0
513	-0.494386	25.052994	328.486775	0.001146	1.0
514	-0.494770	24.311573	333.861716	0.000948	1.0
515	-0.462548	23.569460	339.420749	0.000397	1.0
516	-0.473934	24.554445	332.081741	0.000869	1.1
517	-0.513953	23.856489	337.248854	0.000604	1.0
518	-0.479307	23.112741	342.934926	0.001132	0.9
519	-0.546350	24.112686	335.333601	0.000669	1.0
520	-0.505576	25.112632	328.061937	0.000773	1.1
521	-0.511260	24.370943	333.424840	0.001290	0.9
522	-0.485096	25.370940	326.234476	0.000372	1.0
523	-0.490926	24.627651	331.548943	0.000760	0.9
524	-0.457352	25.356712	326.334608	0.000542	1.0
525	-0.518531	24.854405	329.909406	0.000735	1.0
526	-0.467338	25.842250	322.952021	0.000675	1.3
527	-0.534111	26.836745	316.238061	0.000615	1.0
528	-0.487459	26.111467	321.106524	0.000674	0.9
529	-0.478851	25.771256	323.442232	0.001200	0.9
530	-0.492103	26.771249	316.671634	0.000759	0.9
531	-0.483713	26.026865	321.684198	0.001347	1.0
532	-0.471078	27.024610	315.000982	0.001200	1.0
533	-0.491856	28.024608	308.575633	0.000489	1.0
534	-0.487745	28.993987	302.592379	0.000894	1.0
535	-0.498779	28.252821	307.145848	0.000806	1.1
536	-0.498347	29.252713	301.034482	0.001142	1.1
537	-0.480581	28.508394	305.560295	0.000829	0.9
538	-0.499009	29.508359	299.510809	0.000730	0.9
539	-0.486538	28.942117	302.906651	0.001359	1.0
540	-0.496361	28.197733	307.489769	0.001250	0.9
541	-0.478871	27.465547	312.135122	0.001241	0.9
542	-0.501911	26.721162	317.004003	0.000423	0.9
543	-0.504316	27.397474	312.574151	0.000592	0.9
544	-0.452092	28.346952	306.559955	0.000404	1.0
545	-0.481899	29.258783	300.998122	0.000181	1.0
546	-0.467844	29.618350	298.859989	0.000438	1.2
547	-0.487034	29.807889	297.745087	0.001428	0.9
548	-0.490965	29.063570	302.171810	0.000538	0.9
549	-0.500643	28.319193	306.732501	0.000664	0.9
550	-0.521599	27.579906	311.400344	0.000344	1.0
551	-0.532348	28.271534	307.029197	0.001080	1.0
552	-0.506130	29.253108	301.032116	0.000291	1.0
553	-0.469576	28.527124	305.444737	0.000415	1.0
554	-0.485118	28.417016	306.125310	0.000608	0.9
555	-0.493134	29.289538	300.814046	0.000870	0.9
556	-0.465080	30.115387	295.953923	0.000582	1.0
557	-0.495295	31.096190	290.382066	0.000526	1.0
558	-0.493994	30.396817	294.333391	0.001050	1.0
559	-0.489690	29.653707	298.651378	0.000550	1.0
560	-0.506132	29.231912	301.159138	0.001010	1.0
561	-0.475059	30.231493	295.283204	0.000619	1.0
562	-0.480750	29.712583	298.304654	0.001139	1.0
563	-0.476633	28.968254	302.748210	0.000517	1.0
564	-0.470199	29.966346	296.819382	0.001560	1.0
565	-0.484757	29.233489	301.149688	0.000964	1.1
566	-0.489658	30.233489	295.271703	0.000862	1.1
567	-0.443223	29.860439	297.437451	0.000925	1.1
568	-0.499157	29.116184	301.854573	0.001214	1.1
569	-0.437825	30.051396	296.324893	0.000795	1.1
570	-0.483320	29.307015	300.709545	0.001407	1.0
571	-0.511401	30.156568	295.715682	0.000569	1.0
572	-0.506283	29.412205	300.082083	0.000603	1.0
573	-0.482568	29.113350	301.871643	0.001294	1.0
574	-0.503945	28.368975	306.423202	0.000501	1.0
575	-0.499058	27.646588	310.973496	0.000324	1.1
576	-0.489489	27.462561	312.154357	0.000760	0.9
577	-0.482107	27.281224	313.326758	0.000556	0.9
578	-0.488334	28.195085	307.506318	0.000432	0.9
579	-0.501300	29.132825	301.754381	0.000918	1.0
580	-0.450862	30.054402	296.307445	0.000900	1.0
581	-0.476305	30.964639	291.117184	0.000881	1.1
582	-0.492153	30.223562	295.328922	0.000727	1.3
583	-0.491573	29.479732	299.680659	0.000855	1.1
584	-0.526988	28.735488	304.165092	0.001389	1.2
585	-0.497231	29.735450	298.170204	0.000892	0.9
586	-0.487472	30.650215	292.889378	0.000740	0.9
587	-0.479581	30.538969	293.521575	0.000889	0.9
588	-0.554362	31.533535	287.964622	0.000776	0.9
589	-0.471049	32.229730	284.198313	0.001183	1.0
590	-0.501791	31.899732	285.971191	0.000563	1.0
591	-0.498093	32.898804	280.670411	0.001761	1.0
592	-0.496820	32.168431	284.525968	0.000355	1.0
593	-0.472151	33.158992	279.322029	0.000711	1.1
594	-0.536360	34.112995	274.486978	0.000659	1.1
595	-0.529111	34.241836	273.846791	0.000858	0.9
596	-0.482213	35.241160	268.980930	0.000743	0.9
597	-0.461979	35.793245	266.366174	0.000993	1.0
598	-0.465563	35.465003	267.914614	0.000370	1.0
599	-0.484466	35.705138	266.780049	0.000834	0.9
600	-0.474907	36.605896	262.608526	0.000680	1.3
601	-0.475117	35.861926	266.044443	0.001188	0.9
602	-0.486909	35.439185	268.037168	0.000878	0.9
603	-0.489189	36.439140	263.370925	0.000247	1.0
604	-0.491952	36.634973	262.476038	0.000581	1.2
605	-0.477732	37.320770	259.389568	0.001604	1.0
606	-0.485317	38.320761	255.016950	0.001321	1.0
607	-0.496885	39.320761	250.789268	0.001124	1.1
608	-0.507816	40.320761	246.699475	0.000248	1.1
609	-0.472583	39.628739	249.515324	0.000791	1.4
610	-0.472227	39.194754	251.314249	0.000425	1.0
611	-0.490457	38.465845	254.394761	0.000572	0.9
612	-0.479176	39.396832	250.473393	0.001362	1.1
613	-0.495897	40.396814	246.393883	0.000500	1.2
614	-0.487602	39.652467	249.417709	0.000271	1.1
615	-0.467074	39.998723	248.001904	0.000496	1.2
616	-0.497864	39.696469	249.236895	0.000363	1.0
617	-0.515790	40.040988	247.830186	0.000215	0.9
618	-0.484946	40.397647	246.390540	0.000768	0.9
619	-0.466769	40.942265	244.224189	0.001307	0.9
620	-0.525858	40.197881	247.194826	0.001171	0.9
621	-0.477307	41.197881	243.220497	0.000523	1.1
622	-0.488978	40.453680	246.165885	0.000661	1.0
623	-0.507136	41.294177	242.844518	0.001145	1.0
624	-0.525533	42.287866	239.031592	0.000765	0.9
625	-0.452545	41.554158	241.835236	0.001227	0.9
626	-0.470919	40.831723	244.660809	0.000994	0.9
627	-0.507332	41.831017	240.769608	0.000716	1.0
628	-0.519320	42.821894	237.031501	0.000938	1.0
629	-0.506746	42.088281	239.787791	0.000558	1.2
630	-0.479620	41.737711	241.127692	0.000565	1.1
631	-0.467534	42.588566	237.901253	0.000532	1.2
632	-0.475394	41.861557	240.652635	0.000940	0.9
633	-0.482834	42.833036	236.990128	0.000396	0.9
634	-0.503675	42.141368	239.586184	0.000629	0.9
635	-0.503520	41.501538	242.038833	0.001289	0.9
636	-0.471860	42.501518	238.227367	0.000456	0.9
637	-0.510164	43.489498	234.577721	0.000739	1.0
638	-0.465686	42.876533	236.828749	0.000495	1.0
639	-0.498771	43.137340	235.865711	0.000962	1.0
640	-0.512055	42.618391	237.789721	0.000713	1.0
641	-0.524479	41.881359	240.576854	0.001136	1.1
642	-0.467830	42.881184	236.811508	0.000188	0.9
643	-0.484601	42.249314	239.177287	0.000670	0.9
644	-0.476986	42.125348	239.646986	0.000450	1.0
645	-0.505108	42.995375	236.388948	0.000882	1.0
646	-0.469820	42.356857	238.771306	0.000703	0.9
647	-0.501673	43.328719	235.164010	0.000761	1.0
648	-0.465198	44.016742	232.675445	0.000741	1.0
649	-0.481410	44.526147	230.866611	0.000834	0.9
650	-0.478035	45.493175	227.509056	0.000674	0.9
651	-0.473815	45.984548	225.840135	0.000903	1.1
652	-0.493566	45.240495	228.376908	0.000760	1.1
653	-0.488986	46.205642	225.097165	0.000638	0.9
654	-0.478829	47.188779	221.851742	0.001159	0.9
655	-0.488968	48.090116	218.957505	0.000599	0.9
656	-0.466952	49.089924	215.834155	0.000748	0.9
657	-0.488341	48.446676	217.833311	0.000767	1.0
658	-0.461851	47.702596	220.192543	0.001147	1.0
659	-0.479424	47.233910	221.705005	0.000891	1.0
660	-0.467217	46.489998	224.148760	0.000659	1.3
661	-0.497913	47.488793	220.879926	0.001232	1.2
662	-0.486664	46.752659	223.279788	0.001082	1.1
663	-0.497741	47.752659	220.032209	0.001289	1.1
664	-0.471732	47.594358	220.539996	0.001115	1.1
665	-0.498521	46.854914	222.943316	0.001161	0.9
666	-0.473411	46.110529	225.416186	0.000427	0.9
667	-0.489087	47.038040	222.343256	0.000569	0.9
668	-0.474962	46.767063	223.232329	0.001124	0.9
669	-0.493451	47.766772	219.987051	0.000961	1.0
670	-0.502548	47.022387	222.394420	0.000761	1.2
671	-0.494224	48.017541	219.187748	0.001133	1.0
672	-0.463970	47.389616	221.200238	0.001239	1.0
673	-0.485747	47.578498	220.591001	0.001295	1.0
674	-0.496700	48.452041	217.816486	0.000782	1.1
675	-0.468095	47.854764	219.705924	0.001162	1.1
676	-0.506441	47.110506	222.106695	0.001366	1.1
677	-0.497841	46.548884	223.953357	0.000424	0.9
678	-0.483589	47.032715	222.360660	0.001232	0.9
679	-0.505581	47.316916	221.435631	0.000814	1.1
680	-0.502976	48.316292	218.243057	0.000869	1.0
681	-0.507419	49.229105	215.406411	0.000431	0.9
682	-0.486848	50.035470	212.961208	0.000320	0.9
683	-0.477767	49.601222	214.271072	0.000774	0.9
684	-0.460735	48.972854	216.195262	0.000913	0.9
685	-0.470666	48.233534	218.503934	0.000671	0.9
686	-0.488342	48.243950	218.471065	0.000557	0.9
687	-0.478763	48.481267	217.724863	0.000585	1.0
688	-0.483953	47.878045	219.631660	0.000766	1.0
689	-0.477562	48.431446	217.881093	0.000670	1.1
690	-0.505332	47.726456	220.116098	0.000287	1.4
691	-0.516175	47.604396	220.507726	0.000962	1.4
692	-0.468153	47.781764	219.939101	0.000354	1.1
693	-0.507692	48.317415	218.239521	0.000738	1.2
694	-0.501837	47.675365	220.279854	0.000257	1.4
695	-0.497671	48.449765	217.823622	0.000926	1.2
696	-0.483777	49.155482	215.632464	0.000471	0.9
697	-0.472454	48.847597	216.582962	0.000778	1.1
698	-0.486812	48.236932	218.493210	0.000609	1.0
699	-0.505039	47.495873	220.857092	0.000349	0.9
700	-0.501532	46.814416	223.076453	0.000585	0.9
701	-0.449930	46.832681	223.016387	0.001071	0.9
702	-0.526218	47.831179	219.781203	0.000877	1.0
703	-0.518615	47.086795	222.184043	0.000686	0.9
704	-0.508493	46.343528	224.636279	0.001175	0.9
705	-0.476673	47.343475	221.349580	0.000503	0.9
706	-0.455977	46.909617	222.763728	0.000621	1.0
707	-0.492457	46.594520	223.802157	0.000480	1.1
708	-0.516322	47.363603	221.284409	0.001111	1.1
709	-0.513376	48.362093	218.098947	0.000868	1.1
710	-0.460476	47.617746	220.464826	0.000723	1.4
711	-0.465755	48.617261	217.299548	0.000628	0.9
712	-0.504507	47.884695	219.610459	0.001269	0.9
713	-0.465731	48.879793	216.483176	0.000989	1.0
714	-0.516499	49.867694	213.465382	0.001274	1.0
715	-0.471366	49.125161	215.725701	0.000446	0.9
716	-0.498573	48.385360	218.025812	0.000315	1.2
717	-0.466174	48.476970	217.738329	0.000847	1.1
718	-0.471806	47.783168	219.934613	0.000886	0.9
719	-0.492240	48.780711	216.790560	0.000398	0.9
720	-0.494453	48.237493	218.491439	0.000996	1.0
721	-0.480891	49.225010	215.418972	0.000679	1.0
722	-0.490328	48.480892	217.726038	0.001401	1.0
723	-0.443098	47.736959	220.082467	0.001118	1.0
724	-0.465664	46.992574	222.491937	0.000949	1.0
725	-0.473617	47.992570	219.267080	0.000557	1.2
726	-0.471181	47.498805	220.847639	0.000892	1.2
727	-0.511550	46.755865	223.269225	0.000648	0.9
728	-0.497914	46.012284	225.746661	0.000933	0.9
729	-0.514058	45.928837	226.028123	0.000685	0.9
730	-0.476495	45.231427	228.408174	0.000585	0.9
731	-0.482509	44.564749	230.730686	0.000514	0.9
732	-0.493371	44.077503	232.458204	0.000630	1.0
733	-0.496737	44.992221	229.236102	0.000965	0.9
734	-0.459242	45.988988	225.825169	0.000436	1.0
735	-0.498452	45.668290	226.911466	0.001745	1.0
736	-0.507240	46.664277	223.571435	0.001643	1.1
737	-0.530668	45.919892	226.058336	0.000815	0.9
738	-0.492319	45.175507	228.601186	0.001243	0.9
739	-0.502791	46.173949	225.203365	0.000969	0.9
740	-0.494148	47.173949	221.900002	0.000384	0.9
741	-0.471806	48.160182	218.735679	0.000880	1.0
742	-0.450461	47.424291	221.088141	0.000535	1.1
743	-0.492813	46.693843	223.473785	0.001284	1.0
744	-0.526581	45.949627	225.957933	0.001025	0.9
745	-0.489201	45.334229	228.054200	0.000407	0.9
746	-0.492268	46.328349	224.686920	0.000924	1.1
747	-0.489731	46.710526	223.418725	0.000881	0.9
748	-0.476065	45.966342	225.901535	0.001295	0.9
749	-0.476058	45.221975	228.440777	0.000739	0.9
750	-0.495541	44.477595	231.037799	0.000526	0.9
751	-0.468298	45.443076	227.680599	0.000982	0.9
752	-0.466429	46.427797	224.355534	0.001399	0.9
753	-0.472285	45.683412	226.860008	0.000566	1.0
754	-0.476304	44.965493	229.328981	0.001413	1.0
755	-0.449063	44.646066	230.444874	0.001107	1.0
756	-0.471336	45.645913	226.987654	0.000725	1.0
757	-0.494875	46.645906	223.632151	0.000725	1.0
758	-0.471749	46.280814	224.845665	0.000699	1.0
759	-0.463884	45.542405	227.340738	0.000362	1.2
760	-0.480594	46.497133	224.125067	0.001174	0.9
761	-0.501227	46.473694	224.202922	0.000801	0.9
762	-0.520694	47.473267	220.930008	0.000845	0.9
763	-0.492271	48.472599	217.752030	0.000868	0.9
764	-0.474913	47.885082	219.609224	0.000930	0.9
765	-0.453898	48.880868	216.479845	0.000575	1.0
766	-0.491694	48.143020	218.789972	0.001248	1.1
767	-0.438772	47.398658	221.170999	0.000379	1.0
768	-0.506169	46.664013	223.572307	0.000949	1.0
769	-0.505157	46.864509	222.911792	0.000270	1.0
770	-0.495133	47.632708	220.416764	0.000470	1.0
771	-0.493712	47.246650	221.663620	0.001307	1.0
772	-0.514717	46.508441	224.087525	0.000677	0.9
773	-0.484602	45.776387	226.544145	0.000931	0.9
774	-0.480252	46.776239	223.202108	0.000860	0.9
775	-0.500970	46.031944	225.680452	0.000235	1.1
776	-0.509646	46.936148	222.676733	0.000763	1.1
777	-0.515086	46.789825	223.157374	0.000917	0.9
778	-0.499059	46.045734	225.634033	0.001169	1.0
779	-0.516715	45.302128	228.164613	0.001072	1.0
780	-0.512957	44.613528	230.559154	0.000961	1.0
781	-0.487243	45.291298	228.201889	0.000548	1.0
782	-0.477643	45.309818	228.138152	0.000920	1.0
783	-0.445249	46.124564	225.369053	0.000275	1.0
784	-0.464190	46.955735	222.612550	0.000976	1.0
785	-0.473277	47.912349	219.522329	0.000921	1.1
786	-0.485509	48.842409	216.599049	0.000631	0.9
787	-0.474714	48.426049	217.898030	0.000421	0.9
788	-0.486876	49.354670	215.021967	0.000474	0.9
789	-0.471925	49.077284	215.873084	0.000828	1.0
790	-0.479350	48.759631	216.856071	0.001037	1.7
791	-0.490935	48.016097	219.192334	0.001003	1.3
792	-0.491398	47.272118	221.580930	0.000630	0.9
793	-0.475531	48.271356	218.384630	0.000539	0.9
794	-0.484532	47.665326	220.312060	0.000514	1.0
795	-0.505709	48.171389	218.700241	0.001485	1.1
796	-0.479404	49.084725	215.850164	0.001368	1.0
797	-0.475419	48.454131	217.809930	0.001731	1.0
798	-0.495744	49.454131	214.718416	0.000484	1.0
799	-0.502100	50.451210	211.722088	0.000701	1.0
800	-0.476486	51.189692	209.556228	0.001134	1.0
801	-0.478160	52.189246	206.694292	0.000598	1.0
802	-0.492930	53.188446	203.910449	0.000395	1.0
803	-0.505780	53.551905	202.916337	0.000704	1.2
804	-0.514240	52.870331	204.788570	0.000508	1.1
805	-0.455671	52.133243	206.852574	0.000965	0.9
806	-0.494147	51.444429	208.819362	0.000850	1.1
807	-0.499380	50.740854	210.867289	0.000851	1.1
808	-0.500694	51.740011	207.970815	0.001182	1.0
809	-0.467029	50.995627	210.121087	0.000600	1.0
810	-0.502450	51.793406	207.818267	0.000629	0.9
811	-0.497386	52.581520	205.592375	0.000418	0.9
812	-0.515202	53.482737	203.104774	0.000615	1.1
813	-0.507214	54.295405	200.912650	0.000560	1.1
814	-0.481892	54.009673	201.677982	0.000633	1.0
815	-0.490712	54.599144	200.105432	0.000234	1.0
816	-0.493707	54.326741	200.829072	0.000544	1.0
817	-0.512441	54.022869	201.642507	0.000493	1.0
818	-0.505942	53.473568	203.129779	0.001205	0.9
819	-0.527609	54.472950	200.440017	0.001157	1.1
820	-0.494482	55.418484	197.959952	0.000370	1.0
821	-0.485238	56.154662	196.071101	0.000651	1.0
822	-0.482058	55.624800	197.426935	0.000182	1.3
823	-0.490721	55.921607	196.665152	0.000411	1.0
824	-0.488757	55.932451	196.637431	0.000872	0.9
825	-0.494587	56.923649	194.136177	0.000756	0.9
826	-0.504945	57.923362	191.677079	0.000931	0.9
827	-0.498816	58.922972	189.279741	0.000604	0.9
828	-0.490090	58.179888	191.056085	0.001254	0.9
829	-0.460408	57.435529	192.869222	0.000893	0.9
830	-0.512196	56.691456	194.716386	0.001210	1.0
831	-0.465967	57.690658	192.243906	0.001166	1.0
832	-0.487065	56.946285	194.079800	0.001164	1.3
833	-0.504916	56.201903	195.951120	0.001068	1.1
834	-0.495612	55.490631	197.773234	0.001156	1.1
835	-0.493693	54.790735	199.599587	0.000788	1.2
836	-0.525585	54.047545	201.576206	0.000507	1.1
837	-0.468648	53.335045	203.508310	0.000721	1.2
838	-0.496636	52.804685	204.970720	0.000465	1.1
839	-0.492636	52.108906	206.921431	0.000330	1.0
840	-0.523445	51.475973	208.728477	0.000363	0.9
841	-0.463211	52.156646	206.786400	0.001160	1.0
842	-0.477604	52.994151	204.445882	0.000677	1.0
843	-0.512260	52.595335	205.553781	0.000596	0.9
844	-0.504842	52.486603	205.857923	0.000642	0.9
845	-0.473557	53.163910	203.977910	0.001112	0.9
846	-0.476837	52.687007	205.298057	0.001202	1.0
847	-0.449885	53.687002	202.549294	0.000747	1.0
848	-0.504331	54.686613	199.874177	0.001002	1.0
849	-0.480237	53.942279	201.859345	0.000709	1.1
850	-0.480393	54.942125	199.201688	0.000723	1.0
851	-0.488920	55.877957	196.776815	0.001289	1.0
852	-0.463664	56.863448	194.286278	0.000649	0.9
853	-0.485313	56.543260	195.088515	0.000943	0.9
854	-0.502503	56.727975	194.624901	0.000586	1.1
855	-0.486736	57.725532	192.158746	0.000797	1.0
856	-0.490611	58.681792	189.852651	0.000235	1.0
857	-0.519720	58.051310	191.366841	0.001029	1.0
858	-0.459717	57.356325	193.064177	0.001187	1.0
859	-0.484609	58.356325	190.631300	0.001559	1.0
860	-0.514817	57.642837	192.360805	0.000707	1.1
861	-0.500689	58.626147	189.985325	0.000280	1.1
862	-0.506293	59.272060	188.456599	0.000963	0.9
863	-0.503916	60.047970	186.652417	0.000468	0.9
864	-0.507142	59.304982	188.379338	0.000474	1.0
865	-0.486125	58.725052	189.749633	0.000469	1.2
866	-0.494193	58.072254	191.316154	0.001325	0.9
867	-0.512172	57.387201	192.988132	0.000374	0.9
868	-0.453104	56.646724	194.828559	0.000762	0.9
869	-0.467844	56.524730	195.135144	0.000739	0.9
870	-0.508251	57.493528	192.726709	0.000690	1.2
871	-0.486496	56.755260	194.556606	0.000725	1.0
872	-0.499026	57.746319	192.108020	0.001068	1.0
873	-0.495122	58.746223	189.699260	0.000959	1.0
874	-0.516844	58.159382	191.105578	0.001184	1.0
875	-0.484364	59.159305	188.721689	0.000139	1.0
876	-0.508878	58.776280	189.627788	0.000482	1.0
877	-0.493780	58.468972	190.361082	0.000322	1.0
878	-0.495664	58.576215	190.104536	0.000904	1.0
879	-0.459279	59.215363	188.589802	0.000326	1.1
880	-0.484402	58.590503	190.070409	0.000549	1.0
881	-0.501247	58.196242	191.016631	0.000936	0.9
882	-0.520217	57.997912	191.496192	0.000629	0.9
883	-0.479666	57.266613	193.285475	0.000227	0.9
884	-0.477051	56.707376	194.676493	0.000526	1.0
885	-0.495640	56.600566	194.944446	0.001156	1.0
886	-0.485796	57.532744	192.630470	0.000263	1.1
887	-0.499856	57.118556	193.651805	0.000995	1.0
888	-0.490249	57.767724	192.055814	0.001784	1.0
889	-0.467854	57.023340	193.888130	0.000536	1.1
890	-0.498635	56.279141	195.755274	0.000416	1.1
891	-0.483269	57.116719	193.656359	0.000257	0.9
892	-0.463276	57.213346	193.417112	0.000736	0.9
893	-0.504266	57.332681	193.122451	0.001239	0.9
894	-0.463009	58.332664	190.688157	0.000245	0.9
895	-0.506107	59.271622	188.457628	0.000833	1.1
896	-0.510108	59.809316	187.203657	0.001637	0.9
897	-0.463725	60.809315	184.915366	0.000850	0.9
898	-0.523373	60.064930	186.613365	0.000647	0.9
899	-0.529178	61.059899	184.350695	0.001120	1.2
900	-0.458564	60.315573	186.038157	0.001486	1.0
901	-0.452995	59.571189	187.756935	0.000917	1.0
902	-0.466546	58.826824	189.507721	0.000905	1.0
903	-0.518122	58.914521	189.299757	0.000633	1.0
904	-0.511843	59.912428	186.965090	0.001163	0.9
905	-0.508651	59.168570	188.699878	0.001026	0.9
906	-0.503036	58.424254	190.468260	0.000794	0.9
907	-0.480435	57.679887	192.270222	0.000889	0.9
908	-0.474298	58.576806	190.103125	0.000552	1.0
909	-0.499518	58.147945	191.133194	0.000760	1.2
910	-0.485566	57.796370	191.985993	0.000908	1.0
911	-0.534225	58.794788	189.583805	0.001314	1.3
912	-0.500337	59.794548	187.237874	0.001103	1.2
913	-0.493927	60.794547	184.948754	0.000601	1.0
914	-0.467863	61.793241	182.717806	0.001240	0.9
915	-0.514011	61.049214	184.374702	0.001472	1.0
916	-0.493291	62.049214	182.154636	0.000314	1.1
917	-0.494780	61.330711	183.744306	0.000617	0.9
918	-0.457257	62.057568	182.136316	0.000528	0.9
919	-0.489389	61.370250	183.656106	0.000535	0.9
920	-0.516440	61.008011	184.467337	0.001101	0.9
921	-0.472966	60.451638	185.727382	0.000653	0.9
922	-0.494728	59.735001	187.375973	0.001283	0.9
923	-0.442210	58.991564	189.117435	0.000549	1.0
924	-0.465827	59.991477	186.782609	0.001028	1.0
925	-0.506893	60.980566	184.529092	0.000797	1.0
926	-0.465741	60.243146	186.204007	0.000885	1.1
927	-0.511191	60.601953	185.385262	0.000394	0.9
928	-0.490532	59.945867	186.887855	0.001027	1.0
929	-0.493243	60.941748	184.616508	0.001331	1.0
930	-0.477399	60.200118	186.302677	0.000512	1.0
931	-0.475728	59.504067	187.913480	0.000246	1.0
932	-0.485802	60.002494	186.757206	0.000608	1.2
933	-0.492339	59.847910	187.114291	0.001043	1.0
934	-0.539402	60.810913	184.911754	0.000774	1.0
935	-0.501383	60.459794	185.708787	0.000595	1.0
936	-0.457756	60.569104	185.459918	0.001006	1.1
937	-0.499647	59.826738	187.163304	0.001038	1.0
938	-0.447619	60.700391	185.161898	0.000430	1.0
939	-0.485331	59.964886	186.843953	0.000577	1.0
940	-0.490844	59.249399	188.509815	0.000709	1.0
941	-0.485088	58.508314	190.266888	0.001025	0.9
942	-0.507121	59.508047	187.904191	0.000498	0.9
943	-0.466161	60.502964	185.610421	0.001150	1.0
944	-0.466964	59.773050	187.287708	0.000768	1.1
945	-0.499751	60.773046	184.997381	0.000745	1.1
946	-0.504518	60.029650	186.694616	0.000967	1.0
947	-0.486297	61.011718	184.458999	0.001396	1.1
948	-0.494973	62.011718	182.236916	0.000729	1.0
949	-0.515404	61.267333	183.885862	0.001012	1.0
950	-0.481504	62.263286	181.686312	0.000606	1.0
951	-0.467533	61.519275	183.324434	0.000974	0.9
952	-0.472802	62.516809	181.134786	0.000751	0.9
953	-0.498081	61.782301	182.741953	0.000868	1.0
954	-0.483737	62.781613	180.562285	0.000617	1.1
955	-0.456654	62.524843	181.117365	0.000700	1.0
956	-0.534792	61.804600	182.692742	0.000856	0.9
957	-0.442845	61.060885	184.348479	0.001145	0.9
958	-0.482924	62.060841	182.129138	0.000410	1.0
959	-0.502268	61.385305	183.622545	0.001701	1.0
960	-0.490506	62.380469	181.430971	0.000430	1.0
961	-0.496804	63.181326	179.704932	0.001713	1.0
962	-0.472603	64.181288	177.595335	0.000857	1.1
963	-0.508359	65.181288	175.534617	0.000787	1.2
964	-0.489485	66.181232	173.521286	0.000490	1.2
965	-0.522263	67.040461	171.827809	0.000872	0.9
966	-0.504932	67.239364	171.440485	0.000525	0.9
967	-0.491671	67.385222	171.157565	0.001416	0.9
968	-0.496414	66.697731	172.499325	0.000928	1.0
969	-0.495759	67.575630	170.789634	0.001807	1.0
970	-0.478385	68.575554	168.883125	0.000795	1.1
971	-0.480748	69.575554	167.018570	0.000770	1.1
972	-0.491415	70.170885	165.927964	0.000393	1.1
973	-0.505079	70.716442	164.940975	0.000736	1.1
974	-0.503775	70.435984	165.446893	0.001137	1.2
975	-0.487221	71.435974	163.657057	0.000987	0.9
976	-0.446689	70.997327	164.437380	0.000533	0.9
977	-0.453172	70.377638	165.552533	0.000671	1.0
978	-0.536957	69.717867	166.756560	0.001271	1.0
979	-0.473829	69.389651	167.362073	0.000500	1.1
980	-0.516344	70.382275	165.544133	0.000872	1.1
981	-0.477023	70.371267	165.564077	0.000868	1.0
982	-0.473999	71.369100	163.775542	0.001198	0.9
983	-0.474482	72.369076	162.021518	0.000443	1.1
984	-0.518924	71.625452	163.322273	0.000951	1.1
985	-0.500192	72.612169	161.600779	0.001772	1.0
986	-0.481324	71.867784	162.896096	0.000421	1.0
987	-0.455058	72.867534	161.161147	0.000905	1.0
988	-0.487998	72.193814	162.326219	0.000531	1.0
989	-0.466658	71.458671	163.616881	0.001150	1.0
990	-0.523189	72.457774	161.867748	0.001122	1.0
991	-0.482674	73.457750	160.154137	0.000600	1.2
992	-0.468147	72.837941	161.211971	0.000748	1.1
993	-0.483018	73.568150	159.967171	0.001047	1.0
994	-0.492261	74.561299	158.304664	0.001183	1.0
995	-0.493409	75.561299	156.665243	0.000510	1.1
996	-0.489594	75.073120	157.461312	0.001905	1.0
997	-0.475407	76.073087	155.839274	0.000242	1.0
998	-0.472881	77.050197	154.286273	0.000577	1.0
999	-0.488248	76.586572	155.019273	0.000575	1.0
1000	-0.477108	76.003435	155.951172	0.001155	0.9
1001	-0.493210	75.259241	157.156853	0.000393	1.0
1002	-0.500773	75.628837	156.555743	0.001089	1.1
1003	-0.486432	75.919653	156.085985	0.001527	1.1
1004	-0.506239	75.175268	157.294071	0.000621	1.0
1005	-0.461169	76.174868	155.676047	0.000845	1.0
1006	-0.510707	77.173206	154.092955	0.000369	1.0
1007	-0.491024	76.530228	155.108828	0.001097	0.9
1008	-0.509604	77.520100	153.550387	0.001645	1.0
1009	-0.519123	78.520100	152.007479	0.000549	1.0
1010	-0.496033	77.779957	153.146446	0.001164	1.0
1011	-0.495510	78.231065	152.450238	0.001286	1.3
1012	-0.499010	77.486680	153.602492	0.000672	1.0
1013	-0.477078	78.485626	152.060153	0.000642	1.2
1014	-0.499933	77.761541	153.175004	0.000709	1.0
1015	-0.494917	77.931897	152.911244	0.001072	0.9
1016	-0.482828	78.921308	151.397131	0.000545	1.0
1017	-0.477735	79.589248	150.391813	0.000322	1.0
1018	-0.501523	78.948936	151.355282	0.001568	1.0
1019	-0.490050	79.947670	149.857837	0.000955	1.1
1020	-0.496273	80.947670	148.387888	0.000397	1.1
1021	-0.492834	81.466466	147.636588	0.000939	1.0
1022	-0.498532	81.938935	146.958966	0.000808	0.9
1023	-0.485738	82.933979	145.552009	0.000629	1.0
1024	-0.514208	82.250776	146.515116	0.000611	1.0
1025	-0.492617	82.655827	145.942585	0.000885	1.1
1026	-0.516605	83.329236	145.000578	0.000907	1.1
1027	-0.489029	83.756740	144.408841	0.000873	1.3
1028	-0.471915	84.756527	143.043648	0.000442	1.0
1029	-0.505330	84.396083	143.532843	0.000756	1.2
1030	-0.482628	83.862479	144.263226	0.000791	1.1
1031	-0.477880	83.119037	145.293309	0.000378	1.0
1032	-0.503395	83.903523	144.206781	0.000947	1.0
1033	-0.497064	83.317865	145.016383	0.001031	1.0
1034	-0.480080	84.315477	143.642700	0.000824	1.0
1035	-0.517073	85.315411	142.291690	0.000244	1.1
1036	-0.478878	86.118798	141.224508	0.000833	1.1
1037	-0.504706	85.902551	141.510181	0.000532	1.0
1038	-0.466720	85.198895	142.447804	0.001274	1.2
1039	-0.483638	86.198773	141.119147	0.000563	1.2
1040	-0.493310	87.066241	139.986358	0.000474	1.1
1041	-0.517240	86.410344	140.841179	0.000865	1.2
1042	-0.471292	87.195669	139.818900	0.001681	1.0
1043	-0.470624	86.451286	140.787514	0.000570	1.0
1044	-0.474947	87.400230	139.555049	0.000407	1.0
1045	-0.479574	87.132386	139.900726	0.000785	1.0
1046	-0.516862	86.397365	140.858199	0.000562	1.0
1047	-0.467459	87.308349	139.673438	0.000581	1.1
1048	-0.503513	88.266303	138.448900	0.001030	1.1
1049	-0.493129	89.265520	137.194287	0.000354	1.0
1050	-0.491650	88.533867	138.110704	0.000700	1.1
1051	-0.499252	87.836405	138.995766	0.000368	1.0
1052	-0.489355	87.260188	139.735573	0.000693	1.1
1053	-0.525384	87.912425	138.898748	0.000604	1.0
1054	-0.497738	87.178795	139.840709	0.000880	1.0
1055	-0.497185	87.515709	139.406540	0.000485	1.0
1056	-0.496210	88.062031	138.708213	0.000502	1.4
1057	-0.482639	88.033849	138.744065	0.000549	1.3
1058	-0.479451	87.450283	139.490641	0.001070	1.0
1059	-0.493645	88.449157	138.217597	0.000838	1.0
1060	-0.484596	89.447772	136.967901	0.000884	0.9
1061	-0.482959	88.703405	137.897265	0.001425	0.9
1062	-0.455427	89.703405	136.651618	0.000950	0.9
1063	-0.489339	90.703391	135.428291	0.001079	0.9
1064	-0.481547	89.959007	136.336831	0.001381	1.0
1065	-0.516399	90.842139	135.260283	0.000860	1.1
1066	-0.474647	90.097755	136.166563	0.001279	1.1
1067	-0.481490	89.353373	137.085066	0.000718	1.0
1068	-0.510097	88.609047	138.015974	0.000993	1.0
1069	-0.503531	89.545268	136.847100	0.000207	1.0
1070	-0.483474	89.770761	136.568525	0.001584	1.0
1071	-0.483866	89.034655	137.482136	0.000760	1.7
1072	-0.499165	89.982176	136.308369	0.001502	1.2
1073	-0.479565	90.982158	135.091159	0.000688	1.0
1074	-0.488649	91.982081	133.895564	0.000263	1.1
1075	-0.486287	92.304167	133.514943	0.000316	1.0
1076	-0.503521	92.180755	133.660527	0.000390	1.0
1077	-0.482874	91.792867	134.120179	0.000176	0.9
1078	-0.511922	91.766443	134.151606	0.001316	1.0
1079	-0.473022	92.013420	133.858434	0.000585	1.0
1080	-0.509437	91.715179	134.212619	0.000571	1.1
1081	-0.465575	91.078824	134.974645	0.000387	1.1
1082	-0.478975	90.435607	135.753731	0.001128	1.0
1083	-0.440350	89.716009	136.636062	0.001726	1.3
1084	-0.501948	90.011283	136.272629	0.000870	1.1
1085	-0.492771	89.266901	137.192569	0.000371	1.2
1086	-0.486616	90.248317	135.982277	0.000177	1.4
1087	-0.500406	90.075227	136.194180	0.000627	1.0
1088	-0.505028	90.345736	135.863303	0.000765	1.0
1089	-0.509403	90.912542	135.175192	0.000704	1.0
1090	-0.510644	91.679114	134.255577	0.000402	1.0
1091	-0.496620	91.388158	134.603144	0.002012	1.1
1092	-0.466346	92.356440	133.453374	0.000922	1.0
1093	-0.510256	91.613780	134.333467	0.001068	1.0
1094	-0.512583	90.869414	135.227306	0.000622	1.0
1095	-0.528867	91.625035	134.320042	0.000455	0.9
1096	-0.480508	91.594723	134.356203	0.000946	0.9
1097	-0.509629	92.138941	133.709926	0.001382	1.0
1098	-0.465932	93.138941	132.538460	0.000812	1.0
1099	-0.467120	92.394556	133.408515	0.000256	1.1
1100	-0.518273	92.410666	133.389565	0.001253	1.0
1101	-0.491672	91.850683	134.051466	0.001000	1.5
1102	-0.511598	91.106351	134.941502	0.000819	1.5
1103	-0.482400	91.219617	134.805302	0.000801	1.0
1104	-0.476864	92.216384	133.618465	0.000449	0.9
1105	-0.482169	93.048365	132.643721	0.000934	0.9
1106	-0.468916	93.368980	132.271875	0.000232	0.9
1107	-0.478118	94.267321	131.241008	0.000594	1.0
1108	-0.500760	94.834674	130.598196	0.001236	1.0
1109	-0.485624	94.903988	130.520095	0.000672	1.1
1110	-0.452279	94.159623	131.363746	0.001252	1.0
1111	-0.498593	93.434422	132.196233	0.001162	1.1
1112	-0.498516	94.434421	131.051027	0.000825	1.0
1113	-0.477545	93.690664	131.900879	0.000501	1.0
1114	-0.486709	93.158765	132.515444	0.001398	1.0
1115	-0.504197	94.150673	131.373956	0.001178	1.1
1116	-0.493610	93.407851	132.226935	0.000775	1.2
1117	-0.474185	94.406592	131.082629	0.000665	1.1
1118	-0.499542	93.663784	131.931800	0.000892	1.0
1119	-0.476755	93.129036	132.549963	0.001252	1.0
1120	-0.482138	94.128020	131.399806	0.000533	1.2
1121	-0.494587	93.787059	131.790113	0.000811	1.1
1122	-0.486760	94.501099	130.975372	0.000742	0.9
1123	-0.483543	95.461852	129.894890	0.001308	0.9
1124	-0.521631	96.461791	128.789109	0.001126	0.9
1125	-0.524342	95.717406	129.610483	0.000548	1.0
1126	-0.509417	94.974227	130.441045	0.000900	1.0
1127	-0.491699	95.921985	129.383704	0.000464	1.0
1128	-0.497717	96.586141	128.652911	0.001040	1.0
1129	-0.491918	97.215464	127.968025	0.000635	1.4
1130	-0.468310	97.051927	128.145299	0.001174	1.2
1131	-0.443830	96.356568	128.904582	0.001402	1.1
1132	-0.476928	97.356560	127.815471	0.000423	1.0
1133	-0.473283	98.059246	127.061105	0.000645	1.0
1134	-0.485740	98.400458	126.698002	0.000739	1.0
1135	-0.512737	97.658320	127.490424	0.000701	1.0
1136	-0.487243	96.914840	128.294280	0.000362	1.0
1137	-0.504511	96.326275	128.937865	0.000472	1.1
1138	-0.458242	96.527466	128.717141	0.000927	1.1
1139	-0.475676	95.810406	129.507293	0.001472	1.0
1140	-0.486774	96.810406	128.408007	0.000778	0.9
1141	-0.501335	97.608226	127.544269	0.000331	1.0
1142	-0.497771	96.960959	128.244120	0.000687	1.0
1143	-0.499777	97.672538	127.475149	0.001040	0.9
1144	-0.494742	97.988387	127.136772	0.000707	0.9
1145	-0.475907	97.244037	127.937102	0.001107	1.1
1146	-0.491559	96.971532	128.232627	0.001649	0.9
1147	-0.498395	96.230441	129.043270	0.001580	1.0
1148	-0.491751	95.530151	129.818757	0.000322	1.1
1149	-0.479291	94.788148	130.650673	0.001234	1.0
1150	-0.507288	94.123529	131.404932	0.000804	0.9
1151	-0.489914	94.977835	130.436987	0.000579	0.9
1152	-0.512881	95.889590	129.419561	0.000832	0.9
1153	-0.485692	96.880777	128.331352	0.000176	0.9
1154	-0.488301	96.520882	128.724353	0.001000	1.0
1155	-0.484344	97.280480	127.897684	0.000205	1.0
1156	-0.467247	98.149294	126.965078	0.001063	1.0
1157	-0.475075	97.474090	127.688674	0.000514	1.4
1158	-0.480192	96.735831	128.489342	0.000100	1.1
1159	-0.486671	96.629014	128.606021	0.000406	0.9
1160	-0.486481	96.896003	128.314778	0.000817	0.9
1161	-0.476532	97.841555	127.293853	0.000615	1.0
1162	-0.460506	98.832755	126.240938	0.000556	1.1
1163	-0.492422	98.996206	126.068982	0.000775	1.3
1164	-0.482735	98.254606	126.852957	0.000235	1.1
1165	-0.513625	98.585715	126.501727	0.000300	1.0
1166	-0.503497	98.190117	126.921592	0.000516	1.2
1167	-0.474273	98.976058	126.090152	0.000641	1.4
1168	-0.494057	98.261855	126.845247	0.000547	0.9
1169	-0.482911	97.551182	127.605640	0.000887	0.9
1170	-0.466091	96.861622	128.352208	0.000761	0.9
1171	-0.501933	97.334589	127.839202	0.000183	0.9
1172	-0.473326	97.560147	127.595990	0.000318	1.0
1173	-0.470297	97.951430	127.176272	0.001494	1.0
1174	-0.509311	97.209688	127.974278	0.000766	1.0
1175	-0.509279	96.466093	128.784392	0.000369	1.1
1176	-0.475856	97.427882	127.738495	0.001278	1.2
1177	-0.509029	97.813370	127.324050	0.000269	0.9
1178	-0.450599	97.084295	128.110173	0.000427	1.1
1179	-0.482435	96.757056	128.466182	0.000628	1.0
1180	-0.504550	96.275820	128.993338	0.000943	1.0
1181	-0.467648	97.270972	127.907966	0.000418	1.0
1182	-0.484774	96.529274	128.715161	0.001154	1.2
1183	-0.511833	95.839732	129.474787	0.000538	1.0
1184	-0.514169	95.095831	130.304415	0.000269	0.9
1185	-0.512512	94.709313	130.739688	0.000733	1.2
1186	-0.475594	94.608833	130.853319	0.000886	1.0
1187	-0.499488	95.608462	129.731575	0.000562	1.0
1188	-0.493303	96.602012	128.635549	0.000679	1.1
1189	-0.470678	96.191347	129.086318	0.001118	1.1
1190	-0.496373	95.687136	129.644106	0.000524	1.2
1191	-0.519360	96.682018	128.548097	0.000258	1.2
1192	-0.489584	96.847802	128.367260	0.000819	1.3
1193	-0.475267	96.491118	128.756962	0.001281	1.6
1194	-0.482748	95.747107	129.577510	0.001073	1.3
1195	-0.479305	95.002722	130.409004	0.001192	1.1
1196	-0.465835	95.998654	129.298918	0.001153	1.1
1197	-0.528566	95.254362	130.126726	0.000196	1.2
1198	-0.519517	96.168966	129.110975	0.000557	1.2
1199	-0.505517	95.675490	129.657046	0.000530	1.3
1200	-0.525138	96.551665	128.690644	0.001067	1.2
1201	-0.503868	95.827195	129.488682	0.001251	1.3
1202	-0.462465	95.082810	130.319032	0.001268	1.2
1203	-0.478214	96.082550	129.206268	0.000552	1.2
1204	-0.471429	95.346800	130.023339	0.000547	1.2
1205	-0.483082	95.730994	129.595396	0.000742	1.6
1206	-0.492716	94.989540	130.423825	0.000813	1.5
1207	-0.493514	94.271540	131.236205	0.000665	1.4
1208	-0.501063	93.535842	132.079174	0.000571	1.5
1209	-0.495457	94.173804	131.347571	0.000318	1.4
1210	-0.496160	93.541347	132.072827	0.000788	1.2
1211	-0.498463	93.066388	132.622761	0.000777	1.2
1212	-0.502094	93.300700	132.350890	0.000181	1.2
1213	-0.486997	93.772487	131.806845	0.000734	1.2
1214	-0.479106	93.768879	131.810989	0.001149	1.2
1215	-0.484550	93.026926	132.668659	0.001412	1.5
1216	-0.524367	94.026926	131.515289	0.000348	1.3
1217	-0.469727	94.338971	131.159480	0.001273	1.5
1218	-0.490460	93.598704	132.006724	0.000377	1.3
1219	-0.470440	93.647695	131.950315	0.000935	1.2
1220	-0.493797	93.191497	132.477459	0.000584	1.2
1221	-0.552145	94.080668	131.453873	0.000322	1.2
1222	-0.475724	94.084024	131.450039	0.001015	1.3
1223	-0.513374	93.352790	132.290602	0.000894	1.4
1224	-0.483622	92.608441	133.157354	0.001618	1.2
1225	-0.485046	91.864057	134.035581	0.001302	1.3
1226	-0.475242	91.137196	134.904384	0.000926	1.2
1227	-0.519431	92.137196	133.711988	0.000860	1.2
1228	-0.494170	91.392819	134.597562	0.001317	1.3
1229	-0.479063	92.375015	133.431510	0.000442	1.4
1230	-0.485421	93.372106	132.268260	0.000953	1.5
1231	-0.498458	93.920346	131.637259	0.000187	1.2
1232	-0.482773	94.508515	130.966963	0.000626	1.2
1233	-0.461529	94.370422	131.123724	0.000575	1.2
1234	-0.489152	95.343988	130.026482	0.001240	1.3
1235	-0.468142	96.238614	129.034273	0.001079	1.2
1236	-0.482861	95.696687	129.633495	0.000805	1.2
1237	-0.497077	96.696658	128.532107	0.000666	1.3
1238	-0.508837	97.657524	127.491278	0.000912	1.3
1239	-0.484771	98.652645	126.430966	0.000941	1.3
1240	-0.527392	99.631143	125.405422	0.001536	1.6
1241	-0.491088	100.631140	124.374395	0.001264	1.5
1242	-0.500639	100.462905	124.546662	0.000935	1.6
1243	-0.499818	99.744241	125.287958	0.001829	1.3
1244	-0.499122	100.744235	124.258857	0.000790	1.4
1245	-0.484492	99.999854	125.023287	0.000635	1.4
1246	-0.480502	99.257522	125.795037	0.000539	1.1
1247	-0.479796	100.237908	124.777800	0.000839	1.1
1248	-0.472149	99.613072	125.424212	0.001263	1.1
1249	-0.479654	98.868705	126.203077	0.000755	1.2
1250	-0.489490	98.126113	126.989785	0.000381	1.2
1251	-0.464521	97.566250	127.589423	0.001666	1.1
1252	-0.508177	98.565895	126.522697	0.000318	1.4
1253	-0.457400	97.868074	127.265454	0.000727	1.2
1254	-0.474389	98.617619	126.467986	0.000726	1.3
1255	-0.452812	97.874638	127.258427	0.001065	1.2
1256	-0.490036	97.392889	127.776251	0.000285	1.1
1257	-0.457725	96.676659	128.553950	0.000781	1.2
1258	-0.459795	96.506627	128.739968	0.000797	1.2
1259	-0.513561	96.119115	129.165931	0.000839	1.4
1260	-0.485940	95.375181	129.991630	0.000686	1.7
1261	-0.508321	94.632349	130.826707	0.000780	1.2
1262	-0.497077	94.447773	131.035870	0.000938	1.1
1263	-0.488556	95.446826	129.911651	0.000346	1.1
1264	-0.462872	94.941250	130.478146	0.001132	1.4
1265	-0.497097	95.542680	129.804802	0.001099	1.2
1266	-0.497486	94.798295	130.639225	0.001071	1.3
1267	-0.464325	95.769524	129.552634	0.001067	1.4
1268	-0.488037	96.769513	128.452594	0.000579	1.3
1269	-0.469184	97.768662	127.371978	0.000388	1.2
1270	-0.478636	97.122185	128.069079	0.000962	1.2
1271	-0.454862	98.114865	127.001776	0.001221	1.1
1272	-0.505693	97.375163	127.795384	0.000639	1.1
1273	-0.489554	98.374482	126.725571	0.001635	1.1
1274	-0.473710	97.631735	127.518994	0.001171	1.1
1275	-0.490369	97.086908	128.107338	0.000724	1.2
1276	-0.492576	98.086196	127.032351	0.000979	1.3
1277	-0.520905	97.571199	127.584098	0.001577	1.1
1278	-0.498745	98.571199	126.517084	0.000772	1.1
1279	-0.460825	99.571065	125.467909	0.001441	1.1
1280	-0.492657	100.571065	124.435855	0.000418	1.2
1281	-0.532563	101.538243	123.453700	0.001617	1.3
1282	-0.506789	102.497607	122.494676	0.001013	1.1
1283	-0.528969	103.497605	121.510766	0.000683	1.2
1284	-0.512261	102.753248	122.241635	0.001454	1.2
1285	-0.475650	102.863760	122.132571	0.000953	1.1
1286	-0.498491	102.119399	122.870966	0.001066	1.1
1287	-0.510662	103.118677	121.881733	0.001271	1.1
1288	-0.499769	102.374292	122.617112	0.000289	1.2
1289	-0.507313	103.033528	121.965404	0.000896	1.4
1290	-0.507677	103.548096	121.461507	0.000602	1.2
1291	-0.482598	102.945029	122.052490	0.000794	1.1
1292	-0.499143	103.941750	121.078818	0.000812	1.2
1293	-0.457258	104.928847	120.129738	0.000779	1.2
1294	-0.482278	104.184851	120.843691	0.000962	1.6
1295	-0.507651	103.440482	121.566545	0.000596	1.2
1296	-0.457005	104.420918	120.616239	0.000844	1.2
1297	-0.485797	105.374184	119.706407	0.000492	1.3
1298	-0.468754	106.287862	118.847149	0.000409	1.8
1299	-0.463943	106.001258	119.115351	0.001282	1.4
1300	-0.462712	105.294106	119.782307	0.001047	1.4
1301	-0.479181	106.294105	118.841320	0.000266	1.4
1302	-0.480435	107.079562	118.112517	0.000297	1.4
1303	-0.486097	107.295884	117.913366	0.000575	1.2
1304	-0.494434	106.698251	118.465205	0.001178	1.2
1305	-0.477208	107.697328	117.545559	0.000849	1.5
1306	-0.523954	106.953213	118.229149	0.001171	1.5
1307	-0.483861	107.942154	117.322373	0.000379	1.2
1308	-0.490997	108.693397	116.642788	0.000838	1.1
1309	-0.492410	107.965838	117.300826	0.000467	1.4
1310	-0.511869	108.959561	116.403898	0.000903	1.2
1311	-0.496972	108.244438	117.047973	0.000455	1.1
1312	-0.466220	109.217600	116.173232	0.000561	1.4
1313	-0.448595	108.554272	116.768048	0.000787	1.5
1314	-0.498061	108.546563	116.774997	0.000605	1.2
1315	-0.481259	109.423062	115.990218	0.000595	1.1
1316	-0.477604	108.700554	116.636352	0.000317	1.1
1317	-0.482031	108.061571	117.213818	0.000540	1.1
1318	-0.472710	108.708277	116.629407	0.000911	1.2
1319	-0.466823	109.699762	115.744660	0.000664	1.2
1320	-0.484372	110.271579	115.240477	0.000536	1.1
1321	-0.505976	109.534381	115.891303	0.001032	1.1
1322	-0.481404	108.790561	116.555466	0.000731	1.2
1323	-0.492219	108.046968	117.227081	0.001115	1.2
1324	-0.480844	109.039598	116.332253	0.001077	1.3
1325	-0.457823	108.296533	117.000813	0.000815	1.2
1326	-0.485178	109.296070	116.103267	0.000621	1.1
1327	-0.491214	109.176167	116.210208	0.000455	1.1
1328	-0.496611	108.589628	116.736190	0.000694	1.2
1329	-0.505901	109.547370	115.879772	0.001425	1.2
1330	-0.488195	108.802985	116.544311	0.001145	1.2
1331	-0.498170	109.802859	115.653431	0.000461	1.1
1332	-0.525499	109.541008	115.885419	0.001914	1.4
1333	-0.515345	108.797155	116.549545	0.000560	1.1
1334	-0.493967	108.544050	116.777262	0.000483	1.1
1335	-0.494887	108.635606	116.694787	0.001827	1.1
1336	-0.487199	109.635604	115.801504	0.001242	1.1
1337	-0.485117	108.891219	116.465143	0.000606	1.2
1338	-0.469152	108.147315	117.135996	0.000873	1.4
1339	-0.503249	109.108821	116.270360	0.000181	1.1
1340	-0.512031	108.685109	116.650243	0.000718	1.1
1341	-0.464169	108.239866	117.052114	0.000708	1.1
1342	-0.459481	107.507536	117.719162	0.000103	1.1
1343	-0.469765	107.168723	118.030352	0.001248	1.1
1344	-0.463049	107.039863	118.149138	0.000520	1.2
1345	-0.477801	108.021870	117.249885	0.000928	1.2
1346	-0.521575	107.278753	117.929112	0.001922	1.4
1347	-0.484513	108.278753	117.016904	0.000711	1.1
1348	-0.502230	107.602685	117.632065	0.000868	1.1
1349	-0.493669	106.865887	118.309893	0.000521	1.1
1350	-0.516258	106.674570	118.487178	0.000556	1.2
1351	-0.478020	107.420545	117.798903	0.000965	1.1
1352	-0.445987	106.679354	118.482738	0.001204	1.1
1353	-0.460501	107.679313	117.562016	0.000725	1.1
1354	-0.484973	108.679068	116.655677	0.000240	1.3
1355	-0.449211	108.058301	117.216788	0.000963	1.2
1356	-0.493200	108.969685	116.394830	0.000685	1.1
1357	-0.480220	108.225429	117.065190	0.000752	1.1
1358	-0.498172	107.539170	117.690191	0.001164	1.1
1359	-0.462072	106.794791	118.375713	0.000818	1.2
1360	-0.467038	106.050410	119.069269	0.000693	1.3
1361	-0.472470	105.343295	119.735673	0.000258	1.1
1362	-0.510699	106.155480	118.970881	0.001614	1.2
1363	-0.490132	105.450539	119.634124	0.001297	1.5
1364	-0.480975	104.706154	120.342553	0.000888	1.3
1365	-0.480967	104.687332	120.360574	0.000573	1.2
1366	-0.495966	104.697603	120.350739	0.001483	1.3
1367	-0.507837	105.450450	119.634208	0.000439	1.3
1368	-0.525678	106.449189	118.696710	0.000803	1.3
1369	-0.495404	105.808001	119.296885	0.000919	1.3
1370	-0.479056	105.439131	119.644918	0.001603	1.2
1371	-0.506388	106.439130	118.706079	0.001100	1.3
1372	-0.471143	107.439130	117.781858	0.001181	1.4
1373	-0.494868	106.694746	118.468457	0.000730	1.3
1374	-0.495090	107.680291	117.561122	0.001156	1.1
1375	-0.463871	106.936460	118.244631	0.001228	1.4
1376	-0.480003	107.936460	117.327554	0.001318	1.2
1377	-0.478051	107.192075	118.008850	0.000380	1.3
1378	-0.486939	108.183034	117.103609	0.001309	1.5
1379	-0.477995	108.074593	117.201992	0.000939	1.2
1380	-0.468463	109.073900	116.301575	0.000446	1.3
1381	-0.499264	110.014879	115.466270	0.000370	1.8
1382	-0.514449	109.646130	115.792174	0.000221	1.3
1383	-0.477838	109.427287	115.986461	0.000546	1.2
1384	-0.508757	109.051440	116.321660	0.001361	1.6
1385	-0.484368	110.048266	115.436853	0.001280	1.6
1386	-0.471432	109.303881	116.096307	0.000669	2.4
1387	-0.483244	108.560312	116.762604	0.000768	1.8
1388	-0.473637	109.554337	115.873588	0.000957	1.5
1389	-0.497251	110.554085	114.993004	0.000672	3.6
1390	-0.473962	109.810298	115.646854	0.000434	2.0
1391	-0.459068	109.098898	116.279228	0.000340	2.6
1392	-0.485846	108.541342	116.779703	0.000511	1.9
1393	-0.510986	108.691796	116.644228	0.001238	1.5
1394	-0.477994	109.482821	115.937097	0.000968	1.6
1395	-0.492110	108.738437	116.602294	0.001292	1.3
1396	-0.507275	107.994443	117.274815	0.000497	1.3
1397	-0.532078	108.968456	116.395931	0.000644	1.3
1398	-0.463605	109.934013	115.537584	0.000336	1.3
1399	-0.500452	109.243989	116.149693	0.001126	1.3
1400	-0.446472	110.237202	115.270664	0.000468	1.2
1401	-0.455230	111.235992	114.400014	0.001214	1.3
1402	-0.496897	110.491841	115.047438	0.001113	1.2
1403	-0.498578	109.747754	115.702174	0.000652	1.6
1404	-0.527474	110.747212	114.824437	0.001121	1.5
1405	-0.456086	111.747166	113.959491	0.000595	1.2
1406	-0.467547	112.746992	113.107587	0.000578	1.2
1407	-0.473565	113.391563	112.565097	0.000822	1.5
1408	-0.478332	114.190442	111.899918	0.000587	1.5
1409	-0.507593	115.143656	111.116448	0.001396	1.3
1410	-0.489793	115.188040	111.080235	0.000783	1.3
1411	-0.496841	114.443655	111.690720	0.000898	1.3
1412	-0.466850	113.699586	112.307691	0.000954	1.2
1413	-0.491687	113.386083	112.569688	0.001001	1.2
1414	-0.520770	112.970872	112.918571	0.001025	1.3
1415	-0.528824	112.226488	113.549487	0.000776	1.6
1416	-0.504551	112.857452	113.014249	0.001251	1.3
1417	-0.486492	113.857363	112.176295	0.001297	1.4
1418	-0.481392	114.857361	111.350606	0.001112	1.2
1419	-0.498695	114.112976	111.964076	0.000403	1.2
1420	-0.516530	114.537690	111.613230	0.000786	1.1
1421	-0.514536	115.502929	110.823992	0.000544	1.2
1422	-0.479000	116.493121	110.025864	0.000603	1.2
1423	-0.510165	117.433366	109.278564	0.000713	1.5
1424	-0.442159	118.427799	108.499163	0.000394	1.1
1425	-0.483791	119.144313	107.944440	0.000765	1.1
1426	-0.521606	119.426342	107.727647	0.000786	1.3
1427	-0.478832	118.686026	108.298588	0.001263	1.3
1428	-0.511698	118.724127	108.269057	0.000952	1.3
1429	-0.531553	119.724127	107.499686	0.001243	1.2
1430	-0.523192	120.715171	106.747918	0.000955	1.4
1431	-0.508163	119.970806	107.311577	0.001070	1.4
1432	-0.506926	119.919715	107.350483	0.000567	1.1
1433	-0.479043	120.876414	106.626598	0.000337	1.2
1434	-0.465358	120.213605	107.127068	0.000583	1.2
1435	-0.485546	119.555020	107.629023	0.001001	1.2
1436	-0.507920	120.176096	107.155530	0.000724	1.2
1437	-0.480388	121.176032	106.401897	0.000254	1.1
1438	-0.508026	121.127487	106.438239	0.000498	1.5
1439	-0.460890	120.577175	106.851965	0.000640	1.2
1440	-0.480935	121.421392	106.218590	0.001352	1.4
1441	-0.466338	120.677432	106.776352	0.000527	1.3
1442	-0.471686	121.677190	106.028156	0.000903	1.1
1443	-0.462748	121.317005	106.296499	0.001219	1.4
1444	-0.518863	120.574325	106.854117	0.000885	1.3
1445	-0.495019	119.851072	107.402799	0.001614	1.5
1446	-0.497198	120.851067	106.645651	0.000416	1.4
1447	-0.486677	120.991947	106.539841	0.000743	1.2
1448	-0.491097	120.308204	107.055351	0.001166	1.2
1449	-0.513841	121.308196	106.303080	0.000362	1.4
1450	-0.490806	120.566487	106.860033	0.001309	1.6
1451	-0.481628	120.070787	107.235522	0.000578	1.2
1452	-0.475108	120.898995	106.609631	0.000760	1.4
1453	-0.492843	120.157586	107.169582	0.000733	1.3
1454	-0.465907	119.413633	107.737398	0.000700	1.2
1455	-0.489515	118.669776	108.311189	0.000695	1.2
1456	-0.461108	117.930379	108.887628	0.001030	1.2
1457	-0.524444	117.186079	109.474120	0.000373	1.5
1458	-0.512547	117.886671	108.921895	0.000828	1.2
1459	-0.457540	118.867467	108.158100	0.000997	1.2
1460	-0.491378	119.582750	107.607793	0.000543	1.4
1461	-0.501065	118.885978	108.143787	0.000867	1.5
1462	-0.495249	119.133600	107.952693	0.000681	1.1
1463	-0.475463	118.395045	108.524657	0.001139	1.1
1464	-0.500248	119.393383	107.752938	0.000383	1.2
1465	-0.473816	120.387528	106.995289	0.001185	1.3
1466	-0.468269	119.664059	107.545592	0.000609	1.1
1467	-0.494747	118.922396	108.115640	0.000339	1.2
1468	-0.476587	119.302521	107.822720	0.000831	1.2
1469	-0.470717	120.134138	107.187386	0.000887	1.3
1470	-0.486978	121.133767	106.433536	0.000619	1.7
1471	-0.476075	121.979995	105.803609	0.000465	1.6
1472	-0.475384	121.283876	106.321249	0.000942	1.5
1473	-0.466889	121.627804	106.064870	0.000712	1.4
1474	-0.499468	120.915843	106.596974	0.000775	1.5
1475	-0.480583	121.894043	105.867250	0.001276	1.2
1476	-0.507513	122.872364	105.147361	0.001282	1.3
1477	-0.468542	123.872341	104.421585	0.000881	1.4
1478	-0.476196	124.872334	103.705748	0.001047	1.4
1479	-0.462274	125.872329	102.999656	0.000085	1.2
1480	-0.489662	125.606266	103.186581	0.000177	1.2
1481	-0.490710	125.706239	103.116265	0.001534	1.3
1482	-0.485475	126.655948	102.453031	0.000141	1.4
1483	-0.516518	127.273691	102.026188	0.000992	1.4
1484	-0.495540	127.565209	101.825989	0.001817	1.4
1485	-0.471024	126.820825	102.338757	0.000282	1.7
1486	-0.497959	127.006493	102.210377	0.000761	1.4
1487	-0.490858	127.305135	102.004556	0.000986	1.4
1488	-0.504257	128.305091	101.321391	0.000594	1.5
1489	-0.481809	129.304828	100.647462	0.000678	1.5
1490	-0.486720	128.595479	101.124710	0.001375	1.1
1491	-0.480846	129.059879	100.811753	0.000506	1.2
1492	-0.484532	128.315792	101.314129	0.000505	1.4
1493	-0.475370	128.977316	100.867250	0.000784	1.2
1494	-0.494061	128.250811	101.358240	0.001199	1.6
1495	-0.495789	127.506640	101.866149	0.001470	1.4
1496	-0.488764	126.777026	102.369088	0.000490	1.3
1497	-0.489083	126.041288	102.881304	0.000521	1.1
1498	-0.499483	126.996870	102.217023	0.001137	1.3
1499	-0.484423	127.996521	101.531226	0.000626	1.5
1500	-0.510048	127.252162	102.041004	0.000566	1.4
1501	-0.511117	128.229710	101.372572	0.000056	1.2
1502	-0.518113	128.076258	101.476919	0.000469	1.1
1503	-0.468664	128.157268	101.421805	0.000444	1.5
1504	-0.502693	128.532222	101.167489	0.000669	1.5
1505	-0.507718	127.896565	101.599385	0.001165	1.7
1506	-0.489109	128.877153	100.934660	0.000915	1.4
1507	-0.457534	128.627030	101.103386	0.000806	1.5
1508	-0.488580	127.882852	101.608743	0.000241	1.4
1509	-0.504992	128.462248	101.214852	0.000348	1.3
1510	-0.455419	128.620353	101.107898	0.000943	1.2
1511	-0.483112	128.196344	101.395242	0.001206	1.2
1512	-0.504610	129.196294	100.720191	0.000660	1.5
1513	-0.514412	130.196284	100.054043	0.001113	1.2
1514	-0.464800	131.196251	99.396663	0.000954	1.4
1515	-0.465355	130.451874	99.885192	0.000444	1.7
1516	-0.485419	131.428237	99.245387	0.000702	1.9
1517	-0.502333	132.401622	98.615642	0.000882	2.0
1518	-0.500923	132.610494	98.481549	0.001122	1.3
1519	-0.496868	133.610493	97.844585	0.001172	1.1
1520	-0.489280	134.610493	97.215806	0.001137	1.4
1521	-0.492106	133.894475	97.665197	0.001510	1.6
1522	-0.478944	133.353396	98.007558	0.000857	2.4
1523	-0.486789	134.352353	97.377344	0.000800	1.7
1524	-0.488891	135.351945	96.754789	0.000276	1.2
1525	-0.498572	136.169849	96.251282	0.001283	1.2
1526	-0.502643	136.970584	95.763395	0.000619	1.3
1527	-0.499375	136.226332	96.216704	0.000585	1.3
1528	-0.488895	136.149910	96.263494	0.000181	1.2
1529	-0.508782	135.910098	96.410617	0.000650	1.3
1530	-0.481249	136.043890	96.328481	0.001009	1.4
1531	-0.471100	136.883274	95.816352	0.000832	1.3
1532	-0.495952	137.883143	95.213370	0.001281	1.6
1533	-0.483333	137.142055	95.659560	0.000497	1.8
1534	-0.485221	138.014041	95.134991	0.001191	1.5
1535	-0.471202	138.174371	95.039166	0.000786	1.5
1536	-0.470848	137.439614	95.479906	0.000785	1.8
1537	-0.486333	137.516834	95.433394	0.000898	1.5
1538	-0.492667	138.000630	95.143015	0.000701	1.3
1539	-0.509021	138.905743	94.604478	0.000708	1.2
1540	-0.497625	139.904428	94.017297	0.000723	1.1
1541	-0.469514	140.901498	93.438292	0.000758	1.1
1542	-0.498559	140.198327	93.845883	0.000284	1.3
1543	-0.453957	140.089777	93.909121	0.000489	1.4
1544	-0.494773	140.000043	93.961462	0.000835	1.3
1545	-0.492686	139.991924	93.966201	0.000700	1.5
1546	-0.444242	139.252456	94.399798	0.001148	1.2
1547	-0.488069	138.508140	94.840298	0.001206	1.3
1548	-0.477417	139.451455	94.282719	0.000805	1.3
1549	-0.496790	138.707129	94.722130	0.000430	1.3
1550	-0.480188	138.428628	94.887597	0.000336	1.3
1551	-0.479569	139.032766	94.529388	0.000315	1.4
1552	-0.487522	139.354851	94.339519	0.000754	1.5
1553	-0.507007	138.817611	94.656649	0.000571	1.2
1554	-0.488781	139.792180	94.082930	0.000976	1.1
1555	-0.487350	140.730519	93.537073	0.001094	1.3
1556	-0.515920	141.729455	92.962884	0.001523	1.1
1557	-0.512664	142.729301	92.395187	0.001047	1.4
1558	-0.483335	143.725846	91.836223	0.001015	1.5
1559	-0.496364	142.981461	92.253108	0.000780	1.1
1560	-0.481515	142.237090	92.673788	0.001407	1.1
1561	-0.456337	142.513735	92.516995	0.000777	1.1
1562	-0.495180	141.849251	92.894498	0.000609	1.1
1563	-0.474192	141.124653	93.309680	0.000953	1.0
1564	-0.486656	142.123403	92.738376	0.000890	1.0
1565	-0.500682	143.079465	92.198005	0.001157	1.2
1566	-0.475440	144.055150	91.652999	0.000731	1.3
1567	-0.505659	143.313079	92.066922	0.000958	1.2
1568	-0.475236	144.296744	91.519040	0.000946	1.1
1569	-0.502509	145.296526	90.968824	0.000508	1.1
1570	-0.453578	146.287315	90.430045	0.000790	1.1
1571	-0.489674	147.255849	89.909501	0.000569	1.3
1572	-0.503164	146.853147	90.125206	0.000645	1.4
1573	-0.493885	147.210897	89.933528	0.001076	1.1
1574	-0.486396	146.466853	90.333097	0.001483	1.4
1575	-0.488767	145.722470	90.736416	0.000520	1.2
1576	-0.465657	146.722428	90.195447	0.001207	1.1
1577	-0.470811	145.978297	90.597399	0.000903	1.1
1578	-0.530292	146.952798	90.071732	0.000302	1.1
1579	-0.506115	146.338803	90.402221	0.000851	1.1
1580	-0.498518	147.038776	90.025646	0.001152	1.5
1581	-0.484458	147.959012	89.535321	0.000507	1.6
1582	-0.499993	148.958784	89.008635	0.000551	1.3
1583	-0.499319	149.865596	88.536252	0.000304	1.2
1584	-0.528770	149.837033	88.551054	0.001083	1.3
1585	-0.500087	150.275352	88.324439	0.000764	1.5
1586	-0.513005	149.845436	88.546699	0.000872	1.3
1587	-0.499540	150.606674	88.153911	0.000780	1.1
1588	-0.466292	150.582487	88.166337	0.000916	1.1
1589	-0.492817	150.020515	88.456051	0.000516	1.4
1590	-0.491343	151.017087	87.943585	0.000849	1.5
1591	-0.461016	152.007593	87.440090	0.000391	1.4
1592	-0.472898	152.550308	87.166653	0.000437	1.0
1593	-0.463820	152.982153	86.950295	0.000794	1.0
1594	-0.496211	152.250867	87.317309	0.001303	1.0
1595	-0.504752	151.523715	87.685333	0.001347	1.0
1596	-0.488159	150.779410	88.065266	0.000472	1.1
1597	-0.476146	150.155216	88.386435	0.000965	1.3
1598	-0.494391	149.595867	88.676236	0.001722	1.5
1599	-0.508439	150.474364	88.221930	0.000617	1.2
1600	-0.490342	149.730126	88.606503	0.000587	1.2
1601	-0.478789	149.016369	88.978488	0.000620	1.2
1602	-0.512236	148.476449	89.261956	0.001057	1.4
1603	-0.485923	149.376017	88.790662	0.000304	1.4
1604	-0.496357	148.818334	89.082251	0.000719	1.3
1605	-0.499864	148.119618	89.450293	0.000616	1.5
1606	-0.474300	149.005772	88.984034	0.000601	1.1
1607	-0.494341	148.301093	89.354411	0.001535	1.0
1608	-0.511627	147.951174	89.539475	0.001133	1.2
1609	-0.494738	147.468942	89.795776	0.001106	1.7
1610	-0.490638	146.724564	90.194298	0.000364	1.3
1611	-0.465154	146.035943	90.566133	0.000577	1.0
1612	-0.516145	145.968021	90.602975	0.000683	1.1
1613	-0.512036	145.606989	90.799309	0.001404	1.2
1614	-0.496129	144.862608	91.206810	0.000846	1.2
1615	-0.482805	145.862575	90.660230	0.001441	1.0
1616	-0.478001	145.130404	91.059788	0.001703	1.1
1617	-0.508349	146.130393	90.514951	0.000306	1.1
1618	-0.518704	145.883291	90.648976	0.000964	1.1
1619	-0.488365	145.180312	91.032441	0.001029	1.0
1620	-0.476000	146.165512	90.495936	0.000596	1.0
1621	-0.475313	147.165221	89.957955	0.000588	1.4
1622	-0.510065	146.428894	90.353577	0.000965	1.2
1623	-0.505739	147.428039	89.817583	0.000862	1.1
1624	-0.477659	148.403616	89.300333	0.000593	1.1
1625	-0.468399	147.673279	89.686994	0.001015	1.0
1626	-0.476428	148.524441	89.236687	0.000544	1.1
1627	-0.483096	149.523428	88.713906	0.000538	1.1
1628	-0.497332	150.484915	88.216503	0.000281	1.1
1629	-0.457676	150.041622	88.445136	0.001242	1.2
1630	-0.502935	151.022362	87.940889	0.000873	1.1
1631	-0.476392	152.018381	87.434638	0.001229	1.0
1632	-0.472094	151.308480	87.794863	0.000380	1.0
1633	-0.469813	150.589808	88.162576	0.000722	1.0
1634	-0.490814	149.915101	88.510608	0.000926	1.1
1635	-0.479062	150.905567	88.000637	0.000868	1.1
1636	-0.496778	151.905378	87.491781	0.000799	1.1
1637	-0.524651	152.904974	86.988883	0.001028	1.2
1638	-0.474952	152.164005	87.361108	0.001429	1.2
1639	-0.502981	151.419742	87.738209	0.000665	1.3
1640	-0.507512	152.419724	87.232289	0.000949	1.1
1641	-0.489258	151.779908	87.555316	0.000847	1.0
1642	-0.478391	152.711113	87.085962	0.000598	1.0
1643	-0.473082	151.977702	87.455200	0.000293	1.1
1644	-0.477468	152.834111	87.024344	0.000224	1.1
1645	-0.495708	152.849259	87.016761	0.001152	1.1
1646	-0.468662	152.496179	87.193848	0.000744	1.0
1647	-0.482431	153.496173	86.694161	0.000694	1.3
1648	-0.503007	152.756982	87.062973	0.000692	1.2
1649	-0.495412	153.634637	86.625423	0.000843	1.1
1650	-0.498486	154.626107	86.136393	0.001163	1.4
1651	-0.494541	155.623628	85.649919	0.000428	1.2
1652	-0.487521	154.890051	86.007135	0.000887	1.3
1653	-0.476794	154.202041	86.344881	0.001064	1.2
1654	-0.486308	153.474546	86.704908	0.001059	1.4
1655	-0.518844	152.730162	87.076414	0.001005	1.2
1656	-0.469805	153.730117	86.578088	0.000548	1.2
1657	-0.477196	153.694375	86.595802	0.000421	1.2
1658	-0.486075	153.174045	86.854499	0.000523	1.1
1659	-0.496678	153.939167	86.474628	0.000608	1.1
1660	-0.482916	154.654955	86.122247	0.000914	1.4
1661	-0.482997	155.580423	85.670876	0.001074	1.4
1662	-0.490509	154.865879	86.018957	0.000291	1.3
1663	-0.489435	155.503314	85.708302	0.000335	1.3
1664	-0.489285	155.043092	85.932366	0.000536	1.4
1665	-0.504286	154.958872	85.973496	0.000904	1.3
1666	-0.494435	154.224942	86.333596	0.000325	1.4
1667	-0.482081	154.200331	86.345724	0.000896	1.3
1668	-0.471979	153.485810	86.699310	0.000604	1.4
1669	-0.497699	154.484981	86.205665	0.000680	1.3
1670	-0.489435	154.786090	86.058001	0.001117	1.3
1671	-0.517678	154.243322	86.324542	0.000453	1.2
1672	-0.515913	154.958631	85.973614	0.000417	1.7
1673	-0.463999	155.746281	85.590482	0.000126	1.4
1674	-0.521695	155.643774	85.640151	0.000320	1.5
1675	-0.494857	155.609830	85.656611	0.001387	1.3
1676	-0.505351	154.873165	86.015393	0.001048	1.6
1677	-0.468897	154.128780	86.381002	0.001441	1.5
1678	-0.504214	155.128589	85.890653	0.000564	1.2
1679	-0.489170	154.384493	86.255057	0.000968	1.2
1680	-0.482313	153.645668	86.619952	0.000887	1.2
1681	-0.490216	154.645583	86.126842	0.001466	1.1
1682	-0.479382	155.645551	85.639289	0.000810	1.3
1683	-0.458668	154.901317	86.001627	0.000718	1.6
1684	-0.517354	154.157102	86.367034	0.001249	1.3
1685	-0.527068	153.432314	86.725900	0.000945	1.2
1686	-0.539621	152.687929	87.097587	0.000980	1.5
1687	-0.482968	153.265876	86.808730	0.000973	1.2
1688	-0.493198	154.265831	86.313455	0.000575	1.4
1689	-0.495963	155.264853	85.824253	0.000702	1.7
1690	-0.480672	154.534031	86.181576	0.000920	1.5
1691	-0.526549	153.791516	86.547676	0.001148	1.7
1692	-0.470534	153.056288	86.913260	0.001359	1.4
1693	-0.443735	154.056264	86.416785	0.001344	1.5
1694	-0.488076	154.460934	86.217479	0.000404	1.3
1695	-0.495438	155.395666	85.760607	0.001297	1.4
1696	-0.490634	156.382966	85.283270	0.000831	1.2
1697	-0.500947	155.638584	85.642667	0.000352	1.3
1698	-0.474624	156.611425	85.173572	0.000803	1.4
1699	-0.463208	155.896817	85.517646	0.000551	1.2
1700	-0.483090	155.155732	85.877418	0.000684	1.4
1701	-0.507774	154.656897	86.121295	0.001499	1.3
1702	-0.508168	153.916719	86.485726	0.000925	1.3
1703	-0.471682	153.172334	86.855352	0.001051	1.3
1704	-0.462257	154.172320	86.359531	0.000521	1.7
1705	-0.523305	153.439934	86.722112	0.000964	1.5
1706	-0.462914	152.731526	87.075730	0.000543	1.3
1707	-0.493256	151.988570	87.449705	0.000583	1.5
1708	-0.474381	152.181183	87.352443	0.001159	1.3
1709	-0.490832	151.440549	87.727623	0.001073	1.3
1710	-0.476926	150.696164	88.107964	0.001015	1.3
1711	-0.486252	149.951835	88.491589	0.000517	1.4
1712	-0.479461	149.297882	88.831401	0.001682	1.5
1713	-0.508847	150.263041	88.330788	0.000458	1.3
1714	-0.470546	151.246757	87.826324	0.001575	1.1
1715	-0.481907	152.211996	87.336904	0.001016	1.4
1716	-0.507045	153.210390	86.836379	0.001238	1.2
1717	-0.518364	154.210389	86.340767	0.001211	1.2
1718	-0.471884	155.210263	85.850842	0.000462	1.2
1719	-0.522838	154.467625	86.214192	0.001154	1.4
1720	-0.501211	155.462433	85.728159	0.000748	1.2
1721	-0.457047	156.461586	85.245487	0.001235	1.1
1722	-0.495065	157.459794	84.768670	0.000601	1.1
1723	-0.493227	158.459251	84.296571	0.000456	1.1
1724	-0.498282	158.859898	84.108796	0.000932	1.5
1725	-0.494921	159.660464	83.736082	0.001349	1.1
1726	-0.497029	158.916079	84.082532	0.000413	1.1
1727	-0.532718	158.801688	84.136026	0.000544	1.1
1728	-0.488624	158.509983	84.272747	0.000846	1.4
1729	-0.496440	159.505115	83.808148	0.001258	1.2
1730	-0.491013	158.760735	84.155194	0.000855	1.0
1731	-0.474728	159.753674	83.692902	0.000857	1.1
1732	-0.489065	159.644387	83.743534	0.000582	1.1
1733	-0.488599	160.643414	83.282951	0.000773	1.3
1734	-0.522112	161.634085	82.831195	0.001337	1.2
1735	-0.480879	160.889711	83.170177	0.001059	1.4
1736	-0.487840	160.145992	83.511643	0.000657	1.5
1737	-0.470960	161.126893	83.061865	0.000879	1.4
1738	-0.492706	162.126236	82.608586	0.000971	1.3
1739	-0.498142	161.396821	82.938942	0.001400	1.2
1740	-0.489644	162.396721	82.486750	0.000897	1.3
1741	-0.462005	161.652336	82.822918	0.001481	1.1
1742	-0.508983	160.907952	83.161837	0.001221	1.4
1743	-0.506993	160.164911	83.502922	0.000445	1.2
1744	-0.511189	159.423363	83.846123	0.000944	1.3
1745	-0.485024	159.053332	84.018436	0.000978	1.2
1746	-0.509119	158.389075	84.329547	0.000427	1.2
1747	-0.471724	157.646497	84.680079	0.001128	1.1
1748	-0.487978	158.596141	84.232319	0.001314	1.1
1749	-0.514432	159.596059	83.765944	0.001332	1.2
1750	-0.508078	160.596059	83.304668	0.001549	1.5
1751	-0.460463	159.851675	83.647550	0.001400	1.3
1752	-0.479367	159.107290	83.993266	0.000791	1.2
1753	-0.483515	158.414002	84.317831	0.001122	1.5
1754	-0.489168	157.673410	84.667324	0.000876	1.4
1755	-0.536399	158.672921	84.196324	0.001254	1.2
1756	-0.506104	159.665661	83.733673	0.001389	1.4
1757	-0.507893	158.921276	84.080103	0.001444	1.4
1758	-0.492844	158.176892	84.429411	0.000419	1.3
1759	-0.528129	158.839881	84.118158	0.001235	1.1
1760	-0.500662	158.215631	84.411161	0.000920	1.2
1761	-0.507410	157.471273	84.763218	0.000288	1.4
1762	-0.472461	158.237105	84.401048	0.000108	1.6
1763	-0.505831	158.402440	84.323265	0.001042	1.4
1764	-0.528954	158.881672	84.098615	0.000580	1.4
1765	-0.487547	158.197613	84.419648	0.001270	1.3
1766	-0.516496	159.197244	83.951336	0.001240	1.1
1767	-0.494294	160.197013	83.488128	0.001521	1.1
1768	-0.508629	159.452628	83.832525	0.001124	1.1
1769	-0.476437	160.446554	83.373308	0.001131	1.1
1770	-0.486581	161.446535	82.916343	0.000726	1.2
1771	-0.456069	162.414091	82.478938	0.000121	1.2
1772	-0.502534	161.950454	82.687958	0.000931	1.1
1773	-0.507045	161.655155	82.821639	0.000739	1.1
1774	-0.486379	160.930563	83.151501	0.000674	1.2
1775	-0.487975	161.844399	82.735919	0.000553	1.2
1776	-0.512525	161.112653	83.068360	0.000732	1.2
1777	-0.468132	161.521022	82.882504	0.000337	1.1
1778	-0.492637	160.926933	83.153160	0.000749	1.1
1779	-0.525727	160.803667	83.209540	0.000313	1.1
1780	-0.483203	160.129987	83.519022	0.002117	1.3
1781	-0.511869	160.668908	83.271263	0.000658	1.4
1782	-0.490125	161.666854	82.816335	0.000801	1.3
1783	-0.503263	162.384512	82.492241	0.000453	1.2
1784	-0.487849	161.991111	82.669586	0.001066	1.1
1785	-0.481964	161.427311	82.925080	0.000419	1.1
1786	-0.496081	162.421989	82.475387	0.001462	1.0
1787	-0.478383	163.399096	82.038360	0.000635	1.1
1788	-0.493368	162.661783	82.367704	0.000862	1.4
1789	-0.465539	163.661245	81.921897	0.000237	1.5
1790	-0.532783	164.524268	81.540812	0.000556	1.1
1791	-0.509963	164.107377	81.724455	0.000897	1.1
1792	-0.514324	163.476980	82.003724	0.000523	1.1
1793	-0.518188	163.431840	82.023795	0.000888	1.1
1794	-0.490489	162.815775	82.298700	0.001073	1.1
1795	-0.453587	162.773419	82.317669	0.000618	1.3
1796	-0.504599	163.770741	81.873349	0.001219	1.3
1797	-0.505201	163.026387	82.204512	0.000847	1.2
1798	-0.493182	162.773296	82.317724	0.001592	1.2
1799	-0.496309	162.028968	82.652487	0.001213	1.3
1800	-0.488577	163.028968	82.203359	0.000418	1.3
1801	-0.474022	162.288598	82.535409	0.001106	1.4
1802	-0.500935	162.920851	82.251682	0.000846	1.4
1803	-0.520255	163.872762	81.828168	0.000732	1.2
1804	-0.504626	163.201212	82.126492	0.001201	1.5
1805	-0.489763	164.200781	81.683238	0.000481	1.4
1806	-0.458241	163.537336	81.976904	0.000935	1.1
1807	-0.500854	162.797257	82.306993	0.000972	1.1
1808	-0.492827	162.052912	82.641676	0.000372	1.1
1809	-0.489513	161.317877	82.974855	0.000869	1.1
1810	-0.481776	161.059623	83.092556	0.000330	1.1
1811	-0.474174	160.432598	83.379721	0.001437	1.2
1812	-0.485646	161.005365	83.117327	0.001554	1.2
1813	-0.514940	162.005294	82.663179	0.000833	1.2
1814	-0.474671	161.260909	83.000790	0.000668	1.5
1815	-0.492288	162.258962	82.548757	0.000600	1.3
1816	-0.495618	162.355774	82.505171	0.001046	1.3
1817	-0.458365	163.330411	82.068929	0.000871	1.2
1818	-0.478998	162.586127	82.401648	0.001360	1.3
1819	-0.495649	161.841743	82.737121	0.000819	1.2
1820	-0.486395	162.841742	82.287076	0.000403	1.2
1821	-0.485546	163.605649	81.946568	0.001024	1.2
1822	-0.489180	163.666792	81.919436	0.001295	1.1
1823	-0.513940	164.661333	81.480614	0.000711	1.0
1824	-0.492287	165.321778	81.191794	0.001080	1.1
1825	-0.483010	164.577406	81.517464	0.000880	1.1
1826	-0.509775	163.833022	81.845762	0.000551	1.0
1827	-0.501552	164.764768	81.435245	0.001098	1.1
1828	-0.489189	164.156692	81.702688	0.000598	1.3
1829	-0.526917	163.562134	81.965889	0.000777	1.2
1830	-0.482298	164.474032	81.562897	0.001882	1.1
1831	-0.495554	163.729647	81.891562	0.000987	1.1
1832	-0.446519	164.727360	81.451647	0.000670	1.0
1833	-0.476951	165.249783	81.223179	0.000430	1.0
1834	-0.519769	165.718815	81.019149	0.001307	1.1
1835	-0.470673	166.631951	80.624858	0.000724	1.1
1836	-0.481771	165.887567	80.945991	0.001080	1.1
1837	-0.498181	166.887554	80.515176	0.000591	1.4
1838	-0.490819	166.155138	80.830265	0.000539	1.1
1839	-0.486750	167.012866	80.461512	0.000891	1.1
1840	-0.515486	167.777989	80.135399	0.000281	1.5
1841	-0.483576	167.065650	80.438929	0.000731	1.3
1842	-0.455458	166.431583	80.711048	0.001186	1.4
1843	-0.465481	167.430541	80.283161	0.000669	1.1
1844	-0.469246	166.686163	80.601570	0.001115	1.1
1845	-0.476656	166.926339	80.498559	0.000585	1.2
1846	-0.492468	167.926158	80.072551	0.000990	1.1
1847	-0.524084	167.968669	80.054538	0.001132	1.0
1848	-0.476242	167.225432	80.370645	0.001390	1.0
1849	-0.504514	167.982915	80.048503	0.001088	1.0
1850	-0.491759	167.238530	80.365053	0.000884	1.1
1851	-0.505956	168.238527	79.940378	0.000685	1.1
1852	-0.502163	169.238311	79.520257	0.000898	1.1
1853	-0.475178	168.494229	79.832507	0.000149	1.5
1854	-0.478542	168.558960	79.805246	0.000725	1.2
1855	-0.501829	168.807504	79.700745	0.000150	1.3
1856	-0.503924	168.452021	79.850293	0.000933	1.2
1857	-0.520111	168.553317	79.807622	0.001314	0.9
1858	-0.470646	169.553314	79.388803	0.000593	0.9
1859	-0.474141	170.061500	79.177644	0.000747	0.9
1860	-0.482819	169.336844	79.479091	0.000267	0.9
1861	-0.475087	168.691801	79.749358	0.000884	1.0
1862	-0.494704	168.070394	80.011466	0.001096	1.1
1863	-0.506005	167.327796	80.326961	0.000759	1.1
1864	-0.476284	167.970931	80.053579	0.000471	1.0
1865	-0.485571	167.824286	80.115751	0.000485	1.0
1866	-0.477230	167.761983	80.142194	0.001067	0.9
1867	-0.497409	167.023561	80.456935	0.000747	0.9
1868	-0.457665	166.308285	80.764177	0.000487	1.0
1869	-0.460950	166.874219	80.520890	0.000483	1.0
1870	-0.508983	166.335679	80.752367	0.001796	0.9
1871	-0.517357	167.335573	80.323644	0.001362	1.1
1872	-0.475520	168.335573	79.899404	0.000520	1.2
1873	-0.486627	169.284490	79.500959	0.000190	1.0
1874	-0.463569	168.790221	79.708003	0.000910	0.9
1875	-0.478390	168.303582	79.912906	0.000900	1.0
1876	-0.464708	167.560295	80.227916	0.000912	1.0
1877	-0.511403	167.294434	80.341193	0.000819	1.0
1878	-0.465114	166.555886	80.657556	0.001239	1.0
1879	-0.471812	165.811504	80.978950	0.001450	1.1
1880	-0.467562	165.067149	81.302903	0.000616	1.2
1881	-0.458664	164.334109	81.624475	0.000583	1.1
1882	-0.509305	163.601888	81.948238	0.000797	1.1
1883	-0.480598	162.918048	82.252936	0.000625	1.0
1884	-0.471455	163.887419	81.821681	0.000472	1.0
1885	-0.491784	163.635532	81.933305	0.000631	1.0
1886	-0.526395	164.410523	81.590835	0.000283	1.0
1887	-0.505571	164.763831	81.435656	0.000978	1.3
1888	-0.482207	165.687934	81.032550	0.000386	1.1
1889	-0.485523	164.955412	81.351757	0.001194	1.0
1890	-0.485817	165.840142	80.966538	0.000475	1.0
1891	-0.509765	165.168527	81.258630	0.000925	1.0
1892	-0.446006	164.469405	81.564932	0.000997	0.9
1893	-0.503703	163.798948	81.860852	0.000570	0.9
1894	-0.510716	163.070230	82.184932	0.000628	0.9
1895	-0.491177	162.341695	82.511506	0.000414	1.0
1896	-0.502358	163.239499	82.109426	0.000748	1.0
1897	-0.485768	164.140704	81.709743	0.001256	1.0
1898	-0.517311	163.440479	82.019953	0.001054	1.1
1899	-0.514181	162.696709	82.352044	0.001315	1.1
1900	-0.476420	163.689406	81.909406	0.000651	1.0
1901	-0.491743	162.961010	82.233727	0.000435	1.0
1902	-0.467554	162.240933	82.556878	0.000665	1.1
1903	-0.476251	161.521222	82.882414	0.001381	1.1
1904	-0.512266	160.777004	83.221745	0.000579	0.9
1905	-0.512473	161.776337	82.766728	0.001010	0.9
1906	-0.505801	161.032277	83.105039	0.001022	0.9
1907	-0.469913	162.031925	82.651152	0.001277	0.9
1908	-0.489531	163.031925	82.202039	0.000986	0.9
1909	-0.499049	162.287541	82.535885	0.001247	1.1
1910	-0.489896	161.560987	82.864360	0.000554	1.1
1911	-0.502686	160.830465	83.197276	0.001167	1.0
1912	-0.500136	161.827116	82.743741	0.000710	1.0
1913	-0.463396	161.083346	83.081730	0.000792	1.2
1914	-0.491254	162.082923	82.628129	0.000388	1.0
1915	-0.502685	161.431768	82.923054	0.000982	1.0
1916	-0.460277	162.425466	82.473823	0.000800	1.1
1917	-0.470411	161.681256	82.809806	0.000834	1.1
1918	-0.462066	162.357658	82.504323	0.001313	1.3
1919	-0.458817	161.613274	82.840634	0.001074	1.1
1920	-0.479799	162.613270	82.389467	0.000892	1.0
1921	-0.460691	163.613267	81.943187	0.000154	1.0
1922	-0.463725	163.820573	81.851274	0.000870	1.0
1923	-0.464853	163.481189	82.001853	0.000440	1.0
1924	-0.501703	163.921607	81.806554	0.000316	1.0
1925	-0.481250	163.726009	81.893175	0.000290	1.1
1926	-0.488950	163.241897	82.108357	0.000334	1.0
1927	-0.478533	162.969714	82.229836	0.000465	1.4
1928	-0.510558	162.438849	82.467806	0.001569	1.1
1929	-0.468801	161.694610	82.803753	0.001151	0.9
1930	-0.475653	160.968383	83.134219	0.000467	1.0
1931	-0.495417	160.346743	83.419196	0.000717	1.0
1932	-0.523949	161.170257	83.042093	0.001244	1.4
1933	-0.473979	162.170098	82.588805	0.001305	1.3
1934	-0.504691	161.428572	82.924507	0.000311	1.1
1935	-0.489015	160.690691	83.261280	0.001333	1.1
1936	-0.463429	160.791164	83.215263	0.000477	1.2
1937	-0.490004	160.046924	83.557340	0.000546	1.6
1938	-0.481029	159.452514	83.832578	0.000584	1.4
1939	-0.521739	160.177401	83.497166	0.000823	1.0
1940	-0.510748	159.896822	83.626673	0.001549	0.9
1941	-0.485027	160.871722	83.178403	0.000759	0.9
1942	-0.498242	161.871592	82.723616	0.000853	1.0
1943	-0.499150	161.127820	83.061442	0.001773	0.9
1944	-0.499278	161.814407	82.749493	0.001232	1.1
1945	-0.477757	162.813349	82.299787	0.001545	1.1
1946	-0.495548	163.813343	81.854476	0.000297	1.0
1947	-0.462192	163.085413	82.178154	0.000543	1.1
1948	-0.466486	163.426017	82.026385	0.000812	1.0
1949	-0.503516	164.113560	81.721725	0.000368	0.9
1950	-0.455110	163.520304	81.984470	0.000999	0.9
1951	-0.485610	162.830733	82.292004	0.000736	1.0
1952	-0.463856	162.087136	82.626228	0.000385	1.0
1953	-0.498868	161.422214	82.927397	0.000527	1.1
1954	-0.488440	160.756560	83.231106	0.001029	1.2
1955	-0.495966	161.135079	83.058132	0.000892	1.0
1956	-0.512581	160.394032	83.397448	0.000789	1.0
1957	-0.515299	161.292852	82.986246	0.001452	1.0
1958	-0.477304	162.291877	82.533932	0.000524	1.0
1959	-0.489954	161.810212	82.751391	0.000488	0.9
1960	-0.507867	162.011451	82.660398	0.000604	0.9
1961	-0.475805	161.647788	82.824980	0.000843	0.9
1962	-0.459845	160.926426	83.153392	0.000383	0.9
1963	-0.477031	161.682139	82.809406	0.000753	1.2
1964	-0.505502	162.279486	82.539513	0.000682	1.2
1965	-0.492088	161.540806	82.873522	0.000712	1.0
1966	-0.505476	161.309875	82.978497	0.001192	0.9
1967	-0.475504	160.817029	83.203424	0.000180	0.9
1968	-0.501960	160.478265	83.358739	0.000777	1.0
1969	-0.509425	161.070299	83.087684	0.000355	1.0
1970	-0.506237	161.446641	82.916295	0.000676	1.0
1971	-0.456777	162.129665	82.607039	0.000533	1.0
1972	-0.437446	162.832216	82.291340	0.000277	1.1
1973	-0.487993	162.860729	82.278579	0.000793	1.2
1974	-0.513311	162.995905	82.218131	0.000396	1.0
1975	-0.466650	162.265053	82.546013	0.001100	1.0
1976	-0.490336	163.240129	82.109145	0.000736	1.0
1977	-0.481140	162.495753	82.442232	0.000493	1.0
1978	-0.492846	161.758868	82.774639	0.000966	1.1
1979	-0.495487	161.675300	82.812506	0.000353	1.2
1980	-0.460825	161.352932	82.958904	0.000948	1.0
1981	-0.483432	162.283623	82.537649	0.000471	1.1
1982	-0.493848	162.140059	82.602351	0.000360	1.2
1983	-0.437472	162.645205	82.375140	0.001030	1.3
1984	-0.457092	162.070532	82.633722	0.000256	1.1
1985	-0.488780	162.757771	82.324679	0.000611	1.0
1986	-0.467644	163.546960	81.972629	0.000470	0.9
1987	-0.499481	162.952980	82.237316	0.000433	0.9
1988	-0.499698	163.701053	81.904240	0.001433	1.0
1989	-0.474501	162.965827	82.231573	0.001524	1.0
1990	-0.497015	162.221442	82.565661	0.000561	1.0
1991	-0.523924	163.221399	82.117493	0.000473	1.1
1992	-0.472944	163.268077	82.096691	0.000316	1.0
1993	-0.466056	163.966470	81.786712	0.000833	1.0
1994	-0.490283	163.325952	82.070914	0.000744	1.2
1995	-0.483179	164.314300	81.633201	0.001669	1.0
1996	-0.507622	165.312076	81.196022	0.000603	1.0
1997	-0.502039	164.568171	81.521520	0.000642	1.0
1998	-0.505047	165.007900	81.328801	0.000744	1.0
1999	-0.490069	165.841058	80.966141	0.000553	1.1
