1:ItNr	2:Metric	3a:Time	3b:StepSize	4:||Gradient||	Time[ms]
0	-0.436964	0.000000	302.998040	0.001446	30.7
1	-0.417069	0.000000	302.998040	0.001839	1.0
2	-0.429771	0.000000	302.998040	0.000650	1.0
3	-0.439497	0.000000	302.998040	0.000694	1.0
4	-0.410855	0.243175	299.529562	0.001429	1.0
5	-0.421923	0.000000	302.998040	0.002666	1.1
6	-0.441128	0.932023	290.121836	0.001315	1.1
7	-0.419482	0.259029	299.306187	0.001449	1.2
8	-0.420576	0.000000	302.998040	0.003061	1.2
9	-0.441066	0.000000	302.998040	0.001545	1.3
10	-0.425059	0.681621	293.472463	0.002235	1.1
11	-0.418081	0.902117	290.517977	0.000699	0.9
12	-0.416389	0.207253	300.036915	0.001902	0.9
13	-0.458162	0.000000	302.998040	0.001200	0.9
14	-0.424156	0.961775	289.728800	0.002114	0.9
15	-0.447613	0.281432	298.991110	0.002645	0.9
16	-0.430715	0.000000	302.998040	0.002288	1.4
17	-0.453281	0.982520	289.455392	0.003008	1.0
18	-0.471819	0.291585	298.848524	0.003519	1.0
19	-0.423216	1.291585	285.442186	0.001376	1.0
20	-0.457240	2.291570	273.187201	0.002360	1.0
21	-0.395704	1.562576	282.013849	0.002084	1.1
22	-0.419212	2.557428	270.104135	0.002480	1.1
23	-0.447428	1.826731	278.750336	0.002817	0.9
24	-0.433348	2.826721	267.051384	0.003193	0.9
25	-0.383374	3.421532	260.547075	0.002034	1.1
26	-0.434052	4.421520	250.298130	0.003106	1.0
27	-0.414893	5.328571	241.675055	0.002597	0.9
28	-0.425926	6.328571	232.831744	0.000997	0.9
29	-0.420737	7.324396	224.645882	0.001803	0.9
30	-0.430082	7.482991	223.395037	0.001728	0.9
31	-0.439067	8.479844	215.840991	0.002336	0.9
32	-0.413999	8.811163	213.442154	0.001103	0.9
33	-0.417108	9.808392	206.533302	0.001093	1.0
34	-0.433465	9.139162	211.119303	0.001300	1.0
35	-0.391308	9.269669	210.209064	0.001004	1.0
36	-0.421696	9.811930	206.509585	0.001517	1.0
37	-0.393833	9.120072	211.253106	0.000443	1.0
38	-0.432935	8.949859	212.453718	0.000712	1.0
39	-0.423611	8.918540	212.676116	0.001904	1.0
40	-0.443719	9.849207	206.260046	0.003553	1.0
41	-0.416128	9.421756	209.158169	0.000562	1.0
42	-0.398479	8.734656	213.991340	0.002175	1.1
43	-0.425150	8.799082	213.528689	0.002371	0.9
44	-0.425817	9.705048	207.228426	0.001525	0.9
45	-0.394887	8.978461	212.251017	0.001786	1.0
46	-0.397493	8.265932	217.418631	0.001897	1.2
47	-0.445849	9.259731	210.278106	0.000540	1.0
48	-0.417403	8.775195	213.699989	0.000923	1.0
49	-0.398638	8.462280	215.969669	0.000649	1.0
50	-0.431624	7.971657	219.627023	0.000548	1.0
51	-0.433737	8.141344	218.348160	0.000931	1.0
52	-0.454717	8.610368	214.889553	0.001777	1.0
53	-0.442172	7.992371	219.470107	0.001397	1.1
54	-0.436435	7.451734	223.640460	0.000573	1.3
55	-0.406222	7.996472	219.439066	0.002544	1.1
56	-0.447500	8.936871	212.545885	0.001562	1.0
57	-0.444057	9.908432	205.864821	0.001952	1.1
58	-0.425577	9.346287	209.678333	0.001717	0.9
59	-0.429891	8.832135	213.292101	0.003392	0.9
60	-0.426761	8.101410	218.647788	0.001957	0.9
61	-0.446126	7.370684	224.279359	0.001742	0.9
62	-0.394877	8.313957	217.062430	0.001441	0.9
63	-0.413343	8.340064	216.869290	0.001908	1.0
64	-0.408027	9.280177	210.136118	0.001609	1.0
65	-0.436897	8.670729	214.452396	0.001821	1.1
66	-0.422107	9.307522	209.946521	0.001124	1.0
67	-0.437208	10.137199	204.352321	0.000991	1.0
68	-0.428391	10.756386	200.367851	0.000367	1.1
69	-0.435569	10.425427	202.478037	0.000688	1.0
70	-0.431426	10.458771	202.263429	0.001355	1.0
71	-0.424689	11.230429	197.420854	0.001060	1.0
72	-0.427129	11.869068	193.585010	0.001092	1.0
73	-0.416660	11.200220	197.606070	0.000730	1.1
74	-0.422930	11.865964	193.603291	0.000745	1.1
75	-0.442918	11.826251	193.837514	0.002056	0.9
76	-0.456236	12.094080	192.268795	0.002063	1.0
77	-0.428242	11.363534	196.608898	0.002398	1.0
78	-0.462628	10.632858	201.150301	0.001281	1.0
79	-0.431050	9.955060	205.554726	0.001482	0.9
80	-0.381484	10.415611	202.541302	0.001240	1.0
81	-0.428587	9.937542	205.671119	0.001999	1.0
82	-0.428025	9.578060	208.089030	0.001866	1.3
83	-0.400356	10.481116	202.119861	0.001876	1.3
84	-0.431793	9.774744	206.759116	0.000978	1.3
85	-0.408060	10.696898	200.743900	0.001528	1.3
86	-0.394928	10.348795	202.972995	0.001508	1.3
87	-0.415216	11.177819	197.743633	0.000924	1.2
88	-0.417939	11.442252	196.131847	0.002032	1.1
89	-0.407145	11.218428	197.494391	0.001067	1.0
90	-0.411066	10.534186	201.779710	0.001529	1.0
91	-0.458089	11.395560	196.414532	0.002100	1.0
92	-0.409577	10.665989	200.939840	0.002509	1.2
93	-0.423099	11.659796	194.825429	0.001783	1.0
94	-0.410242	12.659398	189.039591	0.001748	1.0
95	-0.437705	13.443565	184.735778	0.001807	1.0
96	-0.392609	13.189734	186.107292	0.001641	1.0
97	-0.442590	12.462967	190.149270	0.001590	1.4
98	-0.435173	11.735001	194.377843	0.002750	1.1
99	-0.411063	12.035372	192.610480	0.001474	1.1
100	-0.425123	11.447306	196.101296	0.001354	1.0
101	-0.383509	10.902325	199.451259	0.001603	0.9
102	-0.401529	10.893837	199.504339	0.002185	0.9
103	-0.424975	10.163357	204.180792	0.000746	1.1
104	-0.432132	10.437948	202.397395	0.001720	1.1
105	-0.423217	9.755493	206.888534	0.001456	0.9
106	-0.402818	10.193485	203.983582	0.001116	0.9
107	-0.429527	9.859938	206.188322	0.001115	0.9
108	-0.425005	9.562277	208.196492	0.001847	0.9
109	-0.455359	9.510592	208.549177	0.001805	1.0
110	-0.427709	10.263652	203.525773	0.001884	1.0
111	-0.420149	9.859387	206.192001	0.001982	1.1
112	-0.424051	10.845338	199.808176	0.001984	1.0
113	-0.431929	11.797840	194.005421	0.002086	0.9
114	-0.409343	12.795364	188.279043	0.001828	0.9
115	-0.426790	13.691631	183.414809	0.001591	1.0
116	-0.423405	14.401010	179.739469	0.000709	1.0
117	-0.467711	14.849540	177.490670	0.000441	1.0
118	-0.407249	14.788690	177.792450	0.001632	1.0
119	-0.461134	14.268799	180.413255	0.002297	1.2
120	-0.446093	15.195933	175.792093	0.001427	1.0
121	-0.430770	16.096803	171.523105	0.000863	0.9
122	-0.432533	15.439091	174.619031	0.000909	0.9
123	-0.420186	15.658040	173.576080	0.001561	0.9
124	-0.442004	16.193708	171.076215	0.002388	0.9
125	-0.389962	17.193521	166.597861	0.001874	0.9
126	-0.415003	17.882743	163.644802	0.000436	0.9
127	-0.425744	17.653704	164.614465	0.001648	1.0
128	-0.445580	18.351412	161.695819	0.002110	1.0
129	-0.420607	19.351036	157.690097	0.001812	1.1
130	-0.430684	18.620364	160.598192	0.001385	1.1
131	-0.412964	19.079605	158.758024	0.001764	0.9
132	-0.397011	19.968770	155.312421	0.001799	0.9
133	-0.413015	20.968266	151.613575	0.000960	0.9
134	-0.408986	20.255279	154.233808	0.000201	0.9
135	-0.416083	20.311520	154.023837	0.001872	0.9
136	-0.418937	20.470376	153.433835	0.001868	1.0
137	-0.395907	19.791918	155.985773	0.002318	1.0
138	-0.421921	19.106786	158.650430	0.000762	1.0
139	-0.427747	19.902794	155.562937	0.001879	1.0
140	-0.429495	20.571775	153.059590	0.001359	1.1
141	-0.415983	20.055140	154.985680	0.002221	1.0
142	-0.433340	20.857705	152.014039	0.001112	0.9
143	-0.417331	20.188508	154.483838	0.001256	1.0
144	-0.402666	19.630157	156.606799	0.001273	1.0
145	-0.405294	18.947146	159.284442	0.001276	1.0
146	-0.452208	18.412629	161.444668	0.000951	1.0
147	-0.441568	18.064744	162.882389	0.001327	0.9
148	-0.411788	18.714090	160.219178	0.001892	0.9
149	-0.426928	19.690007	156.376448	0.001780	0.9
150	-0.447495	18.959437	159.235449	0.000989	1.1
151	-0.416603	19.569882	156.839471	0.000781	1.0
152	-0.406803	19.437428	157.353202	0.001645	1.1
153	-0.426027	18.784407	159.935997	0.001787	1.1
154	-0.397687	18.583249	160.748777	0.001529	0.9
155	-0.436523	18.011183	163.106022	0.001844	0.9
156	-0.408081	19.009101	159.037786	0.003162	0.9
157	-0.428809	20.009067	155.159805	0.000546	1.0
158	-0.418910	20.964161	151.628404	0.000762	1.2
159	-0.430853	21.404327	150.054469	0.001197	1.0
160	-0.443349	22.205182	147.273048	0.001317	0.9
161	-0.428574	23.145729	144.135321	0.001921	0.9
162	-0.416107	22.569215	146.042541	0.001338	0.9
163	-0.423847	22.594683	145.957223	0.001606	0.9
164	-0.419745	23.528875	142.895118	0.001762	0.9
165	-0.435130	24.395106	140.168389	0.001159	0.9
166	-0.439130	25.385574	137.175382	0.000840	0.9
167	-0.449019	25.182584	137.778320	0.001102	1.0
168	-0.431510	25.805495	135.944696	0.001006	1.0
169	-0.412322	25.520388	136.777855	0.001259	1.2
170	-0.402973	26.365930	134.336195	0.001806	1.1
171	-0.437200	26.628507	133.595598	0.002554	0.9
172	-0.442912	27.623077	130.862941	0.001532	0.9
173	-0.435802	28.621263	128.230490	0.002742	0.9
174	-0.428578	29.621185	125.697548	0.000692	1.0
175	-0.407288	28.932667	127.430784	0.001009	0.9
176	-0.442363	29.066586	127.089928	0.002425	0.9
177	-0.429764	28.496423	128.553911	0.002332	0.9
178	-0.419860	27.766462	130.478171	0.001916	1.0
179	-0.417484	28.556296	128.398595	0.001610	1.1
180	-0.426759	27.826620	130.317415	0.002851	1.0
181	-0.399470	28.826561	127.702148	0.000637	0.9
182	-0.433903	29.695007	125.514507	0.001124	0.9
183	-0.423699	30.050549	124.640360	0.001237	1.0
184	-0.397666	29.406771	126.232226	0.003164	1.0
185	-0.413045	30.165249	124.360947	0.000560	1.0
186	-0.403628	29.466696	126.082335	0.001049	1.1
187	-0.415594	29.424782	126.187137	0.001662	0.9
188	-0.451410	29.013823	127.224004	0.000507	0.9
189	-0.444994	29.570246	125.824162	0.001475	1.1
190	-0.438704	30.220174	124.227591	0.001339	1.1
191	-0.419127	29.877659	125.063906	0.002526	1.5
192	-0.437086	30.492440	123.570739	0.002267	1.2
193	-0.444131	30.154869	124.386182	0.002097	1.0
194	-0.451606	29.755773	125.364238	0.001472	1.0
195	-0.388795	29.029836	127.183284	0.000946	1.0
196	-0.414834	28.409899	128.779030	0.001330	1.1
197	-0.425653	27.745637	130.533915	0.001039	1.1
198	-0.423487	28.640412	128.181023	0.002192	1.2
199	-0.419348	29.440621	126.147511	0.001189	1.1
200	-0.422998	28.712851	127.994244	0.001330	1.3
201	-0.407427	29.614950	125.713033	0.001371	1.2
202	-0.414913	30.006266	124.748572	0.001550	1.0
203	-0.413814	29.771882	125.324464	0.001310	1.2
204	-0.417845	30.617538	123.271257	0.002369	1.0
205	-0.417659	31.484228	121.235637	0.002018	0.9
206	-0.408111	31.133862	122.050402	0.001594	1.0
207	-0.422502	32.132829	119.755694	0.001723	1.1
208	-0.461175	33.122698	117.565440	0.004312	0.9
209	-0.446595	34.122690	115.432661	0.000830	0.9
210	-0.426307	34.265455	115.134470	0.002209	0.9
211	-0.442017	35.209326	113.201122	0.001194	1.0
212	-0.435587	34.850707	113.927992	0.002113	1.0
213	-0.391709	34.362382	114.932895	0.000686	1.0
214	-0.417058	35.303888	113.011002	0.002836	1.0
215	-0.414041	35.615731	112.388532	0.001456	1.2
216	-0.406952	36.587257	110.492481	0.000996	1.1
217	-0.411814	37.123867	109.472394	0.002037	1.0
218	-0.420053	36.457115	110.742748	0.000989	1.0
219	-0.433882	36.878162	109.937126	0.001841	1.1
220	-0.409931	37.469336	108.825571	0.000845	1.0
221	-0.422624	37.985941	107.872464	0.002651	1.0
222	-0.420031	37.389285	108.974768	0.000789	0.9
223	-0.448465	38.164957	107.546073	0.003493	0.9
224	-0.425617	37.676279	108.441758	0.001493	0.9
225	-0.421901	38.378703	107.158939	0.002167	1.0
226	-0.428943	39.152602	105.780276	0.000317	1.1
227	-0.414125	39.439676	105.277844	0.001477	0.9
228	-0.424055	39.386855	105.369933	0.001951	0.9
229	-0.419855	38.659837	106.653976	0.001377	0.9
230	-0.440953	38.032975	107.786518	0.000704	1.0
231	-0.443849	38.803259	106.398195	0.001914	1.0
232	-0.407315	39.071493	105.923102	0.000819	1.1
233	-0.423657	38.393564	107.132126	0.001564	1.0
234	-0.428186	39.321892	105.483409	0.002000	0.9
235	-0.434867	38.594102	106.771620	0.000360	0.9
236	-0.415154	38.061132	107.735131	0.001382	1.2
237	-0.451798	37.974360	107.893648	0.002245	1.0
238	-0.434667	38.964216	106.112599	0.002378	1.0
239	-0.418839	39.796020	104.660779	0.001464	1.0
240	-0.422877	40.694886	103.135920	0.001377	1.0
241	-0.410035	40.107667	104.127012	0.002595	1.0
242	-0.384394	40.297087	103.805240	0.001145	1.0
243	-0.435030	39.567645	105.055410	0.000904	1.0
244	-0.398030	39.141470	105.799855	0.001817	1.2
245	-0.442654	39.786913	104.676459	0.001033	1.1
246	-0.393127	40.565849	103.352084	0.001036	0.9
247	-0.428146	41.344184	102.061787	0.002511	0.9
248	-0.403104	42.341772	100.454386	0.001535	1.1
249	-0.419551	42.187937	100.698949	0.001580	0.9
250	-0.434105	42.630396	99.998730	0.002945	0.9
251	-0.383530	41.900825	101.158591	0.003057	0.9
252	-0.421150	41.645577	101.570759	0.002386	0.9
253	-0.450208	42.638542	99.985931	0.001352	0.9
254	-0.423204	43.634333	98.445495	0.001955	1.1
255	-0.441094	42.907010	99.565897	0.001561	1.0
256	-0.396130	42.177238	100.716002	0.002448	1.0
257	-0.412211	43.175363	99.149557	0.002498	1.0
258	-0.419319	44.062137	97.798184	0.001527	1.0
259	-0.424311	43.331653	98.908679	0.003636	1.0
260	-0.415145	44.329073	97.398579	0.000985	1.0
261	-0.395784	45.328158	95.931487	0.001724	1.0
262	-0.429789	45.675019	95.432426	0.001839	1.0
263	-0.419397	44.946375	96.486863	0.001411	1.2
264	-0.457210	44.982887	96.433472	0.001844	1.4
265	-0.413801	44.255476	97.508428	0.000877	0.9
266	-0.400320	43.564072	98.552626	0.001805	0.9
267	-0.432355	44.485672	97.165664	0.001663	0.9
268	-0.399336	43.756882	98.259190	0.000932	0.9
269	-0.405761	44.672812	96.888782	0.001496	0.9
270	-0.405172	43.997027	97.896152	0.001654	0.9
271	-0.416124	43.300837	98.956081	0.000679	0.9
272	-0.417549	42.643337	99.978397	0.002493	0.9
273	-0.418331	42.839292	99.671512	0.001660	0.9
274	-0.437524	42.110303	100.822822	0.002873	1.0
275	-0.412218	43.086834	99.286522	0.001081	0.9
276	-0.406578	42.692720	99.900881	0.001026	1.0
277	-0.421272	43.564320	98.552247	0.002002	1.0
278	-0.447055	44.525754	97.106228	0.001461	1.1
279	-0.439936	45.513028	95.664850	0.001858	0.9
280	-0.392396	44.784027	96.724983	0.001206	1.1
281	-0.449487	45.326052	95.934532	0.001562	1.0
282	-0.421194	46.303260	94.541614	0.000981	1.0
283	-0.428872	45.751429	95.323185	0.002389	1.2
284	-0.454569	46.364857	94.455167	0.001298	1.0
285	-0.390875	47.363087	93.075944	0.000791	0.9
286	-0.433336	47.580721	92.780576	0.001211	0.9
287	-0.396788	47.669715	92.660336	0.001666	1.0
288	-0.419314	48.593641	91.430176	0.000790	1.0
289	-0.430921	49.272776	90.546569	0.001753	1.0
290	-0.449488	50.108723	89.482114	0.001113	1.0
291	-0.421115	51.080875	88.275272	0.002536	1.0
292	-0.419547	52.078243	87.070495	0.001650	1.0
293	-0.400584	51.347582	87.949848	0.001483	1.1
294	-0.444810	52.272196	86.840018	0.000592	1.0
295	-0.412305	51.741321	87.473787	0.004057	1.1
296	-0.417656	52.734929	86.295043	0.001410	1.2
297	-0.430404	53.712633	85.165769	0.001166	1.0
298	-0.419820	54.279189	84.524806	0.001499	1.0
299	-0.402537	53.683426	85.199075	0.002823	1.0
300	-0.375694	54.081264	84.747626	0.000838	1.1
301	-0.420432	53.990674	84.850002	0.001298	1.3
302	-0.416890	53.666037	85.218917	0.001161	1.2
303	-0.438628	54.619240	84.144707	0.001705	1.2
304	-0.437404	55.526783	83.146822	0.001678	1.0
305	-0.423664	54.798110	83.946141	0.000970	1.0
306	-0.429790	54.115606	84.708879	0.002182	1.0
307	-0.456324	53.942097	84.905002	0.001911	1.1
308	-0.431933	53.574567	85.323443	0.000900	1.0
309	-0.437803	54.507150	84.269620	0.002689	0.9
310	-0.413578	53.789323	85.078439	0.001218	1.0
311	-0.427941	53.059719	85.916594	0.002395	1.2
312	-0.417072	52.756353	86.269977	0.002067	0.9
313	-0.428876	52.196997	86.929234	0.001685	0.9
314	-0.400162	51.486204	87.781654	0.000580	0.9
315	-0.461432	51.123879	88.222637	0.000412	0.9
316	-0.400291	51.097136	88.255362	0.002227	0.9
317	-0.419667	51.815623	87.384528	0.001510	0.9
318	-0.437060	52.498161	86.573035	0.001194	1.0
319	-0.420324	51.894537	87.289927	0.001015	1.0
320	-0.416745	52.116724	87.024671	0.001653	1.1
321	-0.413082	53.078738	85.894536	0.001621	1.1
322	-0.415014	53.801893	85.064142	0.001829	0.9
323	-0.425578	54.639533	84.122133	0.001053	1.1
324	-0.431008	55.263942	83.433385	0.000398	1.0
325	-0.443898	55.658554	83.003899	0.001418	1.0
326	-0.418814	55.631065	83.033673	0.001273	1.0
327	-0.408667	55.668277	82.993372	0.001594	1.1
328	-0.437909	56.174360	82.449130	0.000660	0.9
329	-0.409413	55.606405	83.060403	0.000897	0.9
330	-0.439579	55.970622	82.667370	0.002723	1.0
331	-0.431991	56.916614	81.663698	0.002663	1.3
332	-0.410049	56.185888	82.436816	0.001747	1.0
333	-0.387560	56.605970	81.990584	0.001225	1.0
334	-0.424772	55.885768	82.758604	0.001743	1.0
335	-0.408006	55.414661	83.268822	0.002421	1.0
336	-0.425231	56.414587	82.193280	0.002271	1.0
337	-0.410852	57.401012	81.159141	0.001585	1.0
338	-0.418151	56.671267	81.921657	0.000925	1.2
339	-0.387536	56.201105	82.420567	0.001169	1.1
340	-0.410695	56.748878	81.839880	0.001732	1.2
341	-0.385430	56.053680	82.578261	0.001233	1.1
342	-0.444292	57.022787	81.552571	0.002913	1.2
343	-0.418993	56.488008	82.115401	0.000866	1.1
344	-0.426037	55.965358	82.673023	0.002157	1.1
345	-0.411861	55.243079	83.456216	0.000878	0.9
346	-0.421484	54.527361	84.247069	0.001809	0.9
347	-0.400964	55.166322	83.540319	0.001494	0.9
348	-0.410035	55.930624	82.710350	0.001202	1.1
349	-0.427498	56.189469	82.432991	0.002089	1.1
350	-0.421126	55.574927	83.094546	0.001484	1.0
351	-0.419449	56.563185	82.035811	0.001708	1.0
352	-0.415765	55.837022	82.811106	0.001671	1.1
353	-0.432110	55.106870	83.605577	0.001602	1.7
354	-0.438997	54.410071	84.378104	0.001456	1.1
355	-0.421431	53.720007	85.157364	0.002021	1.0
356	-0.427343	54.711413	84.042267	0.000364	1.1
357	-0.390660	54.612484	84.152226	0.001529	1.2
358	-0.418596	54.410782	84.377308	0.001519	0.9
359	-0.424231	54.113625	84.711113	0.001822	0.9
360	-0.396704	54.853816	83.884492	0.001696	0.9
361	-0.431213	54.748902	84.000674	0.002882	0.9
362	-0.396885	55.728545	82.928183	0.002061	0.9
363	-0.443651	55.001263	83.721751	0.000961	0.9
364	-0.417202	54.851876	83.886637	0.000889	0.9
365	-0.428342	54.699224	84.055800	0.002043	1.0
366	-0.403817	54.010291	84.827812	0.000508	1.0
367	-0.428441	54.306684	84.493945	0.001130	1.4
368	-0.424800	54.405758	84.382930	0.001511	1.4
369	-0.404528	55.330040	83.361136	0.001283	1.5
370	-0.434476	56.238348	82.380825	0.001675	1.1
371	-0.427665	57.171932	81.396975	0.002161	1.3
372	-0.419436	56.872508	81.709951	0.001070	1.5
373	-0.418806	57.186529	81.381779	0.001798	1.2
374	-0.402742	58.043213	80.499749	0.000799	1.0
375	-0.422885	58.595333	79.941356	0.001520	1.0
376	-0.429020	59.003947	79.533062	0.002177	1.0
377	-0.447248	58.310625	80.228328	0.001604	1.0
378	-0.401280	57.795914	80.752396	0.001876	1.0
379	-0.412432	57.631098	80.921658	0.001473	1.0
380	-0.438917	56.909233	81.671435	0.000878	1.0
381	-0.421317	57.353922	81.207917	0.001707	1.0
382	-0.425433	57.119076	81.452049	0.001535	0.9
383	-0.429333	58.116655	80.425023	0.001582	0.9
384	-0.449188	59.096077	79.441579	0.000945	1.0
385	-0.456567	59.797179	78.752240	0.001349	1.0
386	-0.452124	59.144502	79.393579	0.002995	1.2
387	-0.406169	58.418890	80.118960	0.002383	1.3
388	-0.417620	57.688164	80.862972	0.002010	1.1
389	-0.408344	58.688021	79.848373	0.000795	1.0
390	-0.459336	58.319244	80.219610	0.001587	1.0
391	-0.434297	58.728329	79.808005	0.002283	1.0
392	-0.450838	58.148927	80.392232	0.000573	1.0
393	-0.408140	57.611240	80.942099	0.000984	0.9
394	-0.443142	57.542295	81.013152	0.001069	1.0
395	-0.426245	57.213989	81.353207	0.000956	0.9
396	-0.445532	56.677227	81.915370	0.000365	0.9
397	-0.429721	57.023966	81.551338	0.002017	1.0
398	-0.398049	57.638966	80.913562	0.002052	0.9
399	-0.423829	57.755302	80.794038	0.000646	1.0
400	-0.398665	57.717146	80.833200	0.001009	1.1
401	-0.425329	57.244417	81.321570	0.001094	1.0
402	-0.429506	57.941551	80.603418	0.001608	0.9
403	-0.423508	57.401191	81.158957	0.001241	1.4
404	-0.436965	56.749047	81.839702	0.001592	1.0
405	-0.404926	57.625546	80.927372	0.000999	0.9
406	-0.443925	56.927589	81.652197	0.001386	0.9
407	-0.435042	56.231861	82.387745	0.002632	0.9
408	-0.428665	55.502162	83.173582	0.001773	0.9
409	-0.425735	56.502154	82.100413	0.003401	1.0
410	-0.421593	55.771496	82.881788	0.002119	1.0
411	-0.416116	55.040770	83.678253	0.002092	1.0
412	-0.457850	54.310623	84.489526	0.001530	1.0
413	-0.419849	55.310207	83.382802	0.000730	1.2
414	-0.447153	56.158002	82.466610	0.001268	1.0
415	-0.453420	55.993385	82.642929	0.000620	1.0
416	-0.436850	55.577894	83.091327	0.001062	0.9
417	-0.405580	55.800567	82.850414	0.001319	0.9
418	-0.433923	55.159897	83.547367	0.001817	0.9
419	-0.403975	55.617133	83.048772	0.001017	1.2
420	-0.449624	55.448228	83.232261	0.002060	1.0
421	-0.416327	55.985166	82.651752	0.001009	0.9
422	-0.467624	56.065565	82.565525	0.002433	0.9
423	-0.419927	57.038423	81.536230	0.001196	1.2
424	-0.414598	56.309791	82.304695	0.002066	0.9
425	-0.409458	55.792328	82.859304	0.001363	0.9
426	-0.405902	55.062558	83.654284	0.000885	1.0
427	-0.406955	54.384969	84.406201	0.001227	1.0
428	-0.421786	54.103876	84.722110	0.000707	1.0
429	-0.442950	54.883853	83.851288	0.000832	1.0
430	-0.430955	54.914896	83.817000	0.000792	1.0
431	-0.403964	54.509548	84.266943	0.000764	1.0
432	-0.426603	55.082310	83.632567	0.002443	1.1
433	-0.443158	54.688953	84.067206	0.002523	0.9
434	-0.431702	55.688953	82.970996	0.001096	0.9
435	-0.442627	56.494211	82.108828	0.002293	1.2
436	-0.400031	55.849548	82.797609	0.001486	1.0
437	-0.471056	55.168117	83.538350	0.002767	0.9
438	-0.405259	54.437449	84.347482	0.001187	0.9
439	-0.436376	53.715513	85.162486	0.001577	0.9
440	-0.404652	54.671098	84.087042	0.002497	1.0
441	-0.418369	55.670594	82.990864	0.001878	1.1
442	-0.409638	56.601028	81.995806	0.001566	1.1
443	-0.445360	56.310221	82.304238	0.000435	1.0
444	-0.410855	56.451363	82.154253	0.001078	0.9
445	-0.427471	56.133511	82.492794	0.002758	0.9
446	-0.424718	56.830259	81.754307	0.001504	0.9
447	-0.432005	56.143971	82.481609	0.001304	1.0
448	-0.422739	56.192660	82.429583	0.000851	1.0
449	-0.449308	56.971547	81.606164	0.001260	1.0
450	-0.431529	57.636255	80.916351	0.002100	1.1
451	-0.396797	56.906639	81.674154	0.001403	1.3
452	-0.433739	57.831986	80.715445	0.001588	1.0
453	-0.436999	58.220501	80.319598	0.002194	0.9
454	-0.409918	57.492713	81.064325	0.001187	0.9
455	-0.404229	56.763415	81.824581	0.001583	0.9
456	-0.389605	57.251810	81.313887	0.001921	0.9
457	-0.419033	56.899295	81.681854	0.001483	0.9
458	-0.404335	56.194979	82.427107	0.000830	0.9
459	-0.440231	57.100044	81.471898	0.001682	0.9
460	-0.405740	56.795041	81.791317	0.000968	0.9
461	-0.415055	56.080623	82.549395	0.001739	1.1
462	-0.414281	55.470129	83.208423	0.001735	1.1
463	-0.407761	54.741169	84.009251	0.003438	1.0
464	-0.376128	55.741154	82.914558	0.001374	1.0
465	-0.387004	56.728340	81.861504	0.001681	1.0
466	-0.434063	57.718032	80.832291	0.001207	1.1
467	-0.442684	56.996305	81.580260	0.002181	1.1
468	-0.434928	57.118815	81.452322	0.002396	1.2
469	-0.415990	56.410641	82.197470	0.001941	0.9
470	-0.406250	55.680081	82.980596	0.001098	0.9
471	-0.438041	56.627686	81.967648	0.001523	0.9
472	-0.392269	57.533390	81.022338	0.002125	1.0
473	-0.440644	58.356007	80.182447	0.003148	1.0
474	-0.430938	57.625283	80.927643	0.003502	1.0
475	-0.442234	58.624864	79.911707	0.001211	1.0
476	-0.414718	59.615310	78.929906	0.000416	1.0
477	-0.418564	59.465337	79.077017	0.001022	1.0
478	-0.444550	59.899023	78.653099	0.001462	1.0
479	-0.426852	60.105803	78.452572	0.002022	1.0
480	-0.416940	61.077618	77.523678	0.002683	1.2
481	-0.422410	62.077509	76.590631	0.001036	1.3
482	-0.427160	62.827987	75.904946	0.001712	1.0
483	-0.430815	62.120224	76.551271	0.001598	1.1
484	-0.433787	61.395770	77.224339	0.001029	1.0
485	-0.439677	62.319244	76.368418	0.001297	0.9
486	-0.434827	63.139122	75.624260	0.002694	0.9
487	-0.425450	64.001944	74.856627	0.001646	0.9
488	-0.424125	64.130162	74.743882	0.001847	0.9
489	-0.433619	65.129476	73.876670	0.002265	1.0
490	-0.424482	66.098230	73.054973	0.001138	1.1
491	-0.421560	65.372319	73.668959	0.000942	1.0
492	-0.465789	65.499378	73.560746	0.002406	0.9
493	-0.411947	64.800034	74.160330	0.001493	0.9
494	-0.443022	65.797554	73.308043	0.001139	1.0
495	-0.390945	65.156447	73.853543	0.001941	1.0
496	-0.449208	66.142528	73.017836	0.000990	1.1
497	-0.405177	66.240057	72.936207	0.001200	0.9
498	-0.445436	65.940589	73.187436	0.002412	0.9
499	-0.401576	65.226050	73.793927	0.001817	1.0
500	-0.425107	64.495955	74.424092	0.000909	1.2
501	-0.410068	65.139518	73.868057	0.001085	1.0
502	-0.421229	65.950934	73.178729	0.002758	1.0
503	-0.412621	66.192221	72.976221	0.001503	1.0
504	-0.427384	65.463180	73.591543	0.000892	1.0
505	-0.431169	65.298418	73.732045	0.001087	1.0
506	-0.417736	64.782630	74.175376	0.000775	1.0
507	-0.421344	65.546234	73.520921	0.000434	1.0
508	-0.421077	65.322276	73.711666	0.003119	1.0
509	-0.420125	65.348060	73.689656	0.001723	1.0
510	-0.437678	64.669274	74.273523	0.001091	1.0
511	-0.444286	64.062090	74.803697	0.001212	1.1
512	-0.419765	64.018460	74.842086	0.000655	0.9
513	-0.427697	64.080615	74.787410	0.001585	1.0
514	-0.424173	63.667468	75.152346	0.001364	1.0
515	-0.403791	62.944158	75.799901	0.001205	1.1
516	-0.454066	63.798278	75.036415	0.001341	1.0
517	-0.406122	64.559471	74.368843	0.000651	0.9
518	-0.412047	64.681553	74.262880	0.000827	0.9
519	-0.420413	64.911445	74.064158	0.001808	1.0
520	-0.451467	65.272451	73.754237	0.000963	1.0
521	-0.420794	64.673739	74.269653	0.001318	0.9
522	-0.411446	65.403318	73.642529	0.000766	0.9
523	-0.442930	65.148575	73.860291	0.001722	0.9
524	-0.395342	65.363206	73.676733	0.000534	1.0
525	-0.435561	65.479259	73.577860	0.001170	1.0
526	-0.439927	65.395594	73.649113	0.002091	1.0
527	-0.396262	66.358594	72.837239	0.002899	0.9
528	-0.435732	65.627868	73.451638	0.002367	1.1
529	-0.428648	66.513305	72.708473	0.002110	1.0
530	-0.403200	67.511981	71.888108	0.000738	0.9
531	-0.425798	68.456174	71.129342	0.000836	0.9
532	-0.433209	67.963096	71.523577	0.001027	1.1
533	-0.415151	67.700927	71.734975	0.000202	1.0
534	-0.442107	67.504252	71.894386	0.002746	1.0
535	-0.447723	67.110980	72.215277	0.000969	1.0
536	-0.406059	68.097718	71.415508	0.000809	1.0
537	-0.405011	68.698554	70.937139	0.001091	1.0
538	-0.421182	68.078210	71.431148	0.002490	1.1
539	-0.405958	68.624254	70.995948	0.002543	1.1
540	-0.429765	69.624253	70.212538	0.000644	0.9
541	-0.418653	69.773686	70.096953	0.001915	0.9
542	-0.408671	70.131167	69.821984	0.001260	1.0
543	-0.453053	70.718798	69.374643	0.001798	0.9
544	-0.411732	71.693013	68.645507	0.002705	0.9
545	-0.450617	72.692665	67.913095	0.003172	0.9
546	-0.436650	71.962100	68.446806	0.002273	0.9
547	-0.428204	71.399520	68.863549	0.000772	0.9
548	-0.442720	72.188871	68.280244	0.002718	1.1
549	-0.386738	72.439423	68.097154	0.001841	1.2
550	-0.412058	73.433972	67.379977	0.001500	1.0
551	-0.403457	72.705523	67.903776	0.001886	0.9
552	-0.431921	73.697950	67.192150	0.002178	0.9
553	-0.411510	72.987404	67.700123	0.001094	0.9
554	-0.418055	73.969768	66.999836	0.000641	1.0
555	-0.434908	74.303846	66.764974	0.001447	1.0
556	-0.429956	74.801704	66.418013	0.001687	0.9
557	-0.438477	74.483402	66.639423	0.001165	0.9
558	-0.449775	75.302454	66.072655	0.002847	1.0
559	-0.405795	74.573158	66.576840	0.001431	1.0
560	-0.402668	75.572852	65.887656	0.001075	0.9
561	-0.453409	75.955501	65.627621	0.002117	0.9
562	-0.433118	76.760148	65.087451	0.001516	0.9
563	-0.403003	76.123675	65.513983	0.001227	0.9
564	-0.412914	76.396272	65.330620	0.002599	1.0
565	-0.430765	76.842154	65.032898	0.003090	1.2
566	-0.399645	76.111428	65.522245	0.000777	1.0
567	-0.407309	76.508053	65.255726	0.001274	0.9
568	-0.457232	77.283843	64.740639	0.000339	1.0
569	-0.463618	77.443803	64.635443	0.000585	1.0
570	-0.418897	77.498465	64.599573	0.002998	1.0
571	-0.409414	76.784397	65.071310	0.002218	1.0
572	-0.407322	77.784371	64.412606	0.001278	1.0
573	-0.435876	78.777601	63.771416	0.001552	1.0
574	-0.410609	78.064566	64.230422	0.001395	1.0
575	-0.392439	78.665668	63.843036	0.001127	1.0
576	-0.417175	79.504417	63.310241	0.001362	1.0
577	-0.420861	79.015921	63.619460	0.000642	1.0
578	-0.391137	78.571639	63.903326	0.000475	1.0
579	-0.468337	78.397219	64.015462	0.002138	0.9
580	-0.392459	79.224915	63.486797	0.001635	0.9
581	-0.410078	78.578758	63.898757	0.001032	1.2
582	-0.459454	78.014861	64.262665	0.000901	1.0
583	-0.439239	78.453845	63.979013	0.001925	0.9
584	-0.408439	79.414885	63.366689	0.002085	0.9
585	-0.422813	80.414832	62.741896	0.001707	0.9
586	-0.415520	79.834637	63.102908	0.000983	1.0
587	-0.425596	79.765762	63.146040	0.000134	1.1
588	-0.413544	79.882299	63.073095	0.000839	1.2
589	-0.411895	79.858858	63.087754	0.001830	1.0
590	-0.424407	79.514105	63.304139	0.002265	0.9
591	-0.426549	78.784323	63.767119	0.002437	0.8
592	-0.406650	79.784318	63.134414	0.001696	0.9
593	-0.435728	79.105335	63.562634	0.001845	0.9
594	-0.422601	78.741501	63.794496	0.002193	0.9
595	-0.416656	79.741054	63.161528	0.001304	0.9
596	-0.437527	79.019618	63.617108	0.001374	0.9
597	-0.411776	78.849917	63.725229	0.002577	1.1
598	-0.431168	79.493639	63.317031	0.000339	1.1
599	-0.408734	80.051435	62.967526	0.001738	0.9
600	-0.410018	80.326478	62.796605	0.001146	0.9
601	-0.431197	80.283901	62.823003	0.003818	0.9
602	-0.434651	80.642756	62.601203	0.001953	0.9
603	-0.415857	81.642756	61.991309	0.001489	0.9
604	-0.393117	80.914872	62.434056	0.001466	0.9
605	-0.400911	80.199241	62.875559	0.001349	1.0
606	-0.434720	81.089200	62.327443	0.002670	1.0
607	-0.429072	80.698605	62.566825	0.001389	1.1
608	-0.428189	80.062496	62.960634	0.001896	1.1
609	-0.392920	79.477569	63.327158	0.000871	0.9
610	-0.423208	80.209941	62.868912	0.001956	0.9
611	-0.427681	80.721175	62.552943	0.000826	0.9
612	-0.454952	81.661889	61.979756	0.001209	1.0
613	-0.413182	82.498505	61.478751	0.001656	1.0
614	-0.443232	81.888537	61.843224	0.001793	1.2
615	-0.431509	82.878852	61.253650	0.002296	1.0
616	-0.424062	82.148159	61.687565	0.001621	0.9
617	-0.398405	81.505027	62.074603	0.001274	1.0
618	-0.403654	80.779596	62.517038	0.001824	1.0
619	-0.417751	81.706194	61.953019	0.002543	0.9
620	-0.439596	80.996409	62.384146	0.001674	1.1
621	-0.452790	80.266086	62.834055	0.002414	1.0
622	-0.403523	79.535706	63.290537	0.000918	1.0
623	-0.438496	78.820506	63.744005	0.002033	1.0
624	-0.428217	78.111450	64.200038	0.001700	1.0
625	-0.439744	79.109718	63.559852	0.002799	1.0
626	-0.421479	79.965519	63.021108	0.002380	1.0
627	-0.425899	79.414488	63.366940	0.001454	1.1
628	-0.410171	80.411464	62.743980	0.001481	0.9
629	-0.440668	81.039027	62.358090	0.001234	0.9
630	-0.423127	80.647067	62.598548	0.001156	1.1
631	-0.415131	81.565391	62.038069	0.001317	1.0
632	-0.399453	82.037816	61.753627	0.001353	1.0
633	-0.414840	82.963481	61.203788	0.001377	1.0
634	-0.453126	82.257222	61.622410	0.002682	1.0
635	-0.398473	83.178064	61.077722	0.002618	1.0
636	-0.411528	84.178064	60.497014	0.001160	1.2
637	-0.413909	84.012049	60.592655	0.000726	0.9
638	-0.423460	83.494503	60.892761	0.001168	0.9
639	-0.413694	84.284183	60.436037	0.003452	0.9
640	-0.431887	83.617229	60.821329	0.001079	0.9
641	-0.408754	84.439153	60.347211	0.003401	0.9
642	-0.398079	85.434601	59.782803	0.002772	0.9
643	-0.399162	86.434601	59.226346	0.002013	0.9
644	-0.437414	87.434188	58.680375	0.000829	1.0
645	-0.430817	87.720754	58.525705	0.000353	1.0
646	-0.417042	87.869831	58.445566	0.002232	1.2
647	-0.412124	88.042111	58.353225	0.000890	1.1
648	-0.403119	88.557002	58.078979	0.001443	0.9
649	-0.434691	89.242797	57.717683	0.001596	0.9
650	-0.457538	90.212550	57.214395	0.001317	0.9
651	-0.414758	91.174146	56.723934	0.000825	0.9
652	-0.427796	90.520395	57.056459	0.002020	0.9
653	-0.415148	91.193420	56.714189	0.000522	0.9
654	-0.402795	91.487367	56.565986	0.000741	0.9
655	-0.416844	91.133566	56.744462	0.001065	1.0
656	-0.441929	90.724947	56.951997	0.001350	1.4
657	-0.452835	91.643945	56.487358	0.000689	1.0
658	-0.441299	92.189880	56.214909	0.001905	0.9
659	-0.431476	92.325615	56.147578	0.001672	0.9
660	-0.402309	91.602657	56.508070	0.000930	0.9
661	-0.433050	92.215408	56.202234	0.000862	1.0
662	-0.405182	91.866021	56.376213	0.001240	0.9
663	-0.448366	92.232190	56.193904	0.001133	1.1
664	-0.420228	92.239687	56.190184	0.001419	0.9
665	-0.419489	92.535259	56.043901	0.002166	0.9
666	-0.408410	93.532381	55.555982	0.003214	1.0
667	-0.421981	92.801655	55.912709	0.001769	1.3
668	-0.399641	92.071399	56.273813	0.002046	0.9
669	-0.431371	91.341259	56.639554	0.001039	0.9
670	-0.462915	92.322652	56.149046	0.002320	0.9
671	-0.443890	91.857221	56.380609	0.002305	0.9
672	-0.436040	92.857217	55.885424	0.002539	0.9
673	-0.431166	93.854891	55.399981	0.002170	0.9
674	-0.431492	93.124166	55.754702	0.002295	1.0
675	-0.424741	92.399333	56.111078	0.002105	1.0
676	-0.402507	93.398049	55.621218	0.000643	1.0
677	-0.432764	94.259266	55.205617	0.002499	1.0
678	-0.425360	93.557612	55.543745	0.001788	0.9
679	-0.443151	94.557553	55.063115	0.001304	1.1
680	-0.422325	94.148744	55.258604	0.001665	1.1
681	-0.403550	93.422215	55.609471	0.001726	1.0
682	-0.409802	93.682771	55.483128	0.000984	1.0
683	-0.448482	94.398463	55.139026	0.000762	0.9
684	-0.430026	93.973277	55.342937	0.000995	0.9
685	-0.402855	94.707353	54.991828	0.001832	0.9
686	-0.426249	94.110305	55.277056	0.001229	1.0
687	-0.434854	93.804796	55.424155	0.001570	1.1
688	-0.409920	94.787222	54.953895	0.002249	1.0
689	-0.430934	94.065290	55.298681	0.002672	1.0
690	-0.436172	95.065268	54.822248	0.001455	1.0
691	-0.423823	95.889632	54.435614	0.001583	1.0
692	-0.428141	96.881014	53.977809	0.001665	1.0
693	-0.412991	97.876968	53.525582	0.002319	1.0
694	-0.436836	98.119731	53.416497	0.001491	1.0
695	-0.399583	99.094740	52.982827	0.001798	1.1
696	-0.402671	99.815411	52.666781	0.001274	1.1
697	-0.458731	100.197617	52.500693	0.002616	1.0
698	-0.429433	99.471834	52.816983	0.000782	0.9
699	-0.450373	98.815219	53.106432	0.002832	0.9
700	-0.425317	98.095746	53.427255	0.001428	0.9
701	-0.392083	99.093602	52.983329	0.001507	0.9
702	-0.410458	98.427628	53.278784	0.001881	0.9
703	-0.426160	99.315947	52.885415	0.002668	0.9
704	-0.411881	100.281785	52.464258	0.002544	1.0
705	-0.429663	99.551784	52.781955	0.002553	1.0
706	-0.443586	98.937595	53.052246	0.000887	1.0
707	-0.425771	99.913926	52.623871	0.003355	0.9
708	-0.389608	99.236511	52.920355	0.001392	0.9
709	-0.429090	99.974776	52.597401	0.001613	1.0
710	-0.411158	100.850154	52.219539	0.001071	1.0
711	-0.431620	101.233931	52.055585	0.000640	1.0
712	-0.365453	101.487958	51.947627	0.001531	1.0
713	-0.411168	101.788649	51.820416	0.001724	1.1
714	-0.444352	101.060642	52.129488	0.001504	1.0
715	-0.404500	100.346952	52.436083	0.001648	0.9
716	-0.404414	101.089812	52.117034	0.000863	0.9
717	-0.446832	101.377177	51.994653	0.001797	1.1
718	-0.430547	100.680013	52.292556	0.002268	0.9
719	-0.401363	101.031264	52.142038	0.001223	0.9
720	-0.433511	100.305880	52.453837	0.001029	1.0
721	-0.441611	101.228539	52.057882	0.001176	1.0
722	-0.426257	101.119665	52.104293	0.001251	1.0
723	-0.431256	101.737022	51.842213	0.000868	1.3
724	-0.389018	102.479314	51.530565	0.001717	1.1
725	-0.446070	101.778914	51.824524	0.000416	1.0
726	-0.419733	102.298662	51.606066	0.002744	1.1
727	-0.403092	101.893293	51.776290	0.001742	1.0
728	-0.422621	102.882890	51.362693	0.002153	1.5
729	-0.400379	102.152239	51.667423	0.000477	1.4
730	-0.423380	102.678698	51.447492	0.002207	1.4
731	-0.419444	102.237272	51.631773	0.001467	1.2
732	-0.417143	101.506777	51.939648	0.000544	1.1
733	-0.445538	101.203827	52.068409	0.001794	1.2
734	-0.412119	101.105853	52.110187	0.001301	1.0
735	-0.422386	100.384783	52.419740	0.001735	0.9
736	-0.416317	101.130647	52.099608	0.000682	1.0
737	-0.398086	101.961874	51.747413	0.001719	1.0
738	-0.425098	102.039918	51.714589	0.002132	1.0
739	-0.418510	101.338985	52.010885	0.002413	1.0
740	-0.450642	100.608285	52.323399	0.002068	1.0
741	-0.386509	101.608281	51.896648	0.000395	1.1
742	-0.420515	101.208999	52.066205	0.001223	1.4
743	-0.425151	101.156294	52.088670	0.002020	1.0
744	-0.434996	102.057015	51.707404	0.002051	0.9
745	-0.438981	101.326351	52.016256	0.001322	0.9
746	-0.443762	100.602070	52.326074	0.002231	0.9
747	-0.443148	99.909352	52.625862	0.002532	0.9
748	-0.391114	99.180183	52.945158	0.001510	0.9
749	-0.402857	99.026750	53.012840	0.002075	0.9
750	-0.411967	100.026112	52.575091	0.001736	1.0
751	-0.424443	99.618013	52.752974	0.000795	1.0
752	-0.430419	100.506319	52.367308	0.001701	1.1
753	-0.409758	100.366366	52.427695	0.002959	1.1
754	-0.431105	101.366360	51.999249	0.001636	1.0
755	-0.459591	100.635819	52.311555	0.002603	0.9
756	-0.429034	100.039833	52.569131	0.001550	0.9
757	-0.450449	101.039764	52.138407	0.001510	1.3
758	-0.406793	100.311846	52.451257	0.001078	1.4
759	-0.397244	101.161731	52.086351	0.001449	1.1
760	-0.424427	102.108426	51.685811	0.001879	1.0
761	-0.415735	103.105157	51.270705	0.001254	1.0
762	-0.427545	104.048523	50.883918	0.001455	1.0
763	-0.411461	104.159758	50.838695	0.001464	1.0
764	-0.422222	105.143348	50.442286	0.001337	1.0
765	-0.386082	106.126174	50.052311	0.001619	1.1
766	-0.451433	106.214290	50.017642	0.002633	1.1
767	-0.443514	107.213896	49.627685	0.000719	1.1
768	-0.420591	107.918552	49.356425	0.000865	1.1
769	-0.433693	107.854611	49.380917	0.001858	1.1
770	-0.437641	108.749636	49.040283	0.003081	1.1
771	-0.421724	109.749634	48.665213	0.000881	1.3
772	-0.422754	110.660582	48.328503	0.001443	1.1
773	-0.452774	111.499210	48.022617	0.000296	1.0
774	-0.389453	111.909753	47.874281	0.002116	0.9
775	-0.407814	111.429960	48.047729	0.001976	0.9
776	-0.437250	110.701629	48.313441	0.001345	0.9
777	-0.458253	109.996353	48.573557	0.001471	0.9
778	-0.401370	109.918232	48.602542	0.002143	0.9
779	-0.424063	109.425780	48.786052	0.001087	0.9
780	-0.444017	110.357117	48.440153	0.002058	1.0
781	-0.408382	109.893585	48.611694	0.001472	0.9
782	-0.435057	110.892552	48.243504	0.000342	1.0
783	-0.414129	110.695768	48.315591	0.001223	1.0
784	-0.400089	110.397406	48.425300	0.001995	1.0
785	-0.412627	111.356417	48.074426	0.002468	1.0
786	-0.397444	110.634827	48.337959	0.000633	1.1
787	-0.426072	111.226739	48.121574	0.001658	1.3
788	-0.453020	110.728431	48.303611	0.000786	1.0
789	-0.455243	110.244296	48.481793	0.000925	1.1
790	-0.435069	110.652835	48.331347	0.003072	0.9
791	-0.426230	109.924065	48.600377	0.001662	0.9
792	-0.424121	110.916977	48.234571	0.001503	0.9
793	-0.434567	111.443975	48.042645	0.001333	0.9
794	-0.449060	110.776287	48.286069	0.001547	0.9
795	-0.444394	111.727556	47.939998	0.002158	0.9
796	-0.437439	112.722825	47.583192	0.002004	1.0
797	-0.431096	113.048693	47.467519	0.001291	1.0
798	-0.399757	112.911702	47.516078	0.001107	1.0
799	-0.433826	113.682590	47.244108	0.002416	1.0
800	-0.402979	114.237240	47.050345	0.002359	1.0
801	-0.406320	115.232894	46.706479	0.001695	1.0
802	-0.434218	116.195120	46.378901	0.002138	1.1
803	-0.416078	115.467063	46.626334	0.002062	1.0
804	-0.449293	116.463099	46.288487	0.001354	0.9
805	-0.435736	117.459650	45.955330	0.000779	1.0
806	-0.438226	116.832260	46.164511	0.000858	1.1
807	-0.456893	116.790232	46.178591	0.002925	0.9
808	-0.422353	116.859356	46.155437	0.000870	1.0
809	-0.413818	117.855222	45.824412	0.002519	1.3
810	-0.421596	117.339250	45.995325	0.002277	1.0
811	-0.428326	117.681830	45.881705	0.002297	0.9
812	-0.455718	116.958756	46.122182	0.000509	0.9
813	-0.433120	116.664771	46.220676	0.002783	0.9
814	-0.422437	117.466619	45.953017	0.001757	1.0
815	-0.404052	118.466609	45.623529	0.002162	1.0
816	-0.425251	118.013974	45.772081	0.001434	1.0
817	-0.430415	119.003239	45.448654	0.001224	1.2
818	-0.437549	118.311308	45.674389	0.000912	0.9
819	-0.448698	119.009574	45.446598	0.001044	0.9
820	-0.398924	119.809665	45.188367	0.001810	1.0
821	-0.452174	119.089076	45.420807	0.000319	1.2
822	-0.415429	118.725466	45.539006	0.002181	1.0
823	-0.430043	118.525595	45.604241	0.001700	0.9
824	-0.410364	117.800563	45.842457	0.002798	0.9
825	-0.428496	117.069954	46.085036	0.001743	0.9
826	-0.409754	118.058283	45.757496	0.001045	0.9
827	-0.463131	118.972860	45.458519	0.000240	1.1
828	-0.436496	118.788527	45.518463	0.000725	1.0
829	-0.444555	118.793681	45.516784	0.001020	1.0
830	-0.451276	118.624052	45.572083	0.002322	0.9
831	-0.464740	119.592118	45.258290	0.001147	0.9
832	-0.426557	120.589243	44.939564	0.000212	1.0
833	-0.424057	120.343917	45.017564	0.000627	1.0
834	-0.415469	120.230195	45.053813	0.001986	1.0
835	-0.437887	119.604449	45.254321	0.001191	1.0
836	-0.389974	119.561088	45.268281	0.001400	1.0
837	-0.407605	120.303635	45.030397	0.002059	1.1
838	-0.412039	120.018206	45.121541	0.003133	1.1
839	-0.421561	121.018206	44.803825	0.001921	1.0
840	-0.403915	120.288255	45.035299	0.001849	0.9
841	-0.429141	121.286162	44.719449	0.002013	1.0
842	-0.420528	121.992053	44.498689	0.001919	1.0
843	-0.413303	121.261365	44.727244	0.001355	0.9
844	-0.432064	122.213462	44.429893	0.001763	0.9
845	-0.420669	121.517322	44.646915	0.001628	0.9
846	-0.435136	122.317240	44.397721	0.001774	0.9
847	-0.430704	121.587955	44.624799	0.001714	1.0
848	-0.436392	120.864903	44.852241	0.000549	1.3
849	-0.436603	121.145952	44.763560	0.001569	1.0
850	-0.454004	121.360760	44.696016	0.001702	0.9
851	-0.419784	120.651336	44.919865	0.003356	0.9
852	-0.408700	120.680176	44.910721	0.001377	1.0
853	-0.429622	120.151021	45.079085	0.003055	1.1
854	-0.449293	119.422839	45.312849	0.002140	1.5
855	-0.419302	120.422838	44.992442	0.001050	0.9
856	-0.427923	121.354795	44.697889	0.000835	1.3
857	-0.444750	121.737541	44.578033	0.002046	1.3
858	-0.450876	121.252384	44.730068	0.000852	1.2
859	-0.411920	122.230012	44.424759	0.000847	1.0
860	-0.440067	122.540739	44.328592	0.001794	1.0
861	-0.438704	123.175712	44.133362	0.001368	1.0
862	-0.437102	122.446984	44.357564	0.001447	1.3
863	-0.410806	121.841216	44.545678	0.000502	1.5
864	-0.432637	121.601047	44.620702	0.001481	1.2
865	-0.410581	121.620070	44.614750	0.001115	1.3
866	-0.432075	121.996016	44.497455	0.002641	1.0
867	-0.422053	122.063989	44.476313	0.002809	1.2
868	-0.421140	123.063988	44.167588	0.002559	1.0
869	-0.468369	124.063950	43.863130	0.001656	0.9
870	-0.412884	125.063174	43.563060	0.001059	1.0
871	-0.369163	124.794574	43.643317	0.001497	1.0
872	-0.435718	125.621208	43.397261	0.000796	0.9
873	-0.409924	126.126213	43.248302	0.001044	0.9
874	-0.434996	126.859114	43.033930	0.001292	1.2
875	-0.403155	126.564389	43.119881	0.000880	1.0
876	-0.445792	126.099376	43.256192	0.001596	0.9
877	-0.427763	125.398304	43.463337	0.001547	1.0
878	-0.463096	125.028672	43.573353	0.000472	1.0
879	-0.423754	125.445980	43.449187	0.000804	1.0
880	-0.397412	125.217715	43.517017	0.001321	1.0
881	-0.428333	124.839994	43.629725	0.001961	1.0
882	-0.436098	125.835462	43.333938	0.000536	1.0
883	-0.440570	126.473247	43.146530	0.000756	1.2
884	-0.464500	126.283981	43.201975	0.001193	1.1
885	-0.415239	125.877796	43.321448	0.000908	0.9
886	-0.397367	126.247856	43.212574	0.001456	0.9
887	-0.421264	126.672499	43.088313	0.002672	0.9
888	-0.439767	127.672319	42.798544	0.001517	0.9
889	-0.414474	128.628412	42.525071	0.001340	1.0
890	-0.404050	129.465958	42.288362	0.001366	1.0
891	-0.425512	128.748669	42.490921	0.000663	1.0
892	-0.444779	129.412530	42.303383	0.001102	1.2
893	-0.434941	129.600910	42.250467	0.001006	0.9
894	-0.414886	130.258942	42.066662	0.001780	1.0
895	-0.419623	129.691312	42.225121	0.002249	0.9
896	-0.451778	130.691196	41.946791	0.002181	0.9
897	-0.394639	131.140980	41.822781	0.001289	1.0
898	-0.450647	132.120666	41.555193	0.001406	1.1
899	-0.416911	133.046993	41.305310	0.002476	1.2
900	-0.408020	132.316448	41.502128	0.002606	1.0
901	-0.420344	131.585722	41.700880	0.002570	0.9
902	-0.413122	130.865883	41.898540	0.001979	0.9
903	-0.444254	130.139545	42.099894	0.000824	1.0
904	-0.422733	129.436762	42.296569	0.001602	1.0
905	-0.427994	130.121707	42.104864	0.002663	0.9
906	-0.415594	131.121681	41.828087	0.001663	0.9
907	-0.421361	130.391231	42.029904	0.000909	0.9
908	-0.419290	129.736078	42.212581	0.002187	0.9
909	-0.410418	129.115579	42.387065	0.000975	0.9
910	-0.420510	129.802975	42.193855	0.001398	0.9
911	-0.420485	129.217215	42.358386	0.001620	1.0
912	-0.442294	130.059646	42.122162	0.001229	1.0
913	-0.441067	131.045674	41.848996	0.002407	1.0
914	-0.432460	132.043425	41.576166	0.002149	0.9
915	-0.446512	131.312700	41.775629	0.000823	1.0
916	-0.406347	132.233549	41.524580	0.000624	1.1
917	-0.399340	132.332325	41.497831	0.002184	1.1
918	-0.433861	133.148343	41.278153	0.000722	0.9
919	-0.441760	134.091048	41.027248	0.002020	0.9
920	-0.421868	134.148895	41.011951	0.000770	1.0
921	-0.462023	133.443669	41.199221	0.002421	1.0
922	-0.444102	133.971841	41.058807	0.001645	1.1
923	-0.418819	133.246757	41.251816	0.001786	1.1
924	-0.428517	134.245171	40.986517	0.001854	0.9
925	-0.438731	135.244302	40.724422	0.001480	0.9
926	-0.409289	136.239897	40.466567	0.001639	0.9
927	-0.427782	137.145494	40.234841	0.002435	1.0
928	-0.428250	136.506682	40.398025	0.002496	1.0
929	-0.409367	135.776108	40.586279	0.001651	0.9
930	-0.448947	135.046630	40.776009	0.001985	0.9
931	-0.433141	134.484116	40.923530	0.002623	1.1
932	-0.443704	133.753677	41.116689	0.001188	1.2
933	-0.410542	134.318222	40.967240	0.001535	1.1
934	-0.423189	134.687712	40.870013	0.001731	0.9
935	-0.433575	135.675365	40.612376	0.002464	0.9
936	-0.416657	134.944682	40.802667	0.000782	0.9
937	-0.394075	134.373669	40.952620	0.002322	0.9
938	-0.437420	133.707343	41.129003	0.001641	1.0
939	-0.425552	134.706326	40.865127	0.000279	1.0
940	-0.423422	135.199636	40.736067	0.001576	1.0
941	-0.396465	134.786520	40.844091	0.001030	1.0
942	-0.402845	134.091432	41.027146	0.001228	0.9
943	-0.395528	133.668455	41.139344	0.002272	1.0
944	-0.403148	132.960145	41.328610	0.001101	0.9
945	-0.432993	133.947088	41.065366	0.001958	0.9
946	-0.416200	133.669350	41.139106	0.001630	1.1
947	-0.432650	134.297647	40.972667	0.002121	1.1
948	-0.382626	133.567044	41.166336	0.000233	1.3
949	-0.454204	133.828695	41.096767	0.001135	1.0
950	-0.403683	133.623808	41.151223	0.002448	0.9
951	-0.419308	132.898733	41.345102	0.001597	0.9
952	-0.428575	132.168645	41.542176	0.001077	1.0
953	-0.398177	132.886233	41.348460	0.002014	1.0
954	-0.429188	132.168923	41.542101	0.002137	0.9
955	-0.446404	133.168295	41.272811	0.001337	0.9
956	-0.378882	132.546004	41.440081	0.000593	0.9
957	-0.428672	132.257409	41.518116	0.001515	1.0
958	-0.395668	131.847384	41.629491	0.002862	1.0
959	-0.442702	131.120346	41.828454	0.002244	1.0
960	-0.415352	130.389620	42.030351	0.001252	1.0
961	-0.403423	131.378983	41.757457	0.001757	1.2
962	-0.435839	132.287443	41.509981	0.001867	1.1
963	-0.430568	131.579833	41.702489	0.002578	1.0
964	-0.444621	130.849112	41.903168	0.001972	1.0
965	-0.442681	131.373057	41.759081	0.002244	1.2
966	-0.440570	130.642347	41.960303	0.002312	1.1
967	-0.427761	129.913535	42.162943	0.000464	1.1
968	-0.434711	130.227787	42.075329	0.002055	1.2
969	-0.398852	130.414423	42.023466	0.001149	1.2
970	-0.410181	130.081568	42.116050	0.000382	1.3
971	-0.421955	129.749528	42.208814	0.000498	1.2
972	-0.372798	129.811884	42.191362	0.001364	1.2
973	-0.434856	129.414520	42.302823	0.001555	1.2
974	-0.429603	128.771991	42.484304	0.001390	1.5
975	-0.422840	128.050797	42.689868	0.001999	1.4
976	-0.420347	127.322418	42.899509	0.001562	1.5
977	-0.427548	127.842366	42.749649	0.002201	1.7
978	-0.453696	128.785916	42.480355	0.002454	1.4
979	-0.463555	129.746993	42.209524	0.002068	1.4
980	-0.408870	129.021672	42.413598	0.001208	1.5
981	-0.400555	128.318755	42.613259	0.001222	1.4
982	-0.400636	128.097475	42.676503	0.001897	1.2
983	-0.428972	127.410893	42.873934	0.002096	1.4
984	-0.409173	128.410571	42.587073	0.001698	1.2
985	-0.414209	128.939285	42.436902	0.001734	1.4
986	-0.412534	129.667861	42.231693	0.001891	1.3
987	-0.440330	130.666820	41.953532	0.000818	1.2
988	-0.436005	129.956286	42.151003	0.002289	1.3
989	-0.413716	130.661635	41.954967	0.001091	1.3
990	-0.402074	129.935603	42.156779	0.000452	1.2
991	-0.417174	129.766459	42.204074	0.002257	1.2
992	-0.382421	129.631747	42.241818	0.000409	1.3
993	-0.430451	129.184785	42.367533	0.000925	1.2
994	-0.440780	128.839793	42.465080	0.001453	1.1
995	-0.393577	129.516957	42.274033	0.002271	1.1
996	-0.401574	128.789770	42.479262	0.002563	1.1
997	-0.408702	128.070716	42.684164	0.001491	1.1
998	-0.414707	127.340121	42.894389	0.000709	1.2
999	-0.428848	126.971334	43.001294	0.000609	1.2
1000	-0.384145	127.332215	42.896675	0.000816	1.3
1001	-0.410542	127.654582	42.803651	0.001250	1.1
1002	-0.403438	128.355330	42.602824	0.000831	1.2
1003	-0.396361	127.702283	42.789920	0.003123	1.1
1004	-0.422310	126.975545	43.000070	0.001678	1.1
1005	-0.416812	126.245519	43.213260	0.001379	1.1
1006	-0.442735	127.233614	42.925209	0.001057	1.2
1007	-0.406657	128.165077	42.657162	0.001256	1.3
1008	-0.383197	128.552813	42.546567	0.000741	1.2
1009	-0.397923	127.978551	42.710570	0.000418	1.2
1010	-0.446878	127.785891	42.765875	0.001908	1.3
1011	-0.423192	127.685750	42.794678	0.001703	1.1
1012	-0.435435	126.956485	43.005610	0.002158	1.1
1013	-0.429850	127.779845	42.767613	0.001813	1.1
1014	-0.417416	128.777373	42.482778	0.001550	1.1
1015	-0.434019	128.142114	42.663730	0.000141	1.1
1016	-0.427464	127.974298	42.711789	0.002724	1.4
1017	-0.434547	127.890918	42.735708	0.000919	1.2
1018	-0.449832	127.906896	42.731123	0.001372	1.1
1019	-0.383799	128.716034	42.500183	0.001859	1.1
1020	-0.455181	127.999741	42.704496	0.001457	1.1
1021	-0.447021	128.996911	42.420599	0.000776	1.1
1022	-0.448949	128.558235	42.545025	0.001657	1.2
1023	-0.396952	128.651324	42.518560	0.001604	1.2
1024	-0.411994	129.533621	42.269353	0.000786	1.2
1025	-0.439003	129.239339	42.352149	0.001857	1.2
1026	-0.424801	130.052348	42.124197	0.002531	1.1
1027	-0.428139	130.931137	41.880545	0.002033	1.1
1028	-0.444736	131.930286	41.606924	0.000539	1.1
1029	-0.423897	131.732588	41.660781	0.001615	1.2
1030	-0.417786	132.251888	41.519611	0.000663	1.3
1031	-0.441218	132.176459	41.540057	0.001638	1.1
1032	-0.409944	131.621971	41.690975	0.000968	1.1
1033	-0.456366	130.943603	41.877109	0.002701	1.3
1034	-0.436802	131.905202	41.613750	0.000674	1.1
1035	-0.425395	131.198453	41.806988	0.000270	1.0
1036	-0.432601	131.271849	41.786836	0.001405	1.2
1037	-0.452544	131.441966	41.740205	0.002449	1.2
1038	-0.427243	131.684992	41.673767	0.001036	1.2
1039	-0.411982	132.681849	41.403450	0.002209	1.3
1040	-0.425963	132.863796	41.354490	0.001501	1.4
1041	-0.451283	133.814707	41.100480	0.001787	1.3
1042	-0.419945	134.798548	40.840938	0.001142	1.2
1043	-0.428989	135.660510	40.616227	0.001638	1.6
1044	-0.434689	136.336104	40.441823	0.001579	1.2
1045	-0.414626	135.636619	40.622422	0.002018	1.1
1046	-0.406453	134.915263	40.810365	0.001380	1.1
1047	-0.407267	135.655274	40.617585	0.002427	1.1
1048	-0.409064	136.654962	40.360029	0.003317	1.3
1049	-0.431032	137.618662	40.114818	0.000513	1.1
1050	-0.417182	137.499934	40.144868	0.001905	1.1
1051	-0.410106	137.414998	40.166392	0.001959	1.1
1052	-0.428319	138.221341	39.962977	0.001859	1.1
1053	-0.444014	139.169674	39.726364	0.002318	1.1
1054	-0.420172	140.169447	39.479932	0.000327	1.2
1055	-0.398960	140.364004	39.432331	0.001710	1.2
1056	-0.427286	140.190083	39.474878	0.001419	1.6
1057	-0.405057	141.163210	39.237993	0.000780	1.3
1058	-0.401983	140.749347	39.338390	0.000779	1.1
1059	-0.434272	140.343066	39.437448	0.002872	1.1
1060	-0.422433	141.336471	39.196114	0.001647	1.1
1061	-0.427958	140.605757	39.373343	0.002750	1.2
1062	-0.423120	141.605703	39.131216	0.001382	1.3
1063	-0.425471	140.899690	39.301859	0.001279	1.2
1064	-0.389328	141.874876	39.066546	0.001226	1.5
1065	-0.435739	141.176902	39.234680	0.002219	1.1
1066	-0.420085	141.999538	39.036668	0.000807	1.1
1067	-0.404427	141.448534	39.169075	0.001616	1.0
1068	-0.438093	140.777708	39.331493	0.000824	1.1
1069	-0.396625	140.122273	39.491491	0.001440	1.1
1070	-0.431003	140.748183	39.338673	0.001303	1.3
1071	-0.459492	141.081575	39.257755	0.002135	1.2
1072	-0.455637	141.718773	39.104024	0.001759	1.1
1073	-0.382681	142.668332	38.877153	0.000627	1.3
1074	-0.424187	143.475421	38.686381	0.002466	1.3
1075	-0.441382	143.426404	38.697914	0.002237	1.1
1076	-0.416293	144.426348	38.463999	0.001136	1.1
1077	-0.420945	143.697118	38.634306	0.001459	1.1
1078	-0.384515	143.602433	38.656530	0.001178	1.2
1079	-0.434680	143.000306	38.798457	0.001552	1.1
1080	-0.413550	143.753458	38.621094	0.000838	1.1
1081	-0.427963	144.320242	38.488686	0.001065	1.5
1082	-0.395648	144.351479	38.481415	0.002293	1.1
1083	-0.402663	145.164333	38.293169	0.001061	1.3
1084	-0.408987	145.846529	38.136597	0.001683	1.2
1085	-0.436039	145.781077	38.151563	0.002361	1.1
1086	-0.405551	146.763268	37.928200	0.003134	1.1
1087	-0.395042	147.763246	37.703463	0.001191	1.2
1088	-0.440781	147.034836	37.866903	0.001098	1.4
1089	-0.405609	146.483463	37.991565	0.001536	1.3
1090	-0.418558	147.344916	37.797155	0.001761	1.3
1091	-0.426716	146.628664	37.958656	0.002081	1.2
1092	-0.409511	147.627954	37.733713	0.001847	1.1
1093	-0.419745	148.397053	37.562394	0.001733	1.1
1094	-0.429139	149.385010	37.344593	0.001555	1.1
1095	-0.382365	150.080739	37.192725	0.000969	1.2
1096	-0.419626	150.816651	37.033424	0.002141	1.2
1097	-0.431120	151.767794	36.829543	0.001489	1.4
1098	-0.434651	152.761792	36.618861	0.001438	1.1
1099	-0.399869	152.057394	36.767911	0.001338	1.1
1100	-0.427100	153.011461	36.566320	0.002319	1.1
1101	-0.422185	154.009482	36.357795	0.002253	1.1
1102	-0.448431	153.278838	36.510221	0.001636	1.1
1103	-0.453431	152.619320	36.648910	0.001938	1.2
1104	-0.424830	153.453202	36.473729	0.000584	1.1
1105	-0.412593	152.955521	36.578079	0.000341	1.3
1106	-0.432954	152.777991	36.615447	0.001711	1.1
1107	-0.427873	152.990180	36.570793	0.001804	1.1
1108	-0.417302	153.939915	36.372253	0.000625	1.1
1109	-0.421965	153.584659	36.446265	0.001618	1.1
1110	-0.438879	153.370694	36.490988	0.001938	1.2
1111	-0.450947	152.702018	36.631462	0.001849	1.4
1112	-0.431709	151.988740	36.782503	0.002638	1.3
1113	-0.449742	152.988364	36.571175	0.001755	1.2
1114	-0.386152	153.988293	36.362197	0.000968	1.3
1115	-0.449495	153.415318	36.481651	0.002506	1.1
1116	-0.430400	152.942423	36.580834	0.001589	1.1
1117	-0.436352	153.720537	36.417922	0.001320	1.1
1118	-0.422032	153.052375	36.557725	0.002702	1.1
1119	-0.406114	152.480569	36.678222	0.000271	1.1
1120	-0.449002	153.031168	36.562180	0.001147	1.1
1121	-0.407757	152.882079	36.593529	0.002088	1.2
1122	-0.425286	153.543968	36.454762	0.001639	1.2
1123	-0.424412	154.535214	36.248902	0.001545	1.1
1124	-0.420122	155.463310	36.058254	0.001163	1.3
1125	-0.411190	156.274127	35.893330	0.000763	1.4
1126	-0.454456	155.672612	36.015536	0.001521	1.1
1127	-0.415728	155.428851	36.065297	0.001065	1.1
1128	-0.408680	154.758333	36.202886	0.001349	1.1
1129	-0.383552	154.119800	36.334891	0.000869	1.2
1130	-0.413752	153.443835	36.475688	0.001279	1.3
1131	-0.417756	153.923945	36.375574	0.001641	1.1
1132	-0.384441	154.638011	36.227687	0.002275	1.2
1133	-0.438065	153.907802	36.378931	0.001130	1.1
1134	-0.447762	153.318933	36.501823	0.001012	1.1
1135	-0.416579	152.743506	36.622715	0.002342	1.1
1136	-0.401098	152.045727	36.770390	0.000544	1.2
1137	-0.426582	152.862477	36.597654	0.001060	1.3
1138	-0.450536	153.235530	36.519296	0.000497	1.5
1139	-0.420564	153.780944	36.405335	0.002139	1.2
1140	-0.446320	153.401460	36.484550	0.001207	2.0
1141	-0.420296	154.390196	36.278874	0.001930	1.8
1142	-0.414468	154.193585	36.319588	0.001633	1.3
1143	-0.446659	155.167382	36.118825	0.001721	1.3
1144	-0.432850	155.859176	35.977544	0.002127	1.5
1145	-0.435198	155.128947	36.126707	0.001236	1.7
1146	-0.431221	154.399532	36.276943	0.001394	1.2
1147	-0.405443	155.052795	36.142334	0.001644	2.0
1148	-0.426941	154.461463	36.264139	0.001625	1.4
1149	-0.423003	153.743756	36.413083	0.001170	1.1
1150	-0.429015	153.294137	36.507016	0.001352	1.1
1151	-0.413459	154.128543	36.333077	0.001076	1.4
1152	-0.452410	154.332275	36.290859	0.001777	1.1
1153	-0.419936	153.617241	36.439465	0.000603	1.1
1154	-0.455672	152.986459	36.571575	0.002012	1.1
1155	-0.425390	153.664087	36.429692	0.001688	1.1
1156	-0.410218	153.594496	36.444212	0.002894	1.2
1157	-0.402753	152.863825	36.597371	0.001306	1.2
1158	-0.435390	153.853515	36.390225	0.000631	1.3
1159	-0.430595	154.134155	36.331913	0.001548	1.3
1160	-0.409007	153.697298	36.422766	0.003047	1.1
1161	-0.414046	152.967704	36.575518	0.000716	1.4
1162	-0.419649	153.275263	36.510970	0.000535	1.3
1163	-0.452186	153.087193	36.550413	0.001392	1.1
1164	-0.407754	152.719046	36.627871	0.002552	1.1
1165	-0.437795	153.704445	36.421276	0.001766	1.1
1166	-0.423922	152.973904	36.574214	0.001495	1.3
1167	-0.393282	153.930690	36.374171	0.002746	1.3
1168	-0.382689	153.340555	36.497296	0.001352	1.2
1169	-0.413073	154.339252	36.289415	0.001049	1.2
1170	-0.415173	153.706429	36.420863	0.002149	1.3
1171	-0.441709	154.691398	36.216678	0.002109	1.5
1172	-0.427266	155.658710	36.018370	0.000552	1.4
1173	-0.416085	156.257472	35.896703	0.000703	1.8
1174	-0.461833	156.296015	35.888899	0.000507	1.4
1175	-0.431075	156.447104	35.858341	0.001556	1.2
1176	-0.442989	156.354917	35.876980	0.001812	1.1
1177	-0.438018	157.353268	35.676155	0.001306	1.1
1178	-0.416876	156.683741	35.810586	0.001044	1.1
1179	-0.419450	157.355001	35.675808	0.001725	1.1
1180	-0.382949	158.333822	35.481086	0.000383	1.2
1181	-0.450430	157.979046	35.551418	0.001999	1.2
1182	-0.445375	157.469525	35.652915	0.000804	1.3
1183	-0.425979	158.306343	35.486524	0.002156	1.1
1184	-0.423253	159.240554	35.302593	0.002219	1.2
1185	-0.442557	158.559807	35.436432	0.002628	1.3
1186	-0.435416	159.559781	35.240178	0.001249	1.3
1187	-0.426702	158.829395	35.383308	0.001315	1.2
1188	-0.445631	158.999761	35.349818	0.001730	1.1
1189	-0.432268	158.273859	35.492954	0.001498	1.1
1190	-0.437994	159.263825	35.298035	0.001070	1.2
1191	-0.413787	159.514948	35.248930	0.001508	1.1
1192	-0.465249	160.453540	35.066601	0.002205	1.2
1193	-0.435689	160.458142	35.065711	0.000854	1.1
1194	-0.390810	160.841866	34.991715	0.001408	1.1
1195	-0.415894	160.815931	34.996707	0.001465	1.1
1196	-0.420872	161.630483	34.840618	0.001781	1.2
1197	-0.419273	161.826408	34.803281	0.000735	1.3
1198	-0.408436	161.177986	34.927156	0.001192	1.7
1199	-0.441317	161.019696	34.957529	0.001854	1.6
1200	-0.423765	160.293332	35.097589	0.002342	1.4
1201	-0.434095	159.562647	35.239619	0.001960	1.2
1202	-0.436228	159.596241	35.233064	0.001658	1.3
1203	-0.418496	158.953251	35.358955	0.001186	1.2
1204	-0.447858	158.856220	35.378030	0.002536	1.3
1205	-0.441879	158.136663	35.520137	0.002071	1.3
1206	-0.435417	157.410975	35.664616	0.001968	1.1
1207	-0.456251	157.095382	35.727815	0.002972	1.2
1208	-0.419367	158.095286	35.528343	0.001335	1.2
1209	-0.425423	157.368193	35.673170	0.001761	1.2
1210	-0.387883	156.942160	35.758579	0.001237	1.2
1211	-0.404739	156.214918	35.905323	0.000736	1.2
1212	-0.418622	156.576224	35.832268	0.001175	1.4
1213	-0.430336	156.550799	35.837399	0.001234	1.3
1214	-0.418161	157.330304	35.680749	0.001415	1.1
1215	-0.433029	157.457607	35.655296	0.003153	1.1
1216	-0.401033	156.763917	35.794434	0.001534	1.1
1217	-0.430534	157.463259	35.654167	0.001188	1.1
1218	-0.432547	156.841765	35.778766	0.002663	1.2
1219	-0.417151	156.119184	35.924730	0.001639	1.1
1220	-0.434072	155.388482	36.073551	0.001053	1.2
1221	-0.452252	156.249022	35.898414	0.000792	1.1
1222	-0.409741	155.647085	36.020741	0.001798	1.1
1223	-0.437710	156.448407	35.858078	0.002439	1.2
1224	-0.440310	157.443308	35.658153	0.000857	1.0
1225	-0.456801	157.528047	35.641228	0.001473	1.0
1226	-0.437369	158.311653	35.485473	0.000853	1.4
1227	-0.408375	158.255126	35.496663	0.001412	1.1
1228	-0.414464	157.754593	35.596058	0.000779	1.0
1229	-0.435949	157.097804	35.727329	0.001318	1.1
1230	-0.445897	157.894894	35.568141	0.002543	1.1
1231	-0.411796	157.170267	35.712798	0.000149	1.1
1232	-0.433321	157.557179	35.635413	0.003093	1.1
1233	-0.395339	157.594688	35.627929	0.000987	1.0
1234	-0.436760	157.573901	35.632076	0.001175	1.0
1235	-0.430617	156.908301	35.765385	0.000980	1.0
1236	-0.447023	157.675898	35.611736	0.001604	1.3
1237	-0.442771	157.494170	35.647992	0.000761	1.2
1238	-0.446068	158.211920	35.505221	0.002516	1.1
1239	-0.409077	157.502405	35.646348	0.002599	1.1
1240	-0.414561	158.501845	35.447874	0.002221	1.2
1241	-0.414197	158.809657	35.387192	0.001970	1.2
1242	-0.436750	158.079178	35.531539	0.002514	1.1
1243	-0.427422	157.350365	35.676736	0.001945	1.1
1244	-0.409658	156.619642	35.823509	0.000945	1.1
1245	-0.402644	157.553926	35.636062	0.002392	1.2
1246	-0.425413	156.972686	35.752446	0.001064	1.1
1247	-0.425263	157.965947	35.554020	0.003798	1.1
1248	-0.448287	158.267951	35.494124	0.001348	1.1
1249	-0.439782	159.267907	35.297236	0.002804	1.2
1250	-0.436384	158.996225	35.350513	0.000205	1.2
1251	-0.458291	158.643233	35.419975	0.002682	1.1
1252	-0.400790	158.641979	35.420222	0.002468	1.0
1253	-0.407782	159.641979	35.224143	0.000770	1.1
1254	-0.419576	158.999903	35.349790	0.001893	1.3
1255	-0.419856	158.353686	35.477157	0.001153	1.4
1256	-0.417249	159.326632	35.285741	0.001331	1.0
1257	-0.423395	158.746488	35.399628	0.002087	1.0
1258	-0.434357	159.714843	35.209940	0.002374	1.0
1259	-0.454865	160.694700	35.020057	0.001196	1.0
1260	-0.405424	160.317056	35.092997	0.001023	1.0
1261	-0.417877	160.562744	35.045509	0.000878	1.1
1262	-0.437466	161.121259	34.938034	0.000246	1.1
1263	-0.398489	161.029334	34.955678	0.002103	1.5
1264	-0.438555	161.419626	34.880890	0.001431	1.4
1265	-0.446532	160.697278	35.019561	0.001218	1.1
1266	-0.444502	161.431695	34.878582	0.000865	1.1
1267	-0.440495	160.948627	34.971184	0.001489	1.1
1268	-0.382732	160.753338	35.008759	0.001736	1.4
1269	-0.446001	160.172656	35.120967	0.001347	1.5
1270	-0.436779	161.145218	34.933439	0.002091	1.1
1271	-0.423357	160.525993	35.052604	0.002935	1.4
1272	-0.440437	161.524974	34.860757	0.002292	1.2
1273	-0.416928	160.794949	35.000746	0.002393	1.0
1274	-0.432010	160.065744	35.141704	0.001473	1.0
1275	-0.402762	159.336359	35.283838	0.000553	1.0
1276	-0.424389	160.044696	35.145790	0.002387	1.0
1277	-0.445339	159.348907	35.281383	0.002123	1.0
1278	-0.424456	160.348884	35.086838	0.001700	1.1
1279	-0.423106	161.346471	34.894883	0.002243	1.2
1280	-0.456246	160.621784	35.034117	0.000698	1.1
1281	-0.431218	159.955337	35.163145	0.002181	1.0
1282	-0.450940	159.911216	35.171721	0.003420	1.3
1283	-0.442597	159.369009	35.277451	0.001792	1.2
1284	-0.449087	160.366195	35.083489	0.003021	1.0
1285	-0.409760	160.520456	35.053674	0.001245	1.0
1286	-0.411516	161.520192	34.861671	0.002564	1.0
1287	-0.435701	160.789794	35.001739	0.001877	1.1
1288	-0.407897	161.753202	34.817222	0.001653	1.2
1289	-0.431108	162.736165	34.630955	0.002082	1.3
1290	-0.409587	162.282210	34.716729	0.002505	1.0
1291	-0.430427	163.282137	34.528354	0.002721	1.0
1292	-0.434941	162.665885	34.644206	0.000768	1.0
1293	-0.418688	162.854992	34.608573	0.001902	1.0
1294	-0.411480	162.845694	34.610323	0.001621	1.0
1295	-0.413162	162.260085	34.720921	0.001405	1.1
1296	-0.405947	163.224171	34.539218	0.002630	1.2
1297	-0.428873	163.654603	34.458707	0.001671	1.5
1298	-0.395684	162.975838	34.585840	0.002207	1.2
1299	-0.417806	162.262894	34.720388	0.001457	1.2
1300	-0.419392	161.532758	34.859271	0.001873	1.0
1301	-0.414728	160.861509	34.987936	0.002053	1.0
1302	-0.424607	161.848642	34.799049	0.002869	1.1
1303	-0.384104	161.117975	34.938665	0.000928	1.1
1304	-0.394038	160.389005	35.079077	0.001468	1.1
1305	-0.383317	160.018884	35.150801	0.000799	1.3
1306	-0.412238	160.847991	34.990537	0.002401	1.1
1307	-0.411931	161.521233	34.861472	0.002202	1.0
1308	-0.443620	162.504274	34.674717	0.001731	1.0
1309	-0.415993	162.092112	34.752774	0.000683	1.0
1310	-0.417157	161.465928	34.872038	0.000968	1.0
1311	-0.416841	161.449586	34.875162	0.001249	1.5
1312	-0.414511	160.916980	34.977267	0.002015	1.2
1313	-0.430421	160.448615	35.067553	0.000458	1.2
1314	-0.421133	159.838497	35.185864	0.002789	1.3
1315	-0.448317	159.210992	35.308384	0.000884	1.3
1316	-0.416755	158.483131	35.451570	0.000879	1.5
1317	-0.422704	158.738534	35.401195	0.001286	1.4
1318	-0.442564	159.603511	35.231645	0.001232	1.6
1319	-0.450669	158.922013	35.365094	0.001393	1.5
1320	-0.421076	158.580596	35.432329	0.001947	1.2
1321	-0.409798	158.825532	35.384068	0.002051	1.3
1322	-0.462881	158.252221	35.497239	0.002891	1.2
1323	-0.436153	159.241340	35.302439	0.001243	1.5
1324	-0.418372	160.223962	35.111024	0.000690	1.2
1325	-0.425800	159.877427	35.178291	0.001676	1.1
1326	-0.413126	160.717828	35.015600	0.000429	1.1
1327	-0.442137	160.502320	35.057176	0.001287	1.1
1328	-0.429289	160.572070	35.043709	0.001403	1.2
1329	-0.427130	160.472885	35.062863	0.000749	1.1
1330	-0.410365	160.989323	34.963363	0.000937	1.1
1331	-0.400191	160.482794	35.060948	0.002053	1.1
1332	-0.422542	160.013835	35.151782	0.002112	1.1
1333	-0.418754	159.599425	35.232442	0.000816	1.1
1334	-0.421244	159.073284	35.335385	0.001030	1.1
1335	-0.409112	159.700339	35.212766	0.000951	1.3
1336	-0.447921	160.002619	35.153960	0.001394	1.4
1337	-0.381955	160.033270	35.148008	0.001920	1.5
1338	-0.448309	160.294159	35.097429	0.001187	1.1
1339	-0.390717	159.575557	35.237099	0.000792	1.2
1340	-0.428460	160.006629	35.153181	0.003293	1.2
1341	-0.447540	160.563158	35.045429	0.001630	1.4
1342	-0.430598	160.360987	35.084496	0.000744	1.4
1343	-0.437345	159.715140	35.209882	0.002973	1.4
1344	-0.452055	159.601281	35.232080	0.001445	1.4
1345	-0.421396	160.601203	35.038088	0.001344	1.3
1346	-0.425043	160.158370	35.123736	0.000496	1.2
1347	-0.412798	160.237681	35.108366	0.001596	1.4
1348	-0.417599	160.534669	35.050929	0.001382	1.4
1349	-0.440907	161.416027	34.881578	0.001927	1.5
1350	-0.426051	162.407380	34.693036	0.001280	1.2
1351	-0.462547	161.835077	34.801631	0.001034	1.3
1352	-0.435703	162.736193	34.630949	0.001119	1.4
1353	-0.432605	163.261790	34.532167	0.001030	1.5
1354	-0.426299	163.396675	34.506907	0.001136	1.5
1355	-0.424938	163.614946	34.466109	0.002072	1.4
1356	-0.411566	163.703173	34.449645	0.002234	1.3
1357	-0.418610	164.670352	34.270193	0.003021	1.4
1358	-0.437917	165.670049	34.086662	0.000716	1.5
1359	-0.437084	164.945889	34.219411	0.001738	1.7
1360	-0.413080	165.468771	34.123456	0.002152	1.5
1361	-0.430109	166.468572	33.941470	0.000806	1.6
1362	-0.451464	165.872684	34.049700	0.000800	1.4
1363	-0.452960	166.077061	34.012502	0.001483	1.4
1364	-0.409163	165.534758	34.111384	0.001640	1.2
1365	-0.391229	165.061699	34.198112	0.001636	1.4
1366	-0.402218	166.049091	34.017588	0.001274	1.3
1367	-0.436960	166.982065	33.848755	0.000193	1.4
1368	-0.413063	166.749587	33.890668	0.001195	1.4
1369	-0.424064	166.909933	33.861748	0.002517	1.4
1370	-0.439394	166.181604	33.993505	0.001612	1.3
1371	-0.422202	167.145428	33.819365	0.002502	1.2
1372	-0.442852	168.141355	33.641288	0.002731	1.7
1373	-0.403474	169.141354	33.464361	0.001398	1.3
1374	-0.446490	168.476928	33.581708	0.002934	1.4
1375	-0.428481	169.149399	33.462945	0.000244	1.3
1376	-0.411377	169.161577	33.460802	0.002244	1.4
1377	-0.425479	169.077275	33.475642	0.001281	1.4
1378	-0.425329	170.074404	33.300948	0.001540	1.4
1379	-0.433608	169.419435	33.415491	0.002782	1.3
1380	-0.393005	169.287014	33.438744	0.001577	1.2
1381	-0.424703	170.266402	33.267520	0.003126	1.3
1382	-0.427664	171.163010	33.112298	0.001370	1.3
1383	-0.384955	172.038728	32.962084	0.001678	1.2
1384	-0.398307	172.888650	32.817593	0.000522	1.4
1385	-0.448605	172.278533	32.921187	0.002049	1.3
1386	-0.422783	172.065280	32.957551	0.001736	1.4
1387	-0.414986	173.064558	32.787846	0.001224	1.4
1388	-0.399640	174.053149	32.621667	0.001385	1.3
1389	-0.426709	175.017891	32.461113	0.002110	1.3
1390	-0.416460	174.287944	32.582446	0.000810	1.4
1391	-0.419031	174.888729	32.482516	0.002190	1.3
1392	-0.383761	174.258977	32.587279	0.001381	1.3
1393	-0.422665	175.015532	32.461503	0.002929	1.4
1394	-0.461242	174.289017	32.582267	0.002764	1.4
1395	-0.419341	175.289015	32.416276	0.001109	1.5
1396	-0.424359	175.080022	32.450827	0.001548	1.4
1397	-0.426122	175.981097	32.302383	0.002047	1.4
1398	-0.437885	175.250829	32.422583	0.001730	1.2
1399	-0.456794	174.534285	32.541397	0.001663	1.2
1400	-0.416310	175.533279	32.375987	0.002094	1.2
1401	-0.431068	176.532626	32.212192	0.002401	1.4
1402	-0.420973	177.532605	32.049944	0.002011	1.3
1403	-0.425783	178.531258	31.889534	0.001787	1.5
1404	-0.425135	177.800820	32.006703	0.000830	1.3
1405	-0.406189	178.580519	31.881663	0.003291	1.4
1406	-0.456905	178.035457	31.968971	0.000896	1.5
1407	-0.404040	179.034542	31.809300	0.001238	1.6
1408	-0.432595	178.514732	31.892175	0.001111	1.4
1409	-0.427584	179.443962	31.744328	0.001694	1.2
1410	-0.402461	180.403935	31.593021	0.002319	1.3
1411	-0.412355	179.673305	31.708048	0.001696	1.5
1412	-0.440511	180.541388	31.571475	0.002297	1.4
1413	-0.421279	180.400325	31.593588	0.001628	1.3
1414	-0.419460	181.399008	31.437698	0.000666	1.3
1415	-0.454007	181.599291	31.406619	0.001917	1.3
1416	-0.412337	181.144682	31.477251	0.002109	1.3
1417	-0.445334	182.138472	31.323258	0.001192	1.5
1418	-0.435316	181.484982	31.424349	0.001709	1.3
1419	-0.396890	181.522798	31.418482	0.001760	1.5
1420	-0.434127	180.940451	31.509085	0.000612	1.3
1421	-0.427643	180.298907	31.609505	0.000565	1.4
1422	-0.411907	180.298715	31.609535	0.001188	1.3
1423	-0.437730	179.913895	31.670078	0.001941	1.4
1424	-0.436324	180.897365	31.515809	0.002016	1.4
1425	-0.431814	181.722464	31.387537	0.001593	1.4
1426	-0.433481	180.992045	31.501037	0.001334	1.4
1427	-0.424238	180.838959	31.524929	0.001122	1.4
1428	-0.450045	180.272718	31.613618	0.000539	1.8
1429	-0.444036	180.163795	31.630736	0.001977	1.3
1430	-0.414813	180.525258	31.574002	0.001681	1.4
1431	-0.396046	179.794913	31.688845	0.002226	1.4
1432	-0.428913	179.064257	31.804576	0.002400	1.4
1433	-0.413845	180.062906	31.646607	0.000657	1.4
1434	-0.402575	179.401131	31.751112	0.002703	1.5
1435	-0.428374	179.175313	31.786931	0.003783	1.5
1436	-0.443449	178.444594	31.903391	0.001896	1.4
1437	-0.433881	177.713871	32.020708	0.001099	1.3
1438	-0.388814	177.272975	32.091912	0.000447	1.3
1439	-0.431698	177.584845	32.041513	0.001627	1.5
1440	-0.454519	178.053300	31.966106	0.002950	1.4
1441	-0.429030	179.053256	31.806325	0.000878	1.3
1442	-0.430578	179.962821	31.662368	0.000687	1.6
1443	-0.419022	179.786034	31.690246	0.002647	1.2
1444	-0.416661	180.439170	31.587495	0.002109	1.3
1445	-0.420812	179.708454	31.702495	0.002555	1.4
1446	-0.431953	180.708452	31.545326	0.000620	1.5
1447	-0.441019	181.232135	31.463639	0.000901	1.4
1448	-0.439116	180.748617	31.539046	0.003509	1.5
1449	-0.432981	180.220617	31.621804	0.001534	1.7
1450	-0.403100	181.220451	31.465457	0.002488	1.3
1451	-0.404286	180.507935	31.576716	0.001421	1.3
1452	-0.418770	181.498880	31.422193	0.001421	1.4
1453	-0.407852	180.786008	31.533201	0.001742	1.4
1454	-0.439504	181.772387	31.379809	0.001870	1.3
1455	-0.389808	182.680214	31.239946	0.001963	1.4
1456	-0.414293	183.673216	31.088381	0.000628	1.6
1457	-0.422865	184.253568	31.000479	0.002130	1.4
1458	-0.420946	185.072973	30.877212	0.000698	1.2
1459	-0.416277	185.881852	30.756486	0.001972	1.4
1460	-0.442092	185.399515	30.828361	0.000840	1.3
1461	-0.416003	185.242695	30.851802	0.000720	1.3
1462	-0.429445	184.873981	30.907057	0.001214	1.4
1463	-0.401885	185.398068	30.828577	0.003380	1.4
1464	-0.450792	186.313504	30.692447	0.002920	1.3
1465	-0.443462	185.582778	30.801013	0.002558	1.4
1466	-0.416360	186.446246	30.672808	0.001442	1.4
1467	-0.421954	187.422960	30.529069	0.000240	1.4
1468	-0.425037	187.722300	30.485285	0.001770	1.6
1469	-0.443476	188.002510	30.444413	0.001281	1.6
1470	-0.415466	188.846123	30.322022	0.002201	1.4
1471	-0.420248	189.844719	30.178412	0.001713	1.3
1472	-0.422143	189.116759	30.282967	0.001613	1.4
1473	-0.436620	190.109640	30.140541	0.002290	1.4
1474	-0.430020	189.394604	30.242975	0.002118	1.4
1475	-0.417656	188.663884	30.348378	0.002187	1.7
1476	-0.409831	187.933182	30.454516	0.002991	1.9
1477	-0.419356	187.202699	30.561366	0.000475	1.6
1478	-0.442503	186.654057	30.642112	0.000551	1.9
1479	-0.415372	186.899659	30.605913	0.001235	1.5
1480	-0.439459	186.883329	30.608317	0.002062	1.6
1481	-0.451636	186.187411	30.711127	0.002942	1.5
1482	-0.413180	185.456825	30.819804	0.001816	1.6
1483	-0.433352	184.729592	30.928749	0.000980	1.3
1484	-0.414332	184.444463	30.971674	0.002522	1.3
1485	-0.439976	183.719514	31.081350	0.000872	1.4
1486	-0.425608	184.271737	30.997735	0.002172	1.4
1487	-0.388570	184.094656	31.024498	0.001203	1.4
1488	-0.435153	183.365553	31.135183	0.001262	1.6
1489	-0.421106	182.757552	31.228088	0.002409	1.5
1490	-0.404072	183.756273	31.075770	0.001583	1.5
1491	-0.417568	184.756124	30.924760	0.001718	1.4
1492	-0.408074	184.805883	30.917284	0.001323	1.7
1493	-0.428777	185.791453	30.769931	0.002539	1.7
1494	-0.468282	185.061047	30.878999	0.000611	1.5
1495	-0.402928	184.558384	30.954509	0.002149	2.1
1496	-0.412519	183.896878	31.054445	0.001747	1.6
1497	-0.436275	183.170864	31.164872	0.000551	1.6
1498	-0.441547	183.947261	31.046811	0.000963	1.9
1499	-0.427349	183.491436	31.116016	0.001074	1.3
1500	-0.386002	183.185249	31.162676	0.000917	1.6
1501	-0.404205	182.904007	31.205659	0.001438	1.5
1502	-0.414677	182.624384	31.248511	0.003578	1.6
1503	-0.419757	181.894145	31.360978	0.000901	1.4
1504	-0.409129	182.888550	31.208024	0.001740	1.3
1505	-0.412792	183.764832	31.074471	0.000911	1.6
1506	-0.432080	184.503614	30.962759	0.002202	1.9
1507	-0.427262	184.416805	30.975844	0.002467	1.6
1508	-0.396936	185.281321	30.846025	0.000939	1.6
1509	-0.445498	184.652390	30.940359	0.002114	1.6
1510	-0.409261	184.810959	30.916521	0.002201	1.5
1511	-0.410476	185.810751	30.767060	0.001137	1.4
1512	-0.410313	185.091223	30.874478	0.000861	1.5
1513	-0.460994	184.539124	30.957409	0.001285	1.4
1514	-0.422292	185.261578	30.848978	0.002688	1.4
1515	-0.423800	184.610974	30.946592	0.001470	1.3
1516	-0.457319	185.609566	30.797020	0.001342	1.2
1517	-0.418078	184.957531	30.894519	0.000474	1.4
1518	-0.413977	184.732962	30.928242	0.001527	1.4
1519	-0.388181	185.145882	30.866291	0.000785	1.2
1520	-0.402072	186.009411	30.737534	0.001602	1.4
1521	-0.429801	185.400771	30.828174	0.000949	1.3
1522	-0.414712	184.775243	30.921887	0.001751	1.2
1523	-0.442019	184.627836	30.944054	0.003532	1.3
1524	-0.395297	185.627835	30.794297	0.001309	1.4
1525	-0.409457	185.810006	30.767171	0.000687	1.3
1526	-0.455835	185.618746	30.795651	0.001605	1.3
1527	-0.437626	185.869424	30.758334	0.001173	1.4
1528	-0.401007	186.846279	30.613773	0.000874	1.4
1529	-0.436920	186.349527	30.687115	0.000860	1.2
1530	-0.431811	185.918798	30.750995	0.001211	1.3
1531	-0.391368	186.270018	30.698887	0.001607	1.2
1532	-0.435923	185.595037	30.799185	0.001947	1.3
1533	-0.437497	185.053303	30.880159	0.001572	1.1
1534	-0.421774	184.674029	30.937104	0.001141	1.3
1535	-0.379526	184.887210	30.905071	0.002515	1.3
1536	-0.451332	185.882077	30.756453	0.001470	1.3
1537	-0.403337	186.748927	30.628119	0.002998	1.2
1538	-0.399496	187.739155	30.482824	0.000664	1.0
1539	-0.429345	187.530537	30.513319	0.001121	1.3
1540	-0.448241	187.034640	30.586055	0.002479	1.3
1541	-0.409178	186.405900	30.678774	0.001482	1.2
1542	-0.415335	187.405536	30.531621	0.001984	1.3
1543	-0.407110	187.765616	30.478960	0.001806	1.5
1544	-0.433293	187.038660	30.585463	0.001815	1.1
1545	-0.441832	186.308549	30.693181	0.002098	1.1
1546	-0.424766	187.261800	30.552693	0.002528	1.3
1547	-0.433416	186.531182	30.660254	0.000996	1.6
1548	-0.458644	185.832635	30.763805	0.001486	1.4
1549	-0.413823	186.609124	30.648744	0.001835	1.4
1550	-0.447991	185.888651	30.755475	0.001561	1.4
1551	-0.424029	186.076461	30.727581	0.001286	1.4
1552	-0.454265	185.592874	30.799508	0.000972	1.3
1553	-0.421474	185.481770	30.816080	0.001584	1.3
1554	-0.436275	184.787784	30.920003	0.000873	1.5
1555	-0.430668	184.272579	30.997607	0.001974	1.3
1556	-0.386338	184.361083	30.984249	0.001211	1.3
1557	-0.430246	184.267698	30.998345	0.001363	1.5
1558	-0.432332	185.207360	30.857089	0.000770	1.4
1559	-0.434430	185.658556	30.789719	0.001830	1.4
1560	-0.438373	186.606100	30.649190	0.002167	1.2
1561	-0.421972	187.564561	30.508341	0.002716	1.2
1562	-0.385860	186.833840	30.615605	0.001703	1.6
1563	-0.441071	186.916582	30.603422	0.000919	1.5
1564	-0.431755	186.758529	30.626703	0.002170	1.8
1565	-0.406506	186.364854	30.684847	0.001640	1.4
1566	-0.421824	185.637509	30.792855	0.002440	1.9
1567	-0.433286	185.323711	30.839688	0.002010	1.1
1568	-0.430154	184.610315	30.946691	0.000946	1.2
1569	-0.421915	185.144283	30.866531	0.002041	1.2
1570	-0.417319	185.140381	30.867115	0.001851	1.3
1571	-0.417146	184.424477	30.974687	0.001154	1.3
1572	-0.433858	185.351089	30.835596	0.003344	1.4
1573	-0.426146	185.210328	30.856645	0.001482	1.2
1574	-0.425392	186.210307	30.707733	0.000590	1.1
1575	-0.424463	186.905356	30.605074	0.001448	1.2
1576	-0.460098	186.538543	30.659167	0.002100	1.1
1577	-0.412092	187.537068	30.512364	0.001165	1.1
1578	-0.397957	188.355194	30.393126	0.001203	1.2
1579	-0.414830	187.753092	30.480788	0.001250	1.3
1580	-0.414233	188.490759	30.373458	0.001613	1.1
1581	-0.434688	188.024673	30.441186	0.000535	1.0
1582	-0.432728	187.446403	30.525635	0.002018	1.1
1583	-0.433544	187.173146	30.565704	0.001460	1.2
1584	-0.443328	186.443401	30.673229	0.000986	1.0
1585	-0.414048	185.755386	30.775299	0.002613	1.2
1586	-0.450585	185.137586	30.867534	0.003977	1.7
1587	-0.415836	184.497970	30.963609	0.001708	1.4
1588	-0.425721	185.497903	30.813673	0.001218	1.4
1589	-0.411230	186.479155	30.667943	0.002107	1.4
1590	-0.451251	187.472483	30.521816	0.001954	1.2
1591	-0.444891	186.741786	30.629172	0.000877	1.5
1592	-0.404009	187.587096	30.505045	0.001266	1.6
1593	-0.420044	188.400851	30.386499	0.001012	1.4
1594	-0.419209	188.068090	30.434864	0.001174	1.5
1595	-0.412223	188.358157	30.392696	0.001630	1.3
1596	-0.427268	188.002757	30.444377	0.001602	1.1
1597	-0.450186	189.000647	30.299711	0.002034	1.5
1598	-0.444136	189.624806	30.209921	0.002811	1.4
1599	-0.424600	188.894420	30.315045	0.001473	1.5
1600	-0.428370	189.271025	30.260750	0.001457	1.5
1601	-0.423437	188.664513	30.348287	0.001256	1.3
1602	-0.408852	188.032220	30.440086	0.000912	1.1
1603	-0.409856	187.794346	30.474766	0.002111	1.3
1604	-0.438053	187.081333	30.579191	0.002410	1.1
1605	-0.462664	188.081323	30.432938	0.001853	1.1
1606	-0.440708	189.078747	30.288446	0.001908	1.0
1607	-0.415973	188.350607	30.393792	0.001501	1.1
1608	-0.393157	187.621917	30.499954	0.001206	1.2
1609	-0.418627	186.904360	30.605221	0.001809	1.2
1610	-0.412728	187.319573	30.544220	0.001119	1.2
1611	-0.425454	186.605541	30.649273	0.002982	1.1
1612	-0.439156	185.875306	30.757459	0.001636	1.2
1613	-0.437891	186.875266	30.609504	0.000773	1.1
1614	-0.418038	186.819112	30.617775	0.002852	1.3
1615	-0.439396	187.672380	30.492578	0.002862	1.1
1616	-0.422509	186.941654	30.599732	0.001622	1.3
1617	-0.404981	186.210948	30.707638	0.000978	1.4
1618	-0.436954	185.781357	30.771434	0.000916	1.1
1619	-0.435622	186.292149	30.695609	0.001932	1.3
1620	-0.450769	187.255500	30.553617	0.000698	1.2
1621	-0.407021	187.804799	30.473240	0.002086	1.3
1622	-0.398305	187.882966	30.461837	0.001616	1.3
1623	-0.419515	187.929070	30.455115	0.001251	1.2
1624	-0.412343	188.916953	30.311791	0.000910	1.2
1625	-0.368283	189.558087	30.219494	0.001797	1.2
1626	-0.443406	190.170581	30.131843	0.000708	1.4
1627	-0.420299	190.852270	30.034886	0.000327	1.4
1628	-0.439598	190.732239	30.051913	0.000670	1.4
1629	-0.419336	190.652043	30.063300	0.001139	1.6
1630	-0.422614	190.165750	30.132532	0.000890	1.2
1631	-0.415746	190.049397	30.149145	0.001838	1.2
1632	-0.396420	189.370907	30.246382	0.000816	1.4
1633	-0.445971	189.948162	30.163614	0.000450	1.3
1634	-0.412553	189.942595	30.164410	0.002175	1.2
1635	-0.406546	190.272100	30.117364	0.001465	1.3
1636	-0.438094	191.133589	29.995056	0.002128	1.1
1637	-0.402622	190.406246	30.098254	0.001060	1.2
1638	-0.427870	189.679526	30.202075	0.001708	1.2
1639	-0.400326	189.809366	30.183473	0.000899	1.2
1640	-0.403609	189.861231	30.176049	0.000957	1.3
1641	-0.442378	189.898188	30.170761	0.000965	1.5
1642	-0.425760	190.478713	30.087940	0.000399	1.4
1643	-0.394545	190.577039	30.073957	0.000943	1.1
1644	-0.429668	190.956762	30.020079	0.001054	1.2
1645	-0.429389	190.473767	30.088644	0.002312	1.2
1646	-0.443733	191.034085	30.009132	0.001695	1.3
1647	-0.410066	192.031983	29.868561	0.000841	1.3
1648	-0.433975	192.159999	29.850623	0.001559	1.2
1649	-0.416117	191.962743	29.878272	0.000592	1.0
1650	-0.428472	191.933865	29.882324	0.000840	1.1
1651	-0.410094	192.418093	29.814524	0.000445	1.1
1652	-0.423596	192.429891	29.812876	0.001546	1.1
1653	-0.397076	193.094900	29.720273	0.002339	1.1
1654	-0.420309	194.038202	29.589900	0.002938	1.3
1655	-0.428041	193.307580	29.690778	0.001494	1.5
1656	-0.430007	194.248799	29.560949	0.001690	1.1
1657	-0.417938	193.522523	29.661029	0.002246	1.2
1658	-0.451410	192.799858	29.761286	0.001877	1.2
1659	-0.386026	192.139552	29.853487	0.001504	1.3
1660	-0.411460	193.090233	29.720921	0.001969	1.2
1661	-0.429000	192.362196	29.822335	0.001283	1.1
1662	-0.422556	191.636327	29.924138	0.002031	1.2
1663	-0.431669	192.623909	29.785799	0.000908	1.2
1664	-0.419669	191.957550	29.879001	0.001760	1.2
1665	-0.435687	192.864690	29.752265	0.000967	1.2
1666	-0.422961	192.202949	29.844610	0.001962	1.0
1667	-0.405691	191.767556	29.905682	0.002155	1.2
1668	-0.399839	192.761062	29.766688	0.001573	1.2
1669	-0.419056	192.032732	29.868456	0.001306	1.3
1670	-0.381389	192.411389	29.815460	0.001682	1.3
1671	-0.418154	191.699604	29.915236	0.002572	1.4
1672	-0.403160	190.968941	30.018355	0.001295	1.3
1673	-0.427402	191.968220	29.877504	0.001851	1.2
1674	-0.426167	191.390751	29.958738	0.001507	1.2
1675	-0.456485	190.848090	30.035479	0.003186	1.2
1676	-0.436515	190.300713	30.113286	0.001650	1.2
1677	-0.414166	189.833859	30.179967	0.000908	1.1
1678	-0.412626	189.868342	30.175031	0.001565	1.3
1679	-0.408880	189.178614	30.274055	0.000813	1.3
1680	-0.434096	188.724516	30.339604	0.000991	1.3
1681	-0.426031	189.169602	30.275353	0.001881	1.3
1682	-0.454747	189.349625	30.249442	0.001300	1.2
1683	-0.410660	188.771628	30.332790	0.001000	1.1
1684	-0.444247	189.253076	30.263333	0.003169	1.2
1685	-0.429729	188.530806	30.367653	0.001376	1.2
1686	-0.425172	189.443068	30.236011	0.002700	1.2
1687	-0.440205	190.406046	30.098282	0.001153	1.1
1688	-0.417588	191.388409	29.959068	0.002268	1.1
1689	-0.409564	192.239666	29.839471	0.002448	1.2
1690	-0.416460	191.508957	29.942074	0.001667	1.1
1691	-0.383564	191.632414	29.924689	0.001529	1.0
1692	-0.409828	192.443913	29.810917	0.001362	1.0
1693	-0.400334	191.742979	29.909137	0.001790	1.0
1694	-0.426039	191.014662	30.011881	0.001999	1.1
1695	-0.428476	190.286524	30.115308	0.001491	1.6
1696	-0.438861	190.625006	30.067141	0.002492	1.2
1697	-0.445095	189.900239	30.170468	0.001742	1.2
1698	-0.410317	190.893355	30.029063	0.001452	1.3
1699	-0.420800	190.178998	30.130642	0.001381	1.3
1700	-0.444381	189.534418	30.222891	0.001659	1.3
1701	-0.394505	190.525942	30.081222	0.001078	1.4
1702	-0.452794	189.818429	30.182175	0.001533	1.4
1703	-0.421474	189.703413	30.198651	0.000789	1.1
1704	-0.426144	190.616642	30.068329	0.001876	0.9
1705	-0.404705	190.896279	30.028648	0.002256	0.9
1706	-0.456680	191.896210	29.887610	0.001394	1.0
1707	-0.457955	192.443170	29.811021	0.001355	1.2
1708	-0.449918	191.860945	29.892561	0.000632	1.5
1709	-0.413197	191.728259	29.911206	0.001019	1.0
1710	-0.406307	191.756878	29.907183	0.001631	1.0
1711	-0.428746	192.657793	29.781075	0.002086	1.1
1712	-0.446688	193.549296	29.657328	0.000876	1.2
1713	-0.439836	192.907960	29.746246	0.000673	1.0
1714	-0.415558	192.722068	29.772119	0.000687	1.0
1715	-0.426200	193.086377	29.721456	0.001379	1.1
1716	-0.400217	193.314623	29.689803	0.001775	1.2
1717	-0.426470	193.353305	29.684445	0.001443	1.0
1718	-0.441003	193.041427	29.727698	0.001484	1.3
1719	-0.407817	193.942485	29.603076	0.002075	1.4
1720	-0.439825	194.865553	29.476490	0.001647	1.2
1721	-0.437937	194.146621	29.574989	0.003038	1.3
1722	-0.416874	193.416145	29.675745	0.002917	1.5
1723	-0.413478	194.414999	29.538142	0.001484	1.3
1724	-0.399365	193.684285	29.638680	0.002429	1.0
1725	-0.414495	194.680348	29.501802	0.002269	1.0
1726	-0.421450	195.680284	29.365657	0.002485	1.0
1727	-0.456926	194.949698	29.465005	0.001809	1.2
1728	-0.441537	194.926137	29.468220	0.002028	1.1
1729	-0.409984	195.801449	29.349245	0.002148	1.0
1730	-0.433469	195.105914	29.443705	0.001988	1.0
1731	-0.417495	194.384209	29.542365	0.001233	1.0
1732	-0.423963	193.659316	29.642128	0.001795	1.1
1733	-0.424793	194.394945	29.540892	0.001098	1.1
1734	-0.461156	193.682552	29.638919	0.001375	1.1
1735	-0.388026	193.096968	29.719986	0.002176	1.2
1736	-0.442121	194.091610	29.582552	0.001792	1.6
1737	-0.424029	193.364093	29.682951	0.001139	1.1
1738	-0.442413	192.640736	29.783453	0.002278	1.1
1739	-0.428643	192.530057	29.798891	0.001316	1.0
1740	-0.405556	192.504502	29.802457	0.000327	1.1
1741	-0.427629	192.180608	29.847738	0.002534	1.1
1742	-0.433607	191.684938	29.917299	0.002145	1.1
1743	-0.408843	192.121590	29.856003	0.001566	1.1
1744	-0.426904	193.114958	29.717489	0.001690	1.2
1745	-0.421614	193.546605	29.657700	0.001562	1.0
1746	-0.417154	192.854165	29.753729	0.001826	1.0
1747	-0.394366	192.133206	29.854376	0.003903	1.0
1748	-0.402304	193.132992	29.714986	0.003308	0.9
1749	-0.398773	192.402266	29.816735	0.001177	1.0
1750	-0.429533	193.401953	29.677709	0.001745	1.4
1751	-0.419144	193.598759	29.650492	0.003420	1.1
1752	-0.458970	193.065379	29.724371	0.001482	0.9
1753	-0.422841	192.979794	29.736260	0.002111	0.9
1754	-0.413861	193.489115	29.665649	0.001373	1.0
1755	-0.421735	192.760193	29.766809	0.001265	1.2
1756	-0.409446	192.281467	29.833623	0.002811	1.0
1757	-0.398805	193.276105	29.695139	0.001873	1.0
1758	-0.417313	194.276104	29.557200	0.001599	1.1
1759	-0.430292	195.259925	29.422737	0.000957	1.0
1760	-0.450381	195.546109	29.383852	0.001703	1.0
1761	-0.398641	194.888400	29.473371	0.000900	1.0
1762	-0.402522	195.805226	29.348734	0.001389	1.1
1763	-0.412437	196.182003	29.297818	0.001791	1.2
1764	-0.426775	196.815994	29.212542	0.002049	1.1
1765	-0.444548	197.763727	29.085987	0.001650	1.0
1766	-0.406308	198.722543	28.959062	0.002424	1.2
1767	-0.431521	197.991844	29.055689	0.000420	1.0
1768	-0.396978	197.632674	29.103421	0.002001	1.0
1769	-0.443029	197.102809	29.174126	0.002094	1.0
1770	-0.427013	197.769204	29.085258	0.000781	1.1
1771	-0.419452	197.185429	29.163079	0.001218	1.1
1772	-0.443646	198.008422	29.053489	0.001857	1.1
1773	-0.424504	198.981982	28.924909	0.001087	1.0
1774	-0.424685	198.271662	29.018610	0.001224	0.9
1775	-0.412241	199.205333	28.895571	0.001201	1.0
1776	-0.421644	199.722090	28.827920	0.002927	1.1
1777	-0.413716	199.288348	28.884682	0.001360	1.0
1778	-0.421952	200.279014	28.755365	0.001661	1.3
1779	-0.422695	201.265463	28.627744	0.001215	1.1
1780	-0.438399	202.195409	28.508466	0.001566	1.0
1781	-0.445351	203.038682	28.401162	0.001787	1.4
1782	-0.452044	204.018051	28.277548	0.001470	1.0
1783	-0.426517	204.945423	28.161486	0.001335	1.0
1784	-0.441700	204.241705	28.249470	0.000622	1.0
1785	-0.418728	203.666706	28.321770	0.000978	1.1
1786	-0.436913	203.328050	28.364526	0.001560	1.1
1787	-0.429639	203.409543	28.354226	0.002033	1.1
1788	-0.409484	202.685877	28.445957	0.000602	1.0
1789	-0.395086	202.893434	28.419587	0.001774	1.1
1790	-0.440178	203.566606	28.334395	0.001873	1.0
1791	-0.422000	204.563069	28.209223	0.001555	0.9
1792	-0.444196	203.834191	28.300673	0.002055	1.0
1793	-0.412106	204.654621	28.197778	0.002461	1.0
1794	-0.405406	204.040865	28.274682	0.001255	1.0
1795	-0.411025	204.994119	28.155418	0.000817	1.0
1796	-0.425953	205.854197	28.048671	0.000554	1.2
1797	-0.435309	205.590690	28.081290	0.001712	1.1
1798	-0.419282	206.398758	27.981502	0.002459	1.1
1799	-0.439887	205.730165	28.064015	0.001417	1.4
1800	-0.408134	206.315496	27.991751	0.001343	1.1
1801	-0.405886	207.283737	27.873027	0.002555	1.1
1802	-0.419969	208.078629	27.776309	0.001884	1.1
1803	-0.425517	209.064118	27.657328	0.001301	1.0
1804	-0.446532	208.366104	27.741496	0.000521	1.1
1805	-0.438476	207.905253	27.797347	0.002442	1.0
1806	-0.420884	208.756870	27.694314	0.001320	1.1
1807	-0.435004	209.321283	27.626448	0.001630	1.2
1808	-0.413040	208.598922	27.713365	0.001739	1.3
1809	-0.439400	207.875998	27.800900	0.002003	1.3
1810	-0.396122	207.190282	27.884443	0.001330	1.4
1811	-0.411874	207.215851	27.881319	0.000660	1.3
1812	-0.417799	207.600993	27.834345	0.001255	1.3
1813	-0.433486	208.274413	27.752590	0.001237	1.3
1814	-0.406262	207.739903	27.817441	0.001468	1.2
1815	-0.429133	207.023550	27.904832	0.001512	1.1
1816	-0.432395	206.379923	27.983820	0.001268	1.2
1817	-0.422522	207.308892	27.869956	0.001465	0.9
1818	-0.414938	208.289914	27.750714	0.001427	1.0
1819	-0.413180	209.100046	27.653010	0.002531	1.4
1820	-0.407385	210.093748	27.534102	0.000835	1.2
1821	-0.389040	209.487287	27.606550	0.001730	1.0
1822	-0.431379	209.742804	27.575979	0.002098	1.1
1823	-0.456317	210.717183	27.460021	0.002380	1.1
1824	-0.426685	211.706578	27.343270	0.000411	1.2
1825	-0.432355	211.247413	27.397329	0.001795	1.0
1826	-0.396820	211.803595	27.331875	0.000801	1.2
1827	-0.436706	211.201263	27.402774	0.000400	1.0
1828	-0.433519	210.901870	27.438152	0.000782	1.0
1829	-0.441877	211.196081	27.403386	0.002210	1.3
1830	-0.428995	212.059405	27.301875	0.000147	1.1
1831	-0.442942	211.843215	27.327225	0.002617	1.1
1832	-0.398622	211.634760	27.351712	0.000962	1.2
1833	-0.413012	212.631726	27.234995	0.000876	1.1
1834	-0.460400	212.095668	27.297628	0.001564	1.1
1835	-0.408401	211.450592	27.373382	0.002698	1.2
1836	-0.427209	212.441548	27.257182	0.001529	1.2
1837	-0.443254	213.366494	27.149610	0.001217	1.2
1838	-0.433858	212.646768	27.233241	0.001437	1.3
1839	-0.422566	211.949177	27.314794	0.001718	1.1
1840	-0.439524	212.822446	27.212780	0.001751	1.3
1841	-0.379277	213.776009	27.102253	0.001063	1.2
1842	-0.424457	213.710331	27.109837	0.002313	1.3
1843	-0.409235	213.550318	27.128332	0.002896	1.4
1844	-0.411313	212.822666	27.212755	0.003048	1.2
1845	-0.403254	212.091940	27.298065	0.001417	1.5
1846	-0.411628	213.077901	27.183082	0.000655	1.5
1847	-0.449496	213.384447	27.147530	0.003503	1.4
1848	-0.401119	214.172283	27.056585	0.001899	1.2
1849	-0.418073	215.147897	26.944804	0.001561	1.1
1850	-0.419789	216.145869	26.831413	0.001873	1.2
1851	-0.395802	217.142741	26.719096	0.004542	1.3
1852	-0.430075	218.142741	26.607368	0.002206	1.1
1853	-0.456157	219.142741	26.496570	0.001720	1.2
1854	-0.395861	220.141331	26.386845	0.000963	1.2
1855	-0.427847	219.623073	26.443677	0.000773	1.1
1856	-0.421687	219.510808	26.456020	0.001274	1.2
1857	-0.422774	219.057718	26.505954	0.002634	1.2
1858	-0.429040	220.057028	26.396073	0.001900	1.3
1859	-0.415173	219.326310	26.476331	0.001068	1.4
1860	-0.425743	218.690207	26.546595	0.000691	1.3
1861	-0.416812	219.315454	26.477527	0.002288	1.3
1862	-0.431362	220.272996	26.372445	0.003079	1.1
1863	-0.420397	219.542270	26.452560	0.001924	1.3
1864	-0.435274	220.337788	26.365365	0.001649	1.3
1865	-0.436050	219.608081	26.445325	0.002882	1.3
1866	-0.427525	220.437239	26.354505	0.002302	1.1
1867	-0.405823	219.713724	26.433719	0.002949	1.0
1868	-0.433280	218.983021	26.514204	0.001534	1.0
1869	-0.433820	219.874685	26.416055	0.001429	1.1
1870	-0.432253	219.154084	26.495318	0.001301	1.2
1871	-0.415912	218.625712	26.553740	0.001721	1.1
1872	-0.435959	219.619725	26.444045	0.002310	1.1
1873	-0.436198	220.528428	26.344555	0.001207	1.0
1874	-0.421258	221.522316	26.236591	0.003230	1.0
1875	-0.447912	220.793285	26.315697	0.003312	1.0
1876	-0.439967	221.793285	26.207310	0.002350	1.0
1877	-0.465179	222.781443	26.101079	0.001813	1.0
1878	-0.409804	222.054574	26.179136	0.001525	1.1
1879	-0.419013	222.968951	26.081019	0.002452	1.0
1880	-0.426384	223.966917	25.974768	0.004149	1.0
1881	-0.416352	224.966917	25.869165	0.002262	1.0
1882	-0.428251	225.966917	25.764418	0.001462	1.1
1883	-0.421536	226.801725	25.677621	0.002160	1.1
1884	-0.425239	226.071270	25.753536	0.001059	1.3
1885	-0.426982	225.353204	25.828602	0.001879	1.0
1886	-0.429616	225.491887	25.814070	0.003052	1.0
1887	-0.421771	224.761268	25.890812	0.001415	1.0
1888	-0.420965	225.544753	25.808535	0.001934	1.1
1889	-0.411773	225.979476	25.763108	0.001173	1.0
1890	-0.374185	225.302608	25.833908	0.001097	1.1
1891	-0.422328	225.021905	25.863383	0.002938	1.1
1892	-0.413633	224.322900	25.937077	0.000631	1.0
1893	-0.428724	223.610559	26.012609	0.001104	1.2
1894	-0.426262	223.708928	26.002152	0.001191	1.1
1895	-0.434293	224.184702	25.951696	0.002006	1.0
1896	-0.410581	223.663839	26.006944	0.001093	1.0
1897	-0.459142	224.086906	25.962051	0.002180	1.0
1898	-0.429548	224.636642	25.903948	0.001644	1.1
1899	-0.426711	223.912188	25.980572	0.001201	1.3
1900	-0.415529	223.210469	26.055225	0.001860	1.2
1901	-0.408989	222.492732	26.132028	0.001549	1.0
1902	-0.460610	223.430695	26.031750	0.002516	1.1
1903	-0.434342	224.430064	25.925751	0.002338	1.1
1904	-0.437530	223.699339	26.003171	0.002597	1.1
1905	-0.426216	224.699320	25.897340	0.000503	1.1
1906	-0.440062	224.249444	25.944845	0.001494	1.1
1907	-0.397240	224.872845	25.879063	0.000564	1.1
1908	-0.443231	224.445615	25.924109	0.001946	1.2
1909	-0.425495	224.770200	25.889871	0.001431	1.0
1910	-0.412766	224.071098	25.963726	0.001928	1.0
1911	-0.415583	225.068700	25.858465	0.001992	1.0
1912	-0.446856	226.066873	25.753994	0.001070	1.2
1913	-0.454922	227.055338	25.651368	0.001053	1.1
1914	-0.417394	227.326100	25.623399	0.000658	1.0
1915	-0.426061	227.192363	25.637206	0.001164	1.0
1916	-0.425596	226.630851	25.695340	0.001794	1.0
1917	-0.420808	226.647584	25.693604	0.001875	1.1
1918	-0.430270	227.642620	25.590781	0.001949	1.0
1919	-0.430587	228.474771	25.505420	0.000976	1.0
1920	-0.420693	229.456611	25.405434	0.000342	1.0
1921	-0.430217	229.472415	25.403831	0.001175	1.0
1922	-0.390697	229.119029	25.439723	0.000651	1.1
1923	-0.423660	228.748969	25.477418	0.001662	1.5
1924	-0.437606	228.377266	25.515393	0.001525	1.0
1925	-0.424156	228.671639	25.485309	0.002459	1.0
1926	-0.440192	228.609446	25.491659	0.001737	1.3
1927	-0.442788	227.883927	25.565969	0.001613	1.7
1928	-0.420288	228.781255	25.474125	0.000636	1.2
1929	-0.423552	228.191597	25.534404	0.002130	2.2
1930	-0.416819	229.033360	25.448440	0.002594	1.6
1931	-0.402366	228.302634	25.523031	0.001652	1.2
1932	-0.437862	227.572202	25.598031	0.000998	1.3
1933	-0.438531	228.475356	25.505360	0.003125	1.9
1934	-0.439064	228.930107	25.458953	0.001067	1.4
1935	-0.425527	229.906570	25.359873	0.001953	1.3
1936	-0.405201	230.510165	25.299013	0.001154	1.3
1937	-0.448981	229.787828	25.371881	0.001902	1.3
1938	-0.416544	230.778683	25.272032	0.000541	1.3
1939	-0.412712	230.408829	25.309210	0.000608	1.3
1940	-0.415710	230.122152	25.338103	0.002411	1.1
1941	-0.421802	230.647889	25.285167	0.000930	1.2
1942	-0.438476	231.625757	25.187293	0.001963	1.1
1943	-0.406242	231.415718	25.208251	0.000848	1.0
1944	-0.417616	231.195322	25.230281	0.001927	1.1
1945	-0.425679	232.116119	25.138497	0.001079	1.1
1946	-0.405832	231.970291	25.152989	0.001414	1.2
1947	-0.423128	232.119255	25.138186	0.001538	1.3
1948	-0.429726	232.866884	25.064155	0.001760	1.2
1949	-0.422841	233.836874	24.968752	0.000377	1.2
1950	-0.393841	233.594715	24.992502	0.001547	1.0
1951	-0.411767	234.195058	24.933707	0.000699	1.1
1952	-0.413290	234.975206	24.857715	0.001722	1.1
1953	-0.391915	234.761730	24.878463	0.000405	1.1
1954	-0.420681	234.237648	24.929547	0.001225	1.0
1955	-0.422227	233.889635	24.963584	0.000734	1.0
1956	-0.474085	233.766106	24.975688	0.001485	1.3
1957	-0.393391	233.151979	25.036039	0.001172	1.1
1958	-0.431758	233.665920	24.985514	0.001612	1.1
1959	-0.422138	233.540153	24.997859	0.001620	1.1
1960	-0.404996	232.812533	25.069522	0.001117	1.1
1961	-0.436944	233.480986	25.003671	0.002128	1.1
1962	-0.436039	233.406068	25.011034	0.002273	1.2
1963	-0.431336	232.675530	25.083061	0.002570	1.2
1964	-0.434267	233.675527	24.984571	0.002589	1.1
1965	-0.438782	232.945038	25.056441	0.001441	1.2
1966	-0.401161	233.604674	24.991524	0.001935	1.0
1967	-0.419105	232.884185	25.062447	0.000895	1.0
1968	-0.435177	233.826247	24.969794	0.002091	1.0
1969	-0.435599	233.328859	25.018627	0.000551	1.0
1970	-0.405890	232.948688	25.056081	0.001571	1.0
1971	-0.427302	233.709845	24.981205	0.001185	1.0
1972	-0.440980	234.679319	24.886482	0.001365	1.0
1973	-0.421054	234.155885	24.937535	0.001058	1.1
1974	-0.424049	233.611720	24.990832	0.001430	1.2
1975	-0.460919	234.399279	24.913770	0.000782	1.0
1976	-0.447066	233.777726	24.974549	0.001869	1.2
1977	-0.430282	233.096585	25.041497	0.001646	1.2
1978	-0.423273	234.094397	24.943546	0.001611	1.1
1979	-0.384431	233.399760	25.011654	0.002037	1.1
1980	-0.428151	234.276263	24.925776	0.002697	1.0
1981	-0.433592	233.566545	24.995267	0.001451	1.1
1982	-0.449579	234.541085	24.899944	0.001514	1.4
1983	-0.422896	235.532484	24.803716	0.001829	1.3
1984	-0.433129	235.478454	24.808941	0.001147	1.1
1985	-0.441034	235.057536	24.849723	0.001159	1.1
1986	-0.406110	235.698193	24.787704	0.001120	1.4
1987	-0.443676	235.042992	24.851134	0.002635	1.1
1988	-0.446189	234.312815	24.922207	0.003445	1.3
1989	-0.420192	233.582094	24.993741	0.000658	1.2
1990	-0.411127	234.569600	24.897166	0.000742	1.4
1991	-0.454277	234.750433	24.879562	0.001213	1.1
1992	-0.402941	235.296118	24.826591	0.000435	1.0
1993	-0.429581	235.641728	24.793158	0.001546	1.0
1994	-0.437300	235.896170	24.768601	0.000903	1.1
1995	-0.419148	236.160246	24.743167	0.001513	1.1
1996	-0.414741	235.571771	24.799918	0.001511	1.1
1997	-0.415392	234.862147	24.868699	0.002169	1.1
1998	-0.427471	235.855933	24.772481	0.001882	1.2
1999	-0.448715	235.150299	24.840724	0.002086	1.1
