1:ItNr	2:Metric	3a:Time	3b:StepSize	4:||Gradient||	Time[ms]
0	-0.349305	0.000000	1726.120067	0.000196	39.0
1	-0.350203	0.000000	1726.120067	0.000469	1.0
2	-0.314173	0.000000	1726.120067	0.000268	1.0
3	-0.357034	0.000000	1726.120067	0.000084	1.3
4	-0.343328	0.289296	1702.664156	0.000400	1.0
5	-0.331136	1.172282	1634.857514	0.000345	1.0
6	-0.349547	0.573974	1680.196807	0.000200	0.9
7	-0.351393	0.000000	1726.120067	0.000685	1.1
8	-0.329909	0.932534	1652.728357	0.000442	0.9
9	-0.338229	0.191055	1710.557667	0.000452	1.0
10	-0.337547	0.000000	1726.120067	0.000264	0.9
11	-0.357314	0.000000	1726.120067	0.000249	0.9
12	-0.326271	0.938855	1652.252186	0.000422	0.9
13	-0.337788	0.204576	1709.466947	0.000312	0.8
14	-0.298277	0.000000	1726.120067	0.000617	1.0
15	-0.331700	0.999999	1647.660106	0.000596	1.0
16	-0.342276	0.258512	1705.129724	0.000339	0.9
17	-0.313738	0.000000	1726.120067	0.000446	1.0
18	-0.330088	0.000000	1726.120067	0.000573	0.9
19	-0.303047	0.999944	1647.664248	0.000678	0.9
20	-0.342762	1.999944	1576.026498	0.000407	0.9
21	-0.333459	1.258497	1628.525099	0.000625	1.0
22	-0.345175	0.517012	1684.644784	0.000358	1.0
23	-0.309249	0.000000	1726.120067	0.000277	0.9
24	-0.328602	0.936734	1652.411952	0.000493	0.9
25	-0.352515	0.195342	1710.211665	0.000587	1.1
26	-0.323019	0.000000	1726.120067	0.000223	1.0
27	-0.332802	0.789078	1663.609694	0.000540	1.3
28	-0.334200	0.836869	1659.968821	0.000547	1.1
29	-0.336825	0.095382	1718.315493	0.000192	0.9
30	-0.330653	0.000000	1726.120067	0.000359	1.2
31	-0.339303	0.906153	1654.718683	0.000593	1.1
32	-0.315607	0.181744	1711.309599	0.000460	0.9
33	-0.335775	1.181744	1634.160137	0.000345	0.9
34	-0.326282	2.118498	1567.944513	0.000297	1.1
35	-0.325107	1.955846	1579.054049	0.000310	1.0
36	-0.357283	2.930581	1514.736371	0.000527	0.9
37	-0.359618	2.189633	1563.134744	0.000462	0.9
38	-0.327473	1.448150	1614.766532	0.000329	0.9
39	-0.332397	2.447889	1545.918316	0.000323	0.8
40	-0.346243	1.706849	1596.369542	0.000202	0.9
41	-0.328728	2.690215	1530.105206	0.000125	1.0
42	-0.323484	2.348477	1552.500460	0.000537	1.1
43	-0.330041	3.271996	1493.429745	0.000267	1.4
44	-0.351344	2.542149	1539.728633	0.000565	1.1
45	-0.330377	1.800680	1589.799989	0.000116	1.1
46	-0.317433	1.359027	1621.203020	0.000263	1.2
47	-0.343700	0.813193	1661.770510	0.000202	1.1
48	-0.323646	1.717588	1595.614844	0.000406	0.9
49	-0.338999	1.310671	1624.716795	0.000583	0.9
50	-0.339925	0.569269	1680.563244	0.000505	0.8
51	-0.345329	1.569140	1606.110015	0.000546	0.9
52	-0.313068	0.827680	1660.667640	0.000423	0.9
53	-0.321614	1.827673	1587.920116	0.000557	1.0
54	-0.323445	2.824440	1521.484737	0.000327	1.0
55	-0.365119	2.083168	1570.344319	0.000412	0.9
56	-0.337002	1.341745	1622.457036	0.000211	0.9
57	-0.332435	0.606441	1677.672033	0.000383	0.9
58	-0.318908	1.107171	1639.672578	0.000305	1.0
59	-0.348686	0.367514	1696.431425	0.000251	1.1
60	-0.348455	0.789191	1663.601033	0.000366	1.1
61	-0.328932	0.404755	1693.479892	0.000230	1.4
62	-0.352890	0.000000	1726.120067	0.000268	1.2
63	-0.361962	0.000000	1726.120067	0.000591	1.1
64	-0.336668	0.999975	1647.661952	0.000679	0.9
65	-0.348659	0.479027	1687.624035	0.000540	0.9
66	-0.346207	1.394762	1618.616085	0.000278	1.0
67	-0.363043	0.653844	1673.999364	0.000343	0.9
68	-0.335502	0.353106	1697.576088	0.000403	0.9
69	-0.327230	1.097702	1640.375182	0.000300	0.9
70	-0.339355	0.380343	1695.413477	0.000623	0.9
71	-0.358671	0.000000	1726.120067	0.000551	1.0
72	-0.352023	0.000000	1726.120067	0.000473	1.3
73	-0.333571	0.000000	1726.120067	0.000167	1.0
74	-0.374240	0.000000	1726.120067	0.000336	0.8
75	-0.350896	0.123790	1716.004616	0.000420	0.8
76	-0.340006	1.123516	1638.461114	0.000226	0.8
77	-0.341732	2.057255	1572.109153	0.000458	0.8
78	-0.326954	1.316599	1624.285233	0.000113	0.9
79	-0.325167	1.925664	1581.132896	0.000283	1.0
80	-0.324562	1.837688	1587.223783	0.000432	1.0
81	-0.350703	1.096253	1640.482697	0.000362	0.9
82	-0.342046	0.805686	1662.342661	0.000197	0.8
83	-0.344398	0.091377	1718.641741	0.000705	1.0
84	-0.342547	0.000000	1726.120067	0.000201	1.0
85	-0.307582	0.000000	1726.120067	0.000468	0.8
86	-0.339210	0.000000	1726.120067	0.000190	0.9
87	-0.340045	0.000000	1726.120067	0.000103	0.9
88	-0.352612	0.000000	1726.120067	0.000425	0.9
89	-0.339386	0.621151	1676.530604	0.000491	0.9
90	-0.331083	1.617954	1602.643688	0.000647	0.9
91	-0.335797	0.876659	1656.949594	0.000758	0.8
92	-0.327066	0.135172	1715.080496	0.000683	0.9
93	-0.342504	0.000000	1726.120067	0.000398	0.9
94	-0.336496	0.922095	1653.515354	0.000566	0.9
95	-0.334715	0.180609	1711.401249	0.000764	0.9
96	-0.358847	0.000000	1726.120067	0.000359	1.2
97	-0.352704	0.999988	1647.660998	0.000423	1.3
98	-0.343649	1.999985	1576.023723	0.000375	0.8
99	-0.354295	1.275653	1627.270863	0.000508	0.8
100	-0.336362	0.534170	1683.302498	0.000352	0.8
101	-0.353454	0.000000	1726.120067	0.000134	0.8
102	-0.342147	0.685353	1671.567036	0.000447	0.8
103	-0.377250	0.000000	1726.120067	0.000398	0.9
104	-0.327155	0.000000	1726.120067	0.000732	0.9
105	-0.333382	0.000000	1726.120067	0.000149	1.0
106	-0.301176	0.000000	1726.120067	0.000298	0.8
107	-0.337791	0.000000	1726.120067	0.000319	0.8
108	-0.354637	0.779219	1664.362795	0.000269	0.8
109	-0.312682	1.752536	1593.163973	0.000565	0.9
110	-0.328697	2.741850	1526.777446	0.000356	0.9
111	-0.306598	3.410892	1484.932279	0.000595	0.9
112	-0.308090	2.669408	1531.450251	0.000676	0.9
113	-0.334782	1.934459	1580.526522	0.000478	1.1
114	-0.356884	1.192974	1633.333203	0.000541	1.3
115	-0.329909	0.451493	1689.790156	0.000519	1.0
116	-0.356563	0.000000	1726.120067	0.000596	0.8
117	-0.356196	0.000000	1726.120067	0.000240	0.8
118	-0.340453	0.000000	1726.120067	0.000485	0.8
119	-0.362376	0.999931	1647.665264	0.000574	0.9
120	-0.366826	0.259275	1705.068592	0.000875	0.9
121	-0.313455	0.000000	1726.120067	0.000217	0.9
122	-0.364910	0.998823	1647.748187	0.000491	0.9
123	-0.356790	1.998598	1576.118715	0.000315	0.9
124	-0.368987	2.978330	1511.720021	0.000356	0.8
125	-0.331627	3.688117	1468.257871	0.000253	1.0
126	-0.323728	3.531542	1477.629146	0.000483	0.9
127	-0.349652	4.531476	1419.758140	0.000676	0.8
128	-0.337386	5.530978	1366.271565	0.000106	0.8
129	-0.346218	4.870421	1401.156980	0.000657	0.9
130	-0.362475	4.133506	1442.238968	0.000507	0.9
131	-0.336396	3.392019	1486.081238	0.000358	0.9
132	-0.327681	2.650535	1532.672373	0.000236	1.1
133	-0.339476	2.210929	1561.700619	0.000435	0.9
134	-0.340986	1.618533	1602.602702	0.000120	0.8
135	-0.344206	1.092836	1640.736460	0.000767	0.9
136	-0.338396	2.049389	1572.645648	0.000422	1.2
137	-0.333937	1.307902	1624.918440	0.000444	1.1
138	-0.326856	0.566415	1680.785646	0.000447	0.9
139	-0.372424	0.000000	1726.120067	0.000382	0.8
140	-0.334115	0.000000	1726.120067	0.000687	0.8
141	-0.351103	0.000000	1726.120067	0.000405	0.9
142	-0.317609	0.000000	1726.120067	0.000364	0.9
143	-0.336671	0.972550	1649.718471	0.000180	0.9
144	-0.340481	0.301878	1701.658467	0.000559	0.8
145	-0.326000	0.000000	1726.120067	0.000225	0.8
146	-0.325539	0.984270	1648.839012	0.000281	1.0
147	-0.373680	1.936705	1580.371768	0.000895	1.0
148	-0.336941	2.936693	1514.349621	0.000593	0.9
149	-0.357167	2.195737	1562.723434	0.000841	0.9
150	-0.334806	1.454250	1614.327881	0.000291	1.0
151	-0.333817	0.712765	1669.456744	0.000380	0.9
152	-0.340365	0.534024	1683.313860	0.000544	0.9
153	-0.356266	0.000000	1726.120067	0.000349	0.9
154	-0.363081	0.999976	1647.661859	0.000447	0.9
155	-0.353028	1.768352	1592.057291	0.000377	0.9
156	-0.339122	1.028074	1645.560145	0.000356	0.9
157	-0.330509	0.287891	1702.776536	0.000364	1.0
158	-0.350606	0.000000	1726.120067	0.000449	1.0
159	-0.337403	0.000000	1726.120067	0.000295	0.9
160	-0.364710	0.000000	1726.120067	0.000445	0.9
161	-0.341217	0.000000	1726.120067	0.000548	0.9
162	-0.379500	0.000000	1726.120067	0.000348	1.0
163	-0.359142	0.999574	1647.691987	0.000199	0.9
164	-0.331225	1.306914	1624.990396	0.000473	0.9
165	-0.323957	0.576540	1679.996927	0.000302	0.9
166	-0.370834	0.000000	1726.120067	0.000506	1.0
167	-0.352514	0.000000	1726.120067	0.000474	1.1
168	-0.321370	0.000000	1726.120067	0.000405	0.9
169	-0.342598	0.000000	1726.120067	0.000798	0.9
170	-0.335324	0.031612	1723.525573	0.000073	0.9
171	-0.380532	0.000000	1726.120067	0.000385	0.9
172	-0.358764	0.000000	1726.120067	0.000307	0.9
173	-0.315047	0.000000	1726.120067	0.000259	0.9
174	-0.353268	0.000000	1726.120067	0.000578	0.9
175	-0.341307	0.992405	1648.229086	0.000403	0.9
176	-0.325950	1.992023	1576.569490	0.000513	0.9
177	-0.337709	2.989868	1510.992974	0.000488	1.2
178	-0.326006	3.930880	1453.960763	0.000489	1.1
179	-0.363550	3.189404	1498.528917	0.000273	0.9
180	-0.338018	2.448092	1545.904969	0.000202	0.9
181	-0.325589	1.721238	1595.358581	0.000688	0.9
182	-0.345136	0.979766	1649.176882	0.000351	0.9
183	-0.335180	0.439379	1690.744951	0.000538	1.0
184	-0.346403	1.439378	1615.397767	0.000305	1.0
185	-0.333281	2.439353	1546.481288	0.000548	0.9
186	-0.360825	1.697873	1597.000774	0.000558	0.8
187	-0.328861	0.956388	1650.932783	0.000479	0.9
188	-0.358459	0.214912	1708.634096	0.000417	1.1
189	-0.362897	1.213686	1631.810259	0.000776	1.0
190	-0.353532	0.472218	1688.159166	0.000150	0.9
191	-0.349819	1.425750	1616.379458	0.000285	0.9
192	-0.357943	0.720056	1668.896342	0.000565	0.9
193	-0.345757	0.000000	1726.120067	0.000409	0.9
194	-0.329406	0.999678	1647.684195	0.000485	0.9
195	-0.327800	0.263346	1704.742120	0.000138	1.0
196	-0.354018	0.000000	1726.120067	0.000199	0.9
197	-0.342700	0.000000	1726.120067	0.000246	0.9
198	-0.342897	0.000000	1726.120067	0.000508	0.9
199	-0.357470	0.000000	1726.120067	0.000888	0.9
200	-0.332696	0.981805	1649.023847	0.000550	1.0
201	-0.325200	0.240318	1706.590299	0.000367	1.0
202	-0.321099	1.240318	1629.856229	0.000527	0.9
203	-0.348118	0.498831	1686.069383	0.000370	0.8
204	-0.333931	0.000000	1726.120067	0.000393	0.8
205	-0.333657	0.000000	1726.120067	0.000212	0.9
206	-0.359361	0.000000	1726.120067	0.000446	0.9
207	-0.368100	0.000000	1726.120067	0.000602	0.9
208	-0.327765	0.000000	1726.120067	0.000267	1.1
209	-0.350136	0.000000	1726.120067	0.000974	0.9
210	-0.324002	0.000000	1726.120067	0.000321	0.9
211	-0.331218	0.000000	1726.120067	0.000450	0.9
212	-0.353236	0.000000	1726.120067	0.000510	0.9
213	-0.362826	0.000000	1726.120067	0.000587	0.9
214	-0.371393	1.000000	1647.660064	0.000426	0.8
215	-0.337085	0.559704	1681.308831	0.000351	0.9
216	-0.335140	0.000000	1726.120067	0.000229	0.9
217	-0.350406	0.000000	1726.120067	0.000064	0.8
218	-0.345485	0.000000	1726.120067	0.000213	0.9
219	-0.367722	0.210702	1708.973231	0.000335	1.1
220	-0.333207	1.195923	1633.116198	0.000237	0.9
221	-0.355107	2.055966	1572.197020	0.000210	0.9
222	-0.356232	1.470278	1613.176345	0.000584	0.9
223	-0.354196	2.468070	1544.588948	0.000415	0.9
224	-0.349219	1.726583	1594.983354	0.000444	0.9
225	-0.335409	0.985096	1648.777020	0.000416	0.9
226	-0.335558	0.250412	1705.779710	0.000343	0.9
227	-0.332011	0.000000	1726.120067	0.000444	0.9
228	-0.384742	0.000000	1726.120067	0.000575	1.0
229	-0.364936	0.000000	1726.120067	0.000534	0.9
230	-0.365244	1.000000	1647.660064	0.000381	1.0
231	-0.313011	0.262157	1704.837406	0.000670	0.9
232	-0.312160	1.250907	1629.080638	0.000552	0.9
233	-0.366733	0.509420	1685.239388	0.000319	0.9
234	-0.358319	0.000000	1726.120067	0.000586	0.9
235	-0.375553	0.999974	1647.662021	0.000431	0.9
236	-0.373182	0.258487	1705.131774	0.000346	1.1
237	-0.325825	1.249097	1629.213184	0.000360	0.9
238	-0.354131	1.870382	1584.954806	0.000801	0.9
239	-0.327395	2.870381	1518.556489	0.000696	0.9
240	-0.358639	3.870338	1457.500175	0.000250	1.0
241	-0.353513	3.151541	1500.878199	0.000344	1.0
242	-0.340288	2.607918	1535.439128	0.000356	0.9
243	-0.338668	3.607862	1473.046347	0.000307	0.9
244	-0.342769	4.069250	1445.935595	0.000409	0.9
245	-0.369540	4.766013	1406.834736	0.000411	1.1
246	-0.342092	4.024551	1448.518326	0.000512	1.0
247	-0.361977	5.019909	1393.107169	0.000306	1.0
248	-0.376188	4.381324	1428.157241	0.000617	0.9
249	-0.333954	3.639837	1471.134796	0.000540	1.0
250	-0.346084	2.898852	1516.747384	0.000391	1.0
251	-0.322352	2.157365	1565.312855	0.000160	0.9
252	-0.359510	1.430452	1616.040617	0.000402	0.9
253	-0.340710	2.229755	1560.434970	0.000510	0.9
254	-0.314963	1.488400	1611.876398	0.000448	0.9
255	-0.349656	2.466938	1544.663433	0.000596	0.9
256	-0.340920	3.466864	1481.535268	0.000421	0.9
257	-0.351836	2.725378	1527.837494	0.000393	0.9
258	-0.360703	1.983892	1577.127211	0.000353	0.9
259	-0.327128	1.242412	1629.702846	0.000176	0.9
260	-0.349949	0.653722	1674.008801	0.000266	1.0
261	-0.338286	0.823269	1661.003287	0.000420	1.1
262	-0.372736	0.082051	1719.402002	0.000506	0.8
263	-0.332143	0.000000	1726.120067	0.000527	0.8
264	-0.357037	0.000000	1726.120067	0.000219	0.8
265	-0.330474	0.000000	1726.120067	0.000435	0.8
266	-0.348944	0.000000	1726.120067	0.000699	0.8
267	-0.353473	0.000000	1726.120067	0.000709	0.9
268	-0.368733	0.000000	1726.120067	0.000525	0.9
269	-0.381624	0.000000	1726.120067	0.000327	0.9
270	-0.350141	0.578323	1679.858103	0.000590	1.1
271	-0.338848	0.000000	1726.120067	0.000467	1.1
272	-0.354908	0.000000	1726.120067	0.000376	0.9
273	-0.348405	0.000000	1726.120067	0.000260	0.8
274	-0.353032	0.939602	1652.195962	0.000555	0.9
275	-0.331438	1.939521	1580.177801	0.000644	0.9
276	-0.352724	1.203744	1632.540943	0.000370	0.9
277	-0.364109	0.462257	1688.942649	0.000406	0.9
278	-0.329946	1.345076	1622.215188	0.000575	1.0
279	-0.334591	2.345076	1552.726650	0.000639	0.9
280	-0.328834	1.603589	1603.662219	0.000511	0.9
281	-0.349491	2.603589	1535.720762	0.000401	1.0
282	-0.330749	3.603577	1473.302921	0.000783	0.9
283	-0.356356	4.011114	1449.296533	0.000479	0.8
284	-0.354125	3.269627	1493.575522	0.000558	0.9
285	-0.326263	3.113982	1503.215918	0.000313	0.8
286	-0.334177	2.644323	1533.075066	0.000458	0.9
287	-0.369476	2.404942	1548.755014	0.000549	0.9
288	-0.364032	1.663455	1599.426093	0.000368	1.2
289	-0.397356	0.921973	1653.524565	0.000650	0.9
290	-0.353288	0.180752	1711.389736	0.000483	0.9
291	-0.383724	1.180751	1634.233265	0.000385	0.8
292	-0.346840	0.442790	1690.475957	0.000584	1.2
293	-0.386811	0.000000	1726.120067	0.000372	0.9
294	-0.337432	0.000000	1726.120067	0.000522	0.9
295	-0.361572	0.000000	1726.120067	0.000287	0.9
296	-0.330332	0.000000	1726.120067	0.000397	0.9
297	-0.361333	0.999877	1647.669273	0.000668	0.9
298	-0.327069	0.887748	1656.110167	0.000283	0.9
299	-0.335901	1.887713	1583.754610	0.000421	0.8
300	-0.328284	2.887105	1517.493284	0.000394	0.8
301	-0.361519	3.881877	1456.824241	0.000094	0.8
302	-0.373166	3.275332	1493.224536	0.000558	1.0
303	-0.348584	2.919535	1515.435891	0.000390	1.0
304	-0.337936	2.185457	1563.416310	0.000334	0.9
305	-0.340475	1.450198	1614.619224	0.000417	1.0
306	-0.346735	0.710236	1669.651186	0.000452	0.9
307	-0.349684	0.000000	1726.120067	0.000439	0.9
308	-0.369514	0.000000	1726.120067	0.000428	0.9
309	-0.343610	0.000000	1726.120067	0.000839	0.9
310	-0.373759	0.000000	1726.120067	0.000559	0.9
311	-0.377986	0.000000	1726.120067	0.000387	0.9
312	-0.357757	0.403600	1693.571224	0.000249	1.1
313	-0.355305	0.000000	1726.120067	0.000216	0.9
314	-0.370056	0.201232	1709.736551	0.000615	0.8
315	-0.343401	1.185023	1633.918611	0.000284	0.9
316	-0.366617	0.479557	1687.582367	0.000595	0.9
317	-0.363543	0.000000	1726.120067	0.000627	0.9
318	-0.353737	0.000000	1726.120067	0.000599	0.9
319	-0.339420	0.000000	1726.120067	0.000143	0.9
320	-0.365441	0.996312	1647.936281	0.000788	1.0
321	-0.360859	1.993331	1576.479792	0.000215	0.9
322	-0.344042	2.778731	1524.409415	0.000558	1.0
323	-0.347663	2.042586	1573.109966	0.000730	1.0
324	-0.373236	3.042586	1507.679818	0.000235	0.8
325	-0.367571	2.301388	1555.637832	0.000622	0.8
326	-0.347643	2.721261	1528.102632	0.000664	0.8
327	-0.344206	3.721023	1466.303444	0.000647	0.8
328	-0.343765	2.979536	1511.643978	0.000464	0.9
329	-0.352888	2.238049	1559.877990	0.000405	0.9
330	-0.367954	1.498523	1611.151135	0.000512	0.8
331	-0.368775	0.757040	1666.059412	0.000532	0.9
332	-0.346038	1.756961	1592.854244	0.000530	0.9
333	-0.365380	1.094683	1640.599316	0.000461	0.9
334	-0.344542	0.353196	1697.568920	0.000403	1.0
335	-0.377212	0.000000	1726.120067	0.000607	0.9
336	-0.371786	0.000000	1726.120067	0.000430	0.9
337	-0.363453	0.999003	1647.734715	0.000487	1.0
338	-0.380755	0.257521	1705.209283	0.000412	0.8
339	-0.321507	0.000000	1726.120067	0.000481	0.8
340	-0.353799	0.000000	1726.120067	0.000382	1.0
341	-0.353880	0.000000	1726.120067	0.000220	1.0
342	-0.361156	0.000000	1726.120067	0.000266	0.9
343	-0.366594	0.000000	1726.120067	0.000635	0.9
344	-0.347586	0.000000	1726.120067	0.000121	0.9
345	-0.308254	0.000000	1726.120067	0.000168	1.0
346	-0.370887	0.320569	1700.166669	0.000294	0.9
347	-0.375945	1.030538	1645.376106	0.000135	0.8
348	-0.332483	0.358091	1697.179825	0.000309	0.9
349	-0.358038	1.148707	1636.597598	0.000230	0.9
350	-0.349452	0.705943	1669.981442	0.000448	0.9
351	-0.348604	0.000000	1726.120067	0.000486	0.9
352	-0.361157	0.971057	1649.830581	0.000208	0.9
353	-0.351911	0.231757	1707.278445	0.000353	1.0
354	-0.384441	0.000000	1726.120067	0.000628	0.9
355	-0.348466	0.000000	1726.120067	0.000561	1.0
356	-0.359105	0.000000	1726.120067	0.000308	0.9
357	-0.348102	0.000000	1726.120067	0.000497	0.9
358	-0.369416	0.755697	1666.162269	0.000916	1.0
359	-0.362934	0.014210	1724.952854	0.000296	0.9
360	-0.359221	0.000000	1726.120067	0.000615	0.9
361	-0.349539	0.000000	1726.120067	0.000304	0.9
362	-0.353711	0.000000	1726.120067	0.000499	0.9
363	-0.374666	0.000000	1726.120067	0.000611	0.9
364	-0.367257	0.000000	1726.120067	0.000356	0.9
365	-0.351066	0.000000	1726.120067	0.000439	1.2
366	-0.350464	0.962213	1650.494926	0.000673	1.0
367	-0.353165	0.220735	1708.165212	0.000466	0.9
368	-0.384830	1.154595	1636.162710	0.000306	0.9
369	-0.330847	0.414650	1692.697345	0.000422	0.8
370	-0.356553	1.373642	1620.143988	0.000572	1.0
371	-0.329377	0.820387	1661.222698	0.000505	1.1
372	-0.345611	0.222086	1708.056444	0.000496	1.1
373	-0.322515	0.000000	1726.120067	0.000496	1.1
374	-0.351068	0.000000	1726.120067	0.000220	1.0
375	-0.337361	0.000000	1726.120067	0.000207	1.1
376	-0.370598	0.000000	1726.120067	0.000392	0.9
377	-0.353386	0.000000	1726.120067	0.000587	0.9
378	-0.371099	0.000000	1726.120067	0.000272	0.8
379	-0.373311	0.000000	1726.120067	0.000583	0.8
380	-0.324943	0.934081	1652.611802	0.000853	0.8
381	-0.343263	1.934081	1580.552590	0.000577	0.9
382	-0.361790	2.934081	1514.514852	0.000135	0.9
383	-0.345932	3.262314	1494.025744	0.000238	0.9
384	-0.353006	3.848333	1458.790886	0.000409	0.9
385	-0.364635	3.121010	1502.777944	0.000411	1.1
386	-0.364808	2.394852	1549.422998	0.000241	0.9
387	-0.374149	3.393154	1486.012096	0.000429	0.8
388	-0.376771	2.679508	1530.797085	0.000166	0.8
389	-0.366296	3.669398	1469.371941	0.000444	0.8
390	-0.321995	4.641626	1413.659216	0.000466	0.9
391	-0.364042	3.900140	1455.755725	0.000320	0.9
392	-0.341506	4.574898	1417.347625	0.000383	1.1
393	-0.355415	5.529116	1366.367473	0.000159	1.0
394	-0.325324	6.503662	1317.952566	0.000797	0.9
395	-0.352311	6.108583	1337.160325	0.000464	0.9
396	-0.376051	5.367096	1374.763515	0.000344	1.0
397	-0.393909	4.627407	1414.443580	0.000532	1.0
398	-0.343077	5.625178	1361.437703	0.000265	1.0
399	-0.351785	6.425558	1321.705895	0.000392	1.0
400	-0.316596	5.710848	1357.071165	0.000562	0.9
401	-0.377026	4.970631	1395.750518	0.000689	0.9
402	-0.371698	4.229144	1436.771763	0.000732	1.1
403	-0.361192	3.487657	1480.277257	0.000519	1.1
404	-0.360926	2.746170	1526.499716	0.000257	1.0
405	-0.374451	2.004972	1575.682020	0.000524	1.0
406	-0.349788	1.263974	1628.124469	0.000417	1.0
407	-0.362704	1.139262	1637.295820	0.000432	0.9
408	-0.347283	0.397789	1694.031153	0.000800	1.0
409	-0.346899	0.000000	1726.120067	0.000663	1.1
410	-0.384914	0.998796	1647.750229	0.000705	1.0
411	-0.312477	1.998756	1576.107897	0.000414	1.0
412	-0.346509	1.257269	1628.614942	0.000570	1.1
413	-0.367968	1.391998	1618.815860	0.000172	1.0
414	-0.362680	0.656962	1673.758388	0.000365	1.1
415	-0.390399	0.000000	1726.120067	0.000668	1.1
416	-0.377088	0.000000	1726.120067	0.000407	1.3
417	-0.387443	0.999089	1647.728286	0.000162	1.6
418	-0.367930	0.333876	1699.106203	0.000115	1.1
419	-0.332460	0.284218	1703.070410	0.000218	1.1
420	-0.355961	0.503066	1685.737329	0.000804	1.0
421	-0.360782	1.503051	1610.826974	0.000585	1.1
422	-0.352252	0.761564	1665.713070	0.000323	1.2
423	-0.396633	0.020884	1724.405159	0.000279	1.3
424	-0.370140	0.000000	1726.120067	0.000708	1.1
425	-0.366491	0.000000	1726.120067	0.000467	1.0
426	-0.358528	0.000000	1726.120067	0.000505	1.0
427	-0.357248	0.000000	1726.120067	0.000636	1.1
428	-0.372003	0.000000	1726.120067	0.000384	1.1
429	-0.349328	0.000000	1726.120067	0.000376	1.2
430	-0.367826	0.000000	1726.120067	0.000377	1.4
431	-0.356342	0.000000	1726.120067	0.000123	1.4
432	-0.374328	0.000000	1726.120067	0.000566	1.4
433	-0.379283	0.949847	1651.424806	0.000797	1.4
434	-0.370919	1.820432	1588.423982	0.000603	1.2
435	-0.374714	1.078945	1641.768731	0.000234	1.2
436	-0.386229	0.349355	1697.874322	0.000638	1.1
437	-0.359456	0.000000	1726.120067	0.000753	1.0
438	-0.387566	0.000000	1726.120067	0.000551	1.0
439	-0.357855	0.000000	1726.120067	0.000395	1.1
440	-0.361886	0.999958	1647.663198	0.000294	1.2
441	-0.384366	0.475070	1687.934937	0.000243	1.1
442	-0.321700	0.000000	1726.120067	0.000254	1.4
443	-0.368882	0.000000	1726.120067	0.000339	1.1
444	-0.367383	0.000000	1726.120067	0.000438	1.1
445	-0.337098	0.000000	1726.120067	0.000364	1.1
446	-0.385061	0.000000	1726.120067	0.000536	1.1
447	-0.355036	0.000000	1726.120067	0.000394	1.3
448	-0.359863	0.000000	1726.120067	0.000517	1.2
449	-0.376401	0.000000	1726.120067	0.000706	1.2
450	-0.357551	0.000000	1726.120067	0.000639	1.2
451	-0.358709	0.000000	1726.120067	0.000504	1.0
452	-0.371479	1.000000	1647.660099	0.000807	1.0
453	-0.381690	1.999990	1576.023332	0.000231	1.0
454	-0.371586	1.265266	1628.030047	0.000486	1.0
455	-0.391807	0.866463	1657.722203	0.000466	1.2
456	-0.366083	1.866051	1585.254962	0.000554	1.3
457	-0.366968	1.125679	1638.300992	0.000496	1.1
458	-0.370801	0.393903	1694.338831	0.000520	1.1
459	-0.368630	0.000000	1726.120067	0.000372	1.1
460	-0.354880	0.000000	1726.120067	0.000552	1.1
461	-0.368241	0.000000	1726.120067	0.000546	1.1
462	-0.377473	0.000000	1726.120067	0.000354	1.0
463	-0.340594	0.000000	1726.120067	0.000372	1.0
464	-0.358329	0.000000	1726.120067	0.000530	1.3
465	-0.354428	0.000000	1726.120067	0.000444	1.3
466	-0.384169	0.000000	1726.120067	0.000388	1.1
467	-0.372706	0.999987	1647.661034	0.000544	1.1
468	-0.403004	1.999305	1576.070318	0.000856	1.1
469	-0.354802	1.257818	1628.574822	0.000164	1.2
470	-0.367325	2.257606	1558.566312	0.000346	1.1
471	-0.366189	3.123439	1502.626637	0.000502	1.1
472	-0.397271	2.450741	1545.730322	0.000276	1.2
473	-0.370360	1.709259	1596.200091	0.000233	1.2
474	-0.388718	2.685041	1530.439445	0.000804	1.1
475	-0.341277	3.685041	1468.440793	0.000433	1.1
476	-0.401032	2.943554	1513.915652	0.000582	1.1
477	-0.364018	2.202067	1562.297065	0.000186	1.2
478	-0.374346	1.589081	1604.692135	0.000744	1.2
479	-0.368550	0.956852	1650.897929	0.000366	1.2
480	-0.351288	0.215366	1708.597479	0.000554	1.0
481	-0.375396	0.000000	1726.120067	0.000115	1.0
482	-0.382136	0.000000	1726.120067	0.000460	1.4
483	-0.380749	0.480500	1687.508303	0.000303	1.2
484	-0.398263	1.370141	1620.397533	0.000375	1.0
485	-0.382601	1.959515	1578.801705	0.000161	1.0
486	-0.376884	1.284168	1626.649058	0.000175	1.0
487	-0.396157	0.741389	1667.258792	0.000360	1.1
488	-0.374691	0.882945	1656.473651	0.000455	1.1
489	-0.390208	1.880208	1584.274149	0.000323	1.2
490	-0.373063	1.482069	1612.330290	0.000386	1.2
491	-0.378312	1.815702	1588.753280	0.000353	1.1
492	-0.393556	1.074232	1642.119240	0.000333	1.2
493	-0.367563	0.341455	1698.502836	0.000472	1.2
494	-0.356996	0.000000	1726.120067	0.000476	1.1
495	-0.352651	0.000000	1726.120067	0.000096	1.1
496	-0.377893	0.875161	1657.063054	0.000315	1.4
497	-0.362161	0.214596	1708.659556	0.000393	1.2
498	-0.394178	1.195078	1633.178407	0.000405	1.1
499	-0.388834	0.854771	1658.609043	0.000530	1.1
500	-0.403921	0.113571	1716.835170	0.000303	1.1
501	-0.400226	0.000000	1726.120067	0.000388	1.1
502	-0.364014	0.451525	1689.787653	0.000543	1.2
503	-0.367848	0.667714	1672.927826	0.000463	1.2
504	-0.370335	0.000000	1726.120067	0.000459	1.1
505	-0.375092	0.000000	1726.120067	0.000589	1.1
506	-0.415651	0.000000	1726.120067	0.000370	1.3
507	-0.345292	0.000000	1726.120067	0.000923	1.1
508	-0.345432	0.000000	1726.120067	0.000458	1.0
509	-0.345654	0.000000	1726.120067	0.000390	1.5
510	-0.389443	0.845961	1659.277962	0.000274	1.2
511	-0.380211	0.115932	1716.643256	0.000425	1.2
512	-0.381280	0.000000	1726.120067	0.000708	1.3
513	-0.385679	0.000000	1726.120067	0.000512	1.8
514	-0.358073	0.000000	1726.120067	0.000336	1.3
515	-0.428857	0.000000	1726.120067	0.000461	1.1
516	-0.394027	0.000000	1726.120067	0.000643	1.2
517	-0.382042	0.000000	1726.120067	0.000651	1.1
518	-0.388235	0.000000	1726.120067	0.000332	1.0
519	-0.358191	0.000000	1726.120067	0.000463	1.0
520	-0.369380	0.000000	1726.120067	0.000277	1.2
521	-0.389506	0.000000	1726.120067	0.000562	1.1
522	-0.380155	0.000000	1726.120067	0.000354	1.4
523	-0.413311	0.000000	1726.120067	0.000519	1.5
524	-0.368078	0.000000	1726.120067	0.001158	1.4
525	-0.378115	0.939187	1652.227190	0.000379	1.4
526	-0.353589	0.197700	1710.021432	0.000583	1.3
527	-0.379792	0.000000	1726.120067	0.000334	1.6
528	-0.384026	0.525460	1683.983579	0.000391	1.3
529	-0.378904	1.520755	1609.560691	0.000531	1.1
530	-0.366112	0.779271	1664.358811	0.000407	1.1
531	-0.374446	1.779271	1591.294190	0.000380	1.1
532	-0.363634	2.773002	1524.776781	0.000495	1.1
533	-0.384063	2.031515	1573.866126	0.000501	1.0
534	-0.385887	1.290028	1626.221414	0.000135	1.2
535	-0.369341	0.605183	1677.769735	0.000428	1.2
536	-0.400332	1.403967	1617.951043	0.000530	1.0
537	-0.386445	0.662480	1673.332019	0.000360	1.0
538	-0.370731	0.000000	1726.120067	0.000284	1.1
539	-0.375566	0.000000	1726.120067	0.000373	1.1
540	-0.411298	0.000000	1726.120067	0.000439	1.1
541	-0.425758	0.000000	1726.120067	0.000375	1.2
542	-0.366542	0.000000	1726.120067	0.000257	1.2
543	-0.378844	0.000000	1726.120067	0.000424	1.4
544	-0.365962	0.977601	1649.339332	0.000471	1.3
545	-0.377103	1.977424	1577.571139	0.000421	1.1
546	-0.397961	2.966558	1512.462580	0.000519	1.1
547	-0.408007	2.225071	1560.749682	0.000224	1.2
548	-0.361587	1.483681	1612.214753	0.000613	1.1
549	-0.409260	2.480436	1543.775487	0.000277	1.1
550	-0.393070	3.390113	1486.197359	0.000267	1.1
551	-0.402058	3.873313	1457.325832	0.000379	1.3
552	-0.357445	3.132016	1502.092553	0.001053	1.3
553	-0.380980	2.390529	1549.709337	0.000717	1.2
554	-0.397070	1.649042	1600.443905	0.000329	1.2
555	-0.389433	0.907555	1654.612813	0.000714	1.1
556	-0.417257	0.166068	1712.576999	0.000252	1.4
557	-0.352309	1.165973	1635.322792	0.000595	1.2
558	-0.398082	2.165943	1564.733226	0.000931	1.0
559	-0.387565	1.424456	1616.472691	0.000503	1.1
560	-0.385364	0.682969	1671.750798	0.000710	1.1
561	-0.394660	0.000000	1726.120067	0.000359	1.1
562	-0.378889	0.000000	1726.120067	0.000319	1.1
563	-0.393847	0.000000	1726.120067	0.000643	1.1
564	-0.397189	0.000000	1726.120067	0.000266	1.2
565	-0.394931	0.999994	1647.660540	0.000370	1.2
566	-0.403234	1.314042	1624.471347	0.000347	1.1
567	-0.401564	2.240940	1559.683968	0.000811	1.1
568	-0.399525	1.499453	1611.084570	0.000262	1.2
569	-0.377068	0.785689	1663.868471	0.000784	1.2
570	-0.395427	1.785641	1590.849316	0.000476	1.8
571	-0.382918	1.044154	1644.359835	0.000513	1.3
572	-0.361438	0.303451	1701.532857	0.000408	1.1
573	-0.377721	0.000000	1726.120067	0.000522	1.1
574	-0.370929	0.000000	1726.120067	0.000396	1.1
575	-0.381836	0.000000	1726.120067	0.000357	1.1
576	-0.400411	0.000000	1726.120067	0.000571	1.3
577	-0.406770	0.000000	1726.120067	0.000453	1.1
578	-0.415447	0.000000	1726.120067	0.000507	1.0
579	-0.423340	0.000000	1726.120067	0.000483	1.0
580	-0.399641	0.000000	1726.120067	0.000598	1.1
581	-0.401809	0.000000	1726.120067	0.000267	1.1
582	-0.386266	0.000000	1726.120067	0.000922	1.3
583	-0.367565	0.000000	1726.120067	0.000706	1.2
584	-0.380927	1.000000	1647.660065	0.000631	1.4
585	-0.405677	1.560893	1606.697125	0.000508	1.2
586	-0.377852	2.371172	1550.992897	0.000386	1.0
587	-0.398466	3.098033	1504.210783	0.000427	1.0
588	-0.387876	4.074595	1445.627388	0.000468	1.1
589	-0.392896	4.862607	1401.580333	0.000276	1.1
590	-0.382990	4.121960	1442.901806	0.000572	1.1
591	-0.383067	3.380495	1486.783642	0.000700	1.2
592	-0.409467	2.639008	1533.419726	0.000330	1.2
593	-0.380962	1.897521	1583.076228	0.000344	1.3
594	-0.394964	1.156340	1636.033799	0.000602	1.1
595	-0.395969	0.414853	1692.681279	0.000187	1.2
596	-0.406232	0.000000	1726.120067	0.000590	1.4
597	-0.393510	0.000000	1726.120067	0.000198	1.3
598	-0.406907	0.000000	1726.120067	0.000582	1.2
599	-0.402906	0.000000	1726.120067	0.000933	1.0
600	-0.429882	0.000000	1726.120067	0.000455	1.2
601	-0.438467	0.000000	1726.120067	0.000341	1.3
602	-0.379346	0.000000	1726.120067	0.000295	1.1
603	-0.413658	0.000000	1726.120067	0.000238	1.1
604	-0.404082	0.965545	1650.244542	0.000402	1.1
605	-0.385165	0.234222	1707.080257	0.000446	1.1
606	-0.390559	0.000000	1726.120067	0.000522	1.0
607	-0.396242	0.353721	1697.527158	0.000750	1.0
608	-0.397980	1.353551	1621.600142	0.000392	1.2
609	-0.387711	0.679331	1672.031351	0.000661	1.2
610	-0.381356	0.742367	1667.183789	0.000477	1.1
611	-0.365184	1.246331	1629.415723	0.000418	1.4
612	-0.401235	0.505713	1685.529826	0.000364	1.2
613	-0.390462	0.000000	1726.120067	0.000577	1.1
614	-0.382468	0.000000	1726.120067	0.000453	1.0
615	-0.419991	0.998147	1647.798878	0.000247	1.1
616	-0.392485	1.368828	1620.492669	0.000580	1.0
617	-0.429507	0.627915	1676.006298	0.000365	1.1
618	-0.396434	0.000000	1726.120067	0.000378	1.2
619	-0.381427	0.000000	1726.120067	0.000507	1.1
620	-0.374238	0.000000	1726.120067	0.000557	1.2
621	-0.376357	0.000000	1726.120067	0.001052	1.2
622	-0.440097	0.000000	1726.120067	0.000652	1.1
623	-0.370005	0.000000	1726.120067	0.000484	1.1
624	-0.409530	0.000000	1726.120067	0.000494	1.1
625	-0.386657	1.000000	1647.660066	0.000505	1.4
626	-0.369094	2.000000	1576.022672	0.000472	1.2
627	-0.395862	2.087956	1570.018674	0.000679	1.0
628	-0.407399	3.087921	1504.842251	0.000356	1.0
629	-0.379068	2.346440	1552.635906	0.000462	1.1
630	-0.370031	1.661999	1599.528847	0.000379	1.1
631	-0.368340	0.944702	1651.811942	0.000618	1.1
632	-0.385674	0.203516	1709.552369	0.000181	1.0
633	-0.377417	0.000000	1726.120067	0.000888	1.1
634	-0.419228	0.000000	1726.120067	0.000687	1.5
635	-0.413142	0.000000	1726.120067	0.000349	1.2
636	-0.412780	0.999950	1647.663834	0.000216	1.1
637	-0.413750	1.996302	1576.276122	0.000943	1.1
638	-0.411215	1.254818	1628.794367	0.000211	1.0
639	-0.395459	2.251880	1558.950141	0.000452	1.2
640	-0.396457	1.702510	1596.674624	0.000355	1.1
641	-0.428461	1.683859	1597.987436	0.000355	1.1
642	-0.411950	0.977238	1649.366541	0.000448	1.2
643	-0.410043	0.235753	1706.957226	0.000923	1.2
644	-0.410749	0.000000	1726.120067	0.000603	1.1
645	-0.377544	0.000000	1726.120067	0.000491	1.0
646	-0.407013	0.000000	1726.120067	0.000503	1.1
647	-0.396939	0.000000	1726.120067	0.000473	1.1
648	-0.407790	0.000000	1726.120067	0.000267	1.1
649	-0.430345	0.264709	1704.632872	0.000356	1.2
650	-0.413187	0.000000	1726.120067	0.000336	1.1
651	-0.426689	0.000000	1726.120067	0.000250	1.1
652	-0.407460	0.000000	1726.120067	0.000415	1.2
653	-0.397129	0.000000	1726.120067	0.000324	1.1
654	-0.414090	0.884227	1656.376593	0.000220	1.2
655	-0.421831	1.816962	1588.665544	0.000582	1.1
656	-0.428205	2.816926	1521.964709	0.000603	1.2
657	-0.421159	2.075440	1570.870219	0.000103	1.1
658	-0.423089	3.062558	1506.428418	0.000566	1.1
659	-0.378922	3.489644	1480.157112	0.000689	1.1
660	-0.396298	3.552415	1476.372965	0.000237	1.3
661	-0.415998	2.811154	1522.333679	0.000256	1.1
662	-0.399343	2.105893	1568.799821	0.000568	1.2
663	-0.374332	1.365078	1620.764328	0.000790	1.6
664	-0.418590	0.623606	1676.340247	0.000347	1.3
665	-0.417347	1.555275	1607.097305	0.000736	1.2
666	-0.397803	0.813968	1661.711526	0.000966	1.2
667	-0.387016	0.072481	1720.182930	0.000619	1.7
668	-0.387511	0.000000	1726.120067	0.000580	1.3
669	-0.395141	0.000000	1726.120067	0.000381	1.1
670	-0.408062	0.000000	1726.120067	0.000380	1.1
671	-0.397972	0.000000	1726.120067	0.000709	1.1
672	-0.397179	0.000000	1726.120067	0.000731	1.1
673	-0.447200	0.999083	1647.728760	0.000340	1.2
674	-0.411847	0.257614	1705.201767	0.000476	1.4
675	-0.397402	1.254972	1628.783071	0.000544	1.3
676	-0.429390	0.800375	1662.747634	0.000180	1.2
677	-0.437986	0.063147	1720.945181	0.000585	1.1
678	-0.390929	0.000000	1726.120067	0.000445	1.1
679	-0.397483	0.000000	1726.120067	0.000504	1.1
680	-0.411999	0.000000	1726.120067	0.001574	1.4
681	-0.407424	0.000000	1726.120067	0.000546	1.2
682	-0.408462	0.640465	1675.034311	0.000693	1.2
683	-0.409191	0.000000	1726.120067	0.000836	1.3
684	-0.431605	0.000000	1726.120067	0.000225	1.4
685	-0.409554	0.999707	1647.682026	0.000303	1.2
686	-0.402824	1.839209	1587.118047	0.000432	1.2
687	-0.428319	1.097937	1640.357749	0.000631	1.5
688	-0.428230	2.097936	1569.340275	0.000607	1.1
689	-0.413146	1.922179	1581.373304	0.000529	1.1
690	-0.436186	1.181039	1634.212044	0.000170	1.2
691	-0.409660	0.475970	1687.864253	0.000549	1.2
692	-0.405775	0.000000	1726.120067	0.000448	1.1
693	-0.394498	0.000000	1726.120067	0.000409	1.2
694	-0.395614	0.000000	1726.120067	0.000586	1.1
695	-0.410673	0.000000	1726.120067	0.000344	1.1
696	-0.390196	0.000000	1726.120067	0.000328	1.0
697	-0.410691	0.995624	1647.987851	0.000629	1.1
698	-0.398482	0.254141	1705.480399	0.000741	1.1
699	-0.391355	0.000000	1726.120067	0.000567	1.3
700	-0.397612	0.000000	1726.120067	0.000576	1.4
701	-0.416691	0.000000	1726.120067	0.000543	2.0
702	-0.387338	0.000000	1726.120067	0.000509	1.5
703	-0.403334	0.000000	1726.120067	0.000435	1.8
704	-0.399738	0.000000	1726.120067	0.000470	2.2
705	-0.414123	0.000000	1726.120067	0.000971	1.3
706	-0.433614	0.000000	1726.120067	0.000541	1.7
707	-0.437405	0.000000	1726.120067	0.000680	2.0
708	-0.416323	0.000000	1726.120067	0.000405	1.2
709	-0.387339	0.000000	1726.120067	0.000293	1.3
710	-0.416439	0.000000	1726.120067	0.000435	1.1
711	-0.406274	0.000000	1726.120067	0.000227	1.1
712	-0.416590	0.000000	1726.120067	0.000693	1.2
713	-0.396186	0.000000	1726.120067	0.000552	1.2
714	-0.416662	0.000000	1726.120067	0.000287	1.2
715	-0.387874	0.000000	1726.120067	0.000740	1.1
716	-0.428180	0.000000	1726.120067	0.000566	1.1
717	-0.405814	0.917820	1653.837910	0.000627	1.3
718	-0.413637	0.176333	1711.746867	0.000139	1.2
719	-0.426370	1.121662	1638.598495	0.000570	1.2
720	-0.392069	0.389280	1694.705090	0.000816	1.1
721	-0.406909	0.000000	1726.120067	0.000653	1.0
722	-0.421783	0.000000	1726.120067	0.000499	1.4
723	-0.376730	0.000000	1726.120067	0.000573	1.3
724	-0.429231	0.000000	1726.120067	0.000349	1.1
725	-0.395819	0.000000	1726.120067	0.000825	1.0
726	-0.436942	0.000000	1726.120067	0.001042	1.1
727	-0.446383	0.000000	1726.120067	0.000400	1.1
728	-0.424433	0.000000	1726.120067	0.000414	1.6
729	-0.426029	0.000000	1726.120067	0.000547	1.2
730	-0.410818	0.000000	1726.120067	0.000561	1.2
731	-0.421088	0.000000	1726.120067	0.000744	1.1
732	-0.416034	1.000000	1647.660065	0.000484	1.0
733	-0.402236	1.998659	1576.114547	0.000555	1.0
734	-0.398269	1.257172	1628.622046	0.000304	1.1
735	-0.426536	0.519016	1684.487868	0.000256	1.1
736	-0.415230	0.000000	1726.120067	0.000313	1.2
737	-0.431916	0.000000	1726.120067	0.000444	1.2
738	-0.437480	0.906216	1654.713954	0.000333	1.0
739	-0.448635	1.896590	1583.140630	0.000354	1.0
740	-0.423007	1.155180	1636.119472	0.000355	1.1
741	-0.411396	0.422560	1692.072316	0.000532	1.1
742	-0.422191	0.000000	1726.120067	0.000461	1.1
743	-0.421622	0.000000	1726.120067	0.000884	1.1
744	-0.434409	1.000000	1647.660064	0.000770	1.1
745	-0.389558	2.000000	1576.022670	0.000459	1.4
746	-0.419315	1.258513	1628.523947	0.000877	1.3
747	-0.435749	0.517026	1684.643662	0.000523	1.0
748	-0.407792	0.000000	1726.120067	0.000808	1.0
749	-0.433998	0.000000	1726.120067	0.001126	1.1
750	-0.409702	0.000000	1726.120067	0.000422	1.1
751	-0.450557	0.000000	1726.120067	0.000438	1.2
752	-0.451825	0.000000	1726.120067	0.000505	1.1
753	-0.425459	0.000000	1726.120067	0.000594	1.2
754	-0.419327	0.000000	1726.120067	0.000643	1.2
755	-0.396520	0.000000	1726.120067	0.000703	1.0
756	-0.382090	0.000000	1726.120067	0.000399	1.0
757	-0.424854	0.000000	1726.120067	0.000376	1.0
758	-0.434677	0.999778	1647.676673	0.000377	1.2
759	-0.421121	0.312925	1700.776482	0.000891	1.3
760	-0.431154	1.312892	1624.555024	0.000399	1.1
761	-0.408444	0.571405	1680.396840	0.000478	1.1
762	-0.459511	1.571389	1605.950000	0.000223	1.4
763	-0.430695	0.830629	1660.443306	0.000512	1.1
764	-0.427021	1.502803	1610.844708	0.000913	1.1
765	-0.435141	0.761316	1665.732033	0.000419	1.1
766	-0.436262	0.019859	1724.489286	0.000546	1.1
767	-0.400025	0.000000	1726.120067	0.000467	1.1
768	-0.414639	0.000000	1726.120067	0.000179	1.1
769	-0.420486	0.000000	1726.120067	0.000604	1.1
770	-0.411388	0.000000	1726.120067	0.000650	1.1
771	-0.443317	0.000000	1726.120067	0.000850	1.2
772	-0.426273	0.189254	1710.703036	0.000333	1.1
773	-0.433784	1.031078	1645.335796	0.000289	1.2
774	-0.423372	0.298398	1701.936496	0.000674	1.1
775	-0.432583	0.000000	1726.120067	0.000418	1.1
776	-0.447286	0.000000	1726.120067	0.000248	1.0
777	-0.430588	0.999578	1647.691691	0.000325	1.1
778	-0.448469	1.995673	1576.319240	0.000416	1.1
779	-0.419258	1.325821	1623.614232	0.000701	1.2
780	-0.458103	0.584334	1679.390280	0.000472	1.2
781	-0.422804	0.000000	1726.120067	0.000696	1.1
782	-0.417357	0.000000	1726.120067	0.000527	1.1
783	-0.432133	0.000000	1726.120067	0.000690	1.1
784	-0.400918	0.000000	1726.120067	0.000370	1.1
785	-0.413641	0.999773	1647.677078	0.000324	1.1
786	-0.439827	1.999491	1576.057565	0.000587	1.0
787	-0.425173	2.999452	1510.389518	0.000683	1.1
788	-0.414676	2.257965	1558.542235	0.000840	1.2
789	-0.398757	1.516478	1609.866373	0.000272	1.1
790	-0.432754	0.778464	1664.420468	0.000359	1.0
791	-0.402928	0.038450	1722.965419	0.000641	1.1
792	-0.425834	0.000000	1726.120067	0.000542	1.1
793	-0.446120	0.000000	1726.120067	0.000594	1.1
794	-0.436621	0.000000	1726.120067	0.000772	1.1
795	-0.424981	0.000000	1726.120067	0.000822	1.0
796	-0.406299	0.000000	1726.120067	0.000603	1.1
797	-0.461188	0.000000	1726.120067	0.000433	1.4
798	-0.438560	0.779728	1664.323875	0.000258	1.3
799	-0.430942	0.808602	1662.120362	0.000613	1.1
800	-0.429416	0.067273	1720.608166	0.000573	1.0
801	-0.421112	0.000000	1726.120067	0.000400	1.1
802	-0.422433	0.000000	1726.120067	0.000426	1.2
803	-0.454259	0.000000	1726.120067	0.000200	1.1
804	-0.431218	0.549359	1682.115954	0.000510	1.1
805	-0.414973	0.344353	1698.272244	0.001006	1.3
806	-0.429797	0.000000	1726.120067	0.000417	1.1
807	-0.425950	0.000000	1726.120067	0.000455	1.0
808	-0.453799	0.999950	1647.663791	0.000430	1.0
809	-0.405616	1.995544	1576.328093	0.000579	1.1
810	-0.416850	1.254057	1628.850060	0.001093	1.1
811	-0.431448	0.512570	1684.992640	0.000705	1.1
812	-0.421878	0.000000	1726.120067	0.001113	1.1
813	-0.413383	0.000000	1726.120067	0.000523	1.3
814	-0.395704	0.000000	1726.120067	0.000391	1.2
815	-0.457613	0.000000	1726.120067	0.000424	1.1
816	-0.425675	0.000000	1726.120067	0.000479	1.2
817	-0.431310	0.000000	1726.120067	0.000856	1.1
818	-0.422388	0.000000	1726.120067	0.000364	1.1
819	-0.432996	0.000000	1726.120067	0.000458	1.1
820	-0.451161	0.999998	1647.660214	0.001111	1.1
821	-0.426644	0.265458	1704.572846	0.000947	1.0
822	-0.434860	0.000000	1726.120067	0.000182	1.0
823	-0.439239	0.000000	1726.120067	0.000408	1.1
824	-0.423236	0.000000	1726.120067	0.000958	1.0
825	-0.426747	0.000000	1726.120067	0.000541	1.1
826	-0.454513	0.000000	1726.120067	0.000565	1.5
827	-0.455467	0.000000	1726.120067	0.000441	1.1
828	-0.486079	0.000000	1726.120067	0.000614	1.0
829	-0.404462	0.840066	1659.725842	0.000615	1.0
830	-0.447452	0.098579	1718.055134	0.000450	1.2
831	-0.445419	0.000000	1726.120067	0.000982	1.2
832	-0.453953	0.000000	1726.120067	0.001124	1.0
833	-0.428152	0.000000	1726.120067	0.000961	1.0
834	-0.452625	0.000000	1726.120067	0.000376	1.0
835	-0.441598	0.000000	1726.120067	0.000496	1.0
836	-0.445478	0.621291	1676.519774	0.000651	1.0
837	-0.437051	0.000000	1726.120067	0.000422	1.1
838	-0.466119	0.000000	1726.120067	0.000226	1.0
839	-0.425345	0.995074	1648.029094	0.000606	1.1
840	-0.412174	1.995056	1576.361513	0.000663	1.4
841	-0.443560	1.253569	1628.885744	0.000406	1.4
842	-0.439376	0.520288	1684.388326	0.000733	1.3
843	-0.438623	0.000000	1726.120067	0.000499	1.4
844	-0.442020	0.000000	1726.120067	0.000650	1.4
845	-0.448912	0.000000	1726.120067	0.000438	1.5
846	-0.436000	0.000000	1726.120067	0.000596	1.2
847	-0.477405	0.000000	1726.120067	0.000364	1.5
848	-0.453083	0.000000	1726.120067	0.000480	1.3
849	-0.403341	0.000000	1726.120067	0.000329	1.1
850	-0.441050	0.000000	1726.120067	0.000583	1.2
851	-0.433675	1.000000	1647.660084	0.000494	1.4
852	-0.445504	1.998954	1576.094322	0.000647	1.0
853	-0.425652	1.257467	1628.600452	0.000795	1.1
854	-0.463830	0.515980	1684.725530	0.001096	1.1
855	-0.444370	1.126113	1638.268814	0.000502	1.3
856	-0.468386	0.384626	1695.073878	0.000510	1.1
857	-0.459069	0.000000	1726.120067	0.000453	1.2
858	-0.492752	0.948041	1651.560705	0.000742	1.2
859	-0.456485	0.206554	1709.307483	0.000440	1.1
860	-0.450726	0.000000	1726.120067	0.000462	1.0
861	-0.446064	0.000000	1726.120067	0.000314	1.0
862	-0.430224	0.000000	1726.120067	0.001025	1.0
863	-0.433010	0.000000	1726.120067	0.000815	1.5
864	-0.439479	0.000000	1726.120067	0.000634	1.3
865	-0.455092	0.000000	1726.120067	0.000622	1.0
866	-0.487161	0.103140	1717.683806	0.000476	1.0
867	-0.436012	0.000000	1726.120067	0.000694	1.1
868	-0.470655	0.000000	1726.120067	0.000752	1.1
869	-0.445416	0.000000	1726.120067	0.000929	1.1
870	-0.450867	0.000000	1726.120067	0.000423	1.1
871	-0.436803	0.000000	1726.120067	0.000420	1.3
872	-0.460106	0.000000	1726.120067	0.000527	1.1
873	-0.471174	0.000000	1726.120067	0.000974	1.0
874	-0.444271	0.000000	1726.120067	0.000727	0.9
875	-0.475052	0.000000	1726.120067	0.000662	1.0
876	-0.463864	0.000000	1726.120067	0.000948	1.0
877	-0.464467	0.000000	1726.120067	0.000276	1.0
878	-0.472029	0.000000	1726.120067	0.000452	1.2
879	-0.447440	0.000000	1726.120067	0.000348	1.3
880	-0.450321	0.000000	1726.120067	0.000707	1.2
881	-0.462345	0.000000	1726.120067	0.000485	1.1
882	-0.475186	0.000000	1726.120067	0.000750	1.0
883	-0.455839	0.000000	1726.120067	0.000549	1.0
884	-0.468091	0.000000	1726.120067	0.000462	1.0
885	-0.458195	0.000000	1726.120067	0.000735	1.0
886	-0.462929	0.000000	1726.120067	0.000747	1.2
887	-0.495103	0.000000	1726.120067	0.001010	1.1
888	-0.481809	0.000000	1726.120067	0.000972	1.0
889	-0.497372	0.000000	1726.120067	0.000768	1.1
890	-0.485874	0.000000	1726.120067	0.000799	1.3
891	-0.459121	0.000000	1726.120067	0.000500	1.1
892	-0.447938	0.000000	1726.120067	0.000939	1.1
893	-0.463918	0.000000	1726.120067	0.000366	1.2
894	-0.463322	0.977580	1649.340913	0.000535	1.2
895	-0.477934	0.236093	1706.929886	0.001214	1.1
896	-0.485020	0.000000	1726.120067	0.000574	1.0
897	-0.452205	0.000000	1726.120067	0.000666	1.0
898	-0.472763	0.000000	1726.120067	0.000532	1.2
899	-0.453221	0.789709	1663.561495	0.000825	1.1
900	-0.469305	0.048222	1722.165458	0.000267	1.3
901	-0.465143	0.000000	1726.120067	0.000692	1.2
902	-0.457840	0.000000	1726.120067	0.000460	1.1
903	-0.465205	0.999997	1647.660270	0.000453	1.1
904	-0.475101	1.999945	1576.026405	0.000579	1.1
905	-0.474800	1.258459	1628.527926	0.000670	1.3
906	-0.476614	0.516972	1684.647920	0.000575	1.5
907	-0.493933	1.512478	1610.152452	0.000320	1.3
908	-0.476466	0.865105	1657.825150	0.000683	1.2
909	-0.419709	0.123618	1716.018581	0.000773	1.1
910	-0.489847	0.000000	1726.120067	0.000469	1.1
911	-0.472632	0.000000	1726.120067	0.000536	1.1
912	-0.467432	0.000000	1726.120067	0.000619	1.1
913	-0.464394	0.912150	1654.265820	0.000483	1.2
914	-0.476945	1.815450	1588.770832	0.000573	1.2
915	-0.466445	2.794477	1523.400643	0.000373	1.1
916	-0.468774	2.053075	1572.394170	0.000792	1.1
917	-0.476830	1.311588	1624.649968	0.001088	1.2
918	-0.453257	0.570101	1680.498424	0.000715	1.2
919	-0.495918	1.302197	1625.334139	0.000339	1.1
920	-0.492734	2.302194	1555.584034	0.000502	1.0
921	-0.461185	1.561814	1606.631519	0.000316	1.1
922	-0.466889	0.820359	1661.224823	0.000406	1.2
923	-0.458502	0.079537	1719.607093	0.000547	1.4
924	-0.449643	0.000000	1726.120067	0.000941	1.4
925	-0.469749	0.000000	1726.120067	0.000692	1.0
926	-0.485874	0.942635	1651.967581	0.000852	1.1
927	-0.449451	1.942635	1579.963315	0.000611	1.2
928	-0.492352	1.201148	1632.731861	0.000733	1.1
929	-0.477691	0.459661	1689.146987	0.000462	1.0
930	-0.460339	0.000000	1726.120067	0.000547	1.0
931	-0.488539	0.000000	1726.120067	0.000252	1.2
932	-0.518211	0.000000	1726.120067	0.000448	1.3
933	-0.491939	0.501317	1685.874468	0.000480	1.0
934	-0.461469	0.000000	1726.120067	0.000801	1.0
935	-0.503122	0.000000	1726.120067	0.001088	1.1
936	-0.489895	0.000000	1726.120067	0.000725	1.1
937	-0.475548	0.000000	1726.120067	0.000518	1.1
938	-0.462134	0.000000	1726.120067	0.000684	1.1
939	-0.508161	0.000000	1726.120067	0.001098	1.1
940	-0.458900	0.000000	1726.120067	0.000531	1.1
941	-0.469092	0.000000	1726.120067	0.000414	1.2
942	-0.481525	0.000000	1726.120067	0.000576	1.6
943	-0.469923	0.000000	1726.120067	0.000743	1.0
944	-0.474988	0.000000	1726.120067	0.000625	1.0
945	-0.469656	0.000000	1726.120067	0.000398	1.0
946	-0.483902	0.000000	1726.120067	0.000440	1.1
947	-0.480123	0.000000	1726.120067	0.000386	1.1
948	-0.481846	0.992228	1648.242339	0.000702	1.2
949	-0.490195	1.363527	1620.876794	0.000823	1.1
950	-0.461099	0.622040	1676.461703	0.000595	1.0
951	-0.497878	0.000000	1726.120067	0.000928	1.1
952	-0.517525	0.000000	1726.120067	0.000402	1.1
953	-0.472014	0.000000	1726.120067	0.000620	1.1
954	-0.483788	0.000000	1726.120067	0.001114	1.1
955	-0.513205	1.000000	1647.660065	0.000510	1.1
956	-0.462740	0.258513	1705.129679	0.000300	1.3
957	-0.483539	0.000000	1726.120067	0.000851	1.3
958	-0.516286	0.000000	1726.120067	0.000791	1.0
959	-0.464339	0.000000	1726.120067	0.000629	1.0
960	-0.487506	0.000000	1726.120067	0.000981	1.0
961	-0.477608	0.999769	1647.677358	0.000713	1.0
962	-0.477371	0.258282	1705.148200	0.000849	1.1
963	-0.502564	0.000000	1726.120067	0.000545	1.1
964	-0.515865	0.000000	1726.120067	0.000986	1.0
965	-0.491188	0.000000	1726.120067	0.000318	1.2
966	-0.533626	0.000000	1726.120067	0.000836	1.1
967	-0.484388	0.000000	1726.120067	0.000906	1.1
968	-0.496550	0.000000	1726.120067	0.001250	1.1
969	-0.488941	0.000000	1726.120067	0.000838	1.1
970	-0.484060	0.000000	1726.120067	0.000800	1.2
971	-0.513477	0.000000	1726.120067	0.000720	1.3
972	-0.489097	0.000000	1726.120067	0.000674	1.0
973	-0.520597	0.000000	1726.120067	0.000865	1.0
974	-0.506111	0.000000	1726.120067	0.000725	1.6
975	-0.507868	0.000000	1726.120067	0.000501	1.1
976	-0.488894	0.000000	1726.120067	0.000753	1.0
977	-0.517304	0.000000	1726.120067	0.000439	1.0
978	-0.514980	0.000000	1726.120067	0.000181	1.0
979	-0.483346	0.000000	1726.120067	0.000489	1.1
980	-0.495086	0.000000	1726.120067	0.000427	1.0
981	-0.517126	0.000000	1726.120067	0.000595	1.0
982	-0.514042	0.000000	1726.120067	0.000651	1.0
983	-0.512597	0.000000	1726.120067	0.000477	1.3
984	-0.505201	0.000000	1726.120067	0.000656	1.2
985	-0.504223	0.000000	1726.120067	0.000879	1.3
986	-0.495279	0.000000	1726.120067	0.000763	1.0
987	-0.496001	0.000000	1726.120067	0.000852	1.0
988	-0.491223	0.000000	1726.120067	0.000468	1.0
989	-0.525658	0.000000	1726.120067	0.000234	1.0
990	-0.508295	0.000000	1726.120067	0.000248	1.0
991	-0.514630	0.000000	1726.120067	0.000825	1.6
992	-0.522172	0.000000	1726.120067	0.001011	1.0
993	-0.485747	0.000000	1726.120067	0.000726	1.0
994	-0.499721	0.000000	1726.120067	0.000650	1.0
995	-0.487804	0.000000	1726.120067	0.000813	1.1
996	-0.493692	0.000000	1726.120067	0.000585	1.1
997	-0.519845	0.000000	1726.120067	0.000789	1.1
998	-0.502867	0.999999	1647.660165	0.000964	1.2
999	-0.516345	1.999999	1576.022763	0.001046	1.4
1000	-0.513309	1.258512	1628.524046	0.000330	1.2
1001	-0.526890	0.517025	1684.643767	0.000613	1.0
1002	-0.482199	0.000000	1726.120067	0.000730	1.0
1003	-0.479276	0.000000	1726.120067	0.000691	1.0
1004	-0.493806	0.000000	1726.120067	0.000728	1.0
1005	-0.482784	0.000000	1726.120067	0.000880	1.0
1006	-0.511340	0.000000	1726.120067	0.000716	1.1
1007	-0.502889	0.000000	1726.120067	0.000664	1.1
1008	-0.486766	0.000000	1726.120067	0.000812	1.2
1009	-0.522238	0.000000	1726.120067	0.000297	1.1
1010	-0.514618	0.000000	1726.120067	0.000605	1.0
1011	-0.526059	0.000000	1726.120067	0.000517	1.1
1012	-0.514532	0.000000	1726.120067	0.000689	1.2
1013	-0.536474	0.000000	1726.120067	0.001649	1.9
1014	-0.518212	0.000000	1726.120067	0.000703	1.1
1015	-0.487146	0.000000	1726.120067	0.000768	1.0
1016	-0.523648	0.000000	1726.120067	0.001082	1.1
1017	-0.515150	0.000000	1726.120067	0.000831	1.3
1018	-0.527552	0.000000	1726.120067	0.000890	1.0
1019	-0.526613	0.000000	1726.120067	0.000678	1.1
1020	-0.546694	1.000000	1647.660064	0.000739	1.1
1021	-0.502588	2.000000	1576.022682	0.000682	1.1
1022	-0.523327	1.259205	1628.473302	0.000284	1.1
1023	-0.498005	0.517730	1684.588509	0.000677	1.1
1024	-0.566847	0.000000	1726.120067	0.000600	1.1
1025	-0.543231	0.000000	1726.120067	0.000837	1.4
1026	-0.504367	0.000000	1726.120067	0.000436	1.0
1027	-0.540827	0.000000	1726.120067	0.000709	1.1
1028	-0.500039	0.000000	1726.120067	0.000886	1.2
1029	-0.532532	0.000000	1726.120067	0.000683	1.0
1030	-0.510463	0.000000	1726.120067	0.000940	1.0
1031	-0.479361	0.000000	1726.120067	0.000829	1.0
1032	-0.517461	0.000000	1726.120067	0.001050	1.1
1033	-0.570963	0.000000	1726.120067	0.001037	1.1
1034	-0.498410	0.000000	1726.120067	0.000954	1.3
1035	-0.541094	0.000000	1726.120067	0.000943	1.0
1036	-0.537973	0.000000	1726.120067	0.000878	1.0
1037	-0.567223	0.000000	1726.120067	0.000801	1.1
1038	-0.541724	0.000000	1726.120067	0.000606	1.1
1039	-0.523134	0.000000	1726.120067	0.000470	1.2
1040	-0.527648	0.000000	1726.120067	0.001037	1.2
1041	-0.533486	0.000000	1726.120067	0.000632	1.4
1042	-0.559298	0.000000	1726.120067	0.000850	1.4
1043	-0.564358	0.000000	1726.120067	0.000933	1.1
1044	-0.558700	0.000000	1726.120067	0.000850	1.1
1045	-0.521545	0.000000	1726.120067	0.000693	1.2
1046	-0.557412	0.996085	1647.953311	0.000553	1.0
1047	-0.542489	1.994754	1576.382224	0.001312	1.0
1048	-0.540709	1.253268	1628.907807	0.001202	1.0
1049	-0.558618	0.511781	1685.054437	0.000699	1.1
1050	-0.578978	0.000000	1726.120067	0.000624	1.1
1051	-0.560647	0.000000	1726.120067	0.001089	1.2
1052	-0.529124	0.000000	1726.120067	0.001061	1.0
1053	-0.578010	0.000000	1726.120067	0.000794	1.0
1054	-0.570038	0.000000	1726.120067	0.000960	1.0
1055	-0.563545	0.000000	1726.120067	0.000808	1.0
1056	-0.536344	0.000000	1726.120067	0.000769	1.3
1057	-0.513519	0.000000	1726.120067	0.001131	1.1
1058	-0.546009	0.000000	1726.120067	0.000910	1.0
1059	-0.555039	0.000000	1726.120067	0.000982	1.1
1060	-0.534019	0.000000	1726.120067	0.000891	1.1
1061	-0.582802	0.000000	1726.120067	0.000898	1.2
1062	-0.591037	0.000000	1726.120067	0.000707	1.1
1063	-0.550878	0.000000	1726.120067	0.000531	1.1
1064	-0.542827	0.000000	1726.120067	0.000722	1.1
1065	-0.560659	0.000000	1726.120067	0.000835	1.2
1066	-0.543322	0.000000	1726.120067	0.000659	1.3
1067	-0.586872	0.000000	1726.120067	0.000892	1.2
1068	-0.551825	0.999598	1647.690183	0.000286	1.1
1069	-0.580218	0.377947	1695.603488	0.001456	1.0
1070	-0.553059	0.000000	1726.120067	0.000315	1.1
1071	-0.560639	0.000000	1726.120067	0.001108	1.1
1072	-0.586880	0.000000	1726.120067	0.000682	1.1
1073	-0.576526	0.000000	1726.120067	0.000584	1.1
1074	-0.546148	0.000000	1726.120067	0.000397	1.1
1075	-0.579040	0.299199	1701.872520	0.001051	1.1
1076	-0.562798	1.299199	1625.552625	0.001002	1.1
1077	-0.562111	0.557712	1681.464225	0.000497	1.1
1078	-0.561750	0.000000	1726.120067	0.000418	1.0
1079	-0.571794	0.000000	1726.120067	0.001042	1.2
1080	-0.537307	1.000000	1647.660065	0.000444	1.1
1081	-0.601579	0.393143	1694.399057	0.000888	1.1
1082	-0.571871	0.000000	1726.120067	0.000874	1.0
1083	-0.589689	0.999994	1647.660503	0.000588	1.0
1084	-0.530050	1.999927	1576.027664	0.000450	1.0
1085	-0.600713	1.332895	1623.099974	0.000386	1.4
1086	-0.605928	2.332751	1553.546819	0.000609	1.0
1087	-0.564748	3.332624	1489.708710	0.000650	1.0
1088	-0.591033	4.332623	1430.902803	0.000310	1.0
1089	-0.603845	3.592888	1473.943278	0.000491	1.0
1090	-0.563860	3.156217	1500.587640	0.000850	1.1
1091	-0.572823	2.414730	1548.107566	0.000412	1.1
1092	-0.554490	1.673243	1598.735597	0.000803	1.1
1093	-0.588709	2.673242	1531.202249	0.000530	1.3
1094	-0.565141	1.931755	1580.712921	0.000394	1.2
1095	-0.576842	1.190386	1633.523705	0.000283	1.0
1096	-0.574048	0.449301	1689.962856	0.000826	1.0
1097	-0.536474	0.000000	1726.120067	0.000421	1.0
1098	-0.602661	0.000000	1726.120067	0.000387	1.0
1099	-0.541667	0.000000	1726.120067	0.000503	1.1
1100	-0.606110	0.000000	1726.120067	0.000147	1.1
1101	-0.581421	0.000000	1726.120067	0.000209	1.0
1102	-0.560846	0.695681	1670.771279	0.000676	1.0
1103	-0.582681	1.695673	1597.155621	0.000431	1.1
1104	-0.572604	2.695069	1529.791762	0.000333	1.1
1105	-0.583648	3.693128	1467.959904	0.000692	1.0
1106	-0.600540	2.951646	1513.404202	0.000324	1.0
1107	-0.569091	2.228208	1560.538855	0.000573	1.1
1108	-0.578337	1.486721	1611.996740	0.000517	1.1
1109	-0.602842	2.486721	1543.362352	0.000752	1.1
1110	-0.585265	3.486721	1480.333810	0.000915	1.1
1111	-0.576593	4.484639	1422.367457	0.000304	1.2
1112	-0.592502	3.743152	1464.992058	0.000437	1.1
1113	-0.602340	3.012529	1509.566973	0.000197	1.0
1114	-0.584771	4.007316	1449.516673	0.000475	1.1
1115	-0.563472	5.002393	1394.045587	0.000513	1.1
1116	-0.580703	6.002393	1342.418845	0.000521	1.0
1117	-0.564045	7.002393	1294.479413	0.000383	1.0
1118	-0.609918	6.263898	1329.542860	0.000161	1.0
1119	-0.544038	7.235290	1283.801977	0.000640	1.0
1120	-0.587447	6.499516	1318.151264	0.000655	1.0
1121	-0.545125	7.499516	1271.899557	0.000068	1.2
1122	-0.542713	8.202906	1241.264200	0.000190	1.1
1123	-0.574477	8.056058	1247.537487	0.000454	1.0
1124	-0.555970	8.809301	1216.013812	0.000564	1.0
1125	-0.563374	8.112280	1245.128237	0.000566	1.0
1126	-0.626046	7.374124	1277.520354	0.000540	1.0
1127	-0.601423	6.632812	1311.792734	0.000664	1.0
1128	-0.596435	7.632812	1265.978416	0.000478	1.1
1129	-0.579295	8.607470	1224.303231	0.000595	1.0
1130	-0.576739	7.870040	1255.575746	0.000435	1.3
1131	-0.582695	7.128553	1288.673542	0.000460	1.2
1132	-0.584280	7.701401	1262.953029	0.000549	1.0
1133	-0.586790	6.959920	1296.445808	0.000512	1.0
1134	-0.587820	6.218433	1331.763702	0.000538	1.0
1135	-0.563100	5.476946	1369.059751	0.000850	1.1
1136	-0.571774	4.735826	1408.484889	0.000540	1.1
1137	-0.582428	5.733913	1355.900335	0.000638	1.0
1138	-0.573244	4.992426	1394.580160	0.000478	1.0
1139	-0.560611	5.992426	1342.914550	0.000473	1.1
1140	-0.574490	5.250953	1380.845919	0.000575	1.1
1141	-0.567388	6.241309	1330.645363	0.000486	1.0
1142	-0.569921	5.500315	1367.852491	0.000421	1.0
1143	-0.583826	6.500314	1318.112982	0.000538	1.0
1144	-0.554890	7.494789	1272.110523	0.000471	1.0
1145	-0.598006	8.494789	1228.980518	0.000902	1.2
1146	-0.555526	9.494789	1188.679189	0.000631	1.1
1147	-0.573347	8.753302	1218.302462	0.000554	1.1
1148	-0.559733	9.657099	1182.385879	0.000497	1.2
1149	-0.569872	8.915612	1211.692442	0.000358	1.2
1150	-0.566312	8.452253	1230.755456	0.000390	1.1
1151	-0.597563	9.208937	1199.927090	0.000303	1.0
1152	-0.583348	10.207436	1161.534743	0.000719	1.0
1153	-0.560888	9.486234	1189.012761	0.000748	1.1
1154	-0.593848	10.486234	1151.249821	0.000520	1.1
1155	-0.554570	9.744747	1179.015111	0.000309	1.1
1156	-0.604273	10.581688	1147.770220	0.000528	1.1
1157	-0.562906	9.908672	1172.762190	0.000387	1.2
1158	-0.557773	9.167185	1201.587811	0.000519	1.0
1159	-0.574375	9.324837	1195.341028	0.000628	1.2
1160	-0.573452	9.096919	1204.393083	0.000608	1.3
1161	-0.567056	9.998461	1169.365203	0.000767	1.1
1162	-0.605800	10.998461	1132.820782	0.000473	1.1
1163	-0.563204	11.998461	1098.491287	0.000475	1.2
1164	-0.599113	11.256974	1123.742168	0.000309	1.2
1165	-0.572200	11.581170	1112.560444	0.000445	1.1
1166	-0.540530	10.839716	1138.468736	0.000674	1.1
1167	-0.597029	10.104928	1165.362671	0.000801	1.0
1168	-0.583186	10.049279	1167.451311	0.000464	1.0
1169	-0.589435	11.049279	1131.024554	0.000369	1.0
1170	-0.583926	10.307870	1157.808620	0.000296	1.1
1171	-0.547495	11.134765	1128.015764	0.000296	1.1
1172	-0.558812	10.401167	1154.368621	0.000475	1.1
1173	-0.620757	11.319976	1121.551635	0.000774	1.2
1174	-0.556107	12.319976	1087.891597	0.000365	1.2
1175	-0.582582	13.319976	1056.193102	0.000651	1.0
1176	-0.603290	14.265480	1027.875472	0.000958	1.0
1177	-0.582511	15.265480	999.532389	0.000479	1.4
1178	-0.591003	14.523993	1020.395480	0.000115	1.0
1179	-0.575378	14.215991	1029.319923	0.000335	1.0
1180	-0.595757	13.545519	1049.297351	0.000603	1.0
1181	-0.574428	12.804033	1072.313509	0.000733	1.0
1182	-0.567367	13.804033	1041.503475	0.000697	1.1
1183	-0.572986	13.062546	1064.175336	0.000360	1.2
1184	-0.579469	14.062519	1033.825368	0.001430	1.0
1185	-0.576868	15.062519	1005.157782	0.000277	1.0
1186	-0.602283	16.062519	978.037181	0.000720	1.1
1187	-0.567685	17.062424	952.344005	0.000585	1.1
1188	-0.569864	18.062422	927.964001	0.000509	1.2
1189	-0.578884	17.459706	942.506451	0.000457	1.2
1190	-0.613145	16.719848	960.993302	0.000292	1.1
1191	-0.564626	15.978397	980.262102	0.000380	1.3
1192	-0.589506	15.434752	994.888657	0.000553	1.2
1193	-0.593515	16.411624	968.910666	0.000679	1.0
1194	-0.595114	17.411624	943.686253	0.000546	1.0
1195	-0.558828	18.411624	919.741890	0.000178	1.0
1196	-0.568835	17.670713	937.363659	0.000163	1.0
1197	-0.559644	17.326714	945.776909	0.000374	1.0
1198	-0.553989	16.590582	964.297951	0.000369	1.1
1199	-0.552884	17.590541	939.311037	0.000651	1.1
1200	-0.589855	16.952538	955.101371	0.000416	1.3
1201	-0.587813	17.952538	930.581753	0.000287	1.1
1202	-0.596310	17.211114	948.638173	0.000532	1.0
1203	-0.586226	18.157212	925.717625	0.000311	1.3
1204	-0.578103	18.510773	917.433871	0.000594	1.0
1205	-0.565775	17.769286	934.980363	0.000370	1.0
1206	-0.558560	17.027807	953.210942	0.000890	1.0
1207	-0.583941	18.027807	928.787051	0.000956	1.0
1208	-0.593129	17.286320	946.774770	0.000649	1.0
1209	-0.567282	16.545447	965.457171	0.000612	1.3
1210	-0.590057	15.803961	984.908171	0.000354	1.1
1211	-0.584976	15.062478	1005.158916	0.000542	1.0
1212	-0.584150	16.062459	978.038753	0.000539	1.0
1213	-0.557487	17.062459	952.343126	0.000348	1.1
1214	-0.584287	17.978777	929.955322	0.000265	1.1
1215	-0.550680	18.941042	907.550711	0.000988	1.1
1216	-0.566536	18.199964	924.708024	0.000389	1.1
1217	-0.559639	18.213670	924.384822	0.000389	1.2
1218	-0.544172	17.867721	932.612470	0.000976	1.2
1219	-0.605735	18.863514	909.315763	0.000703	1.0
1220	-0.583735	19.863514	887.063253	0.000344	1.0
1221	-0.590774	19.122034	903.456715	0.000550	1.0
1222	-0.555215	19.158563	902.634931	0.000898	1.0
1223	-0.616392	20.158562	880.704264	0.000419	1.0
1224	-0.591460	21.158562	859.813982	0.000399	1.0
1225	-0.598425	22.158543	839.892155	0.000577	1.0
1226	-0.608947	23.158543	820.872232	0.000762	1.0
1227	-0.571481	22.417062	834.891170	0.000846	1.1
1228	-0.589705	23.417062	816.094538	0.000579	1.2
1229	-0.591538	24.417062	798.125640	0.000460	1.0
1230	-0.572547	23.690595	811.099551	0.000613	1.1
1231	-0.578687	24.690593	793.347574	0.000657	1.1
1232	-0.589131	23.949108	806.434715	0.000153	1.1
1233	-0.565903	24.942443	788.998554	0.000225	1.1
1234	-0.593366	24.868978	790.262243	0.000514	1.0
1235	-0.571080	25.849407	773.724228	0.000167	1.0
1236	-0.560027	26.823257	757.968474	0.000365	1.2
1237	-0.582750	27.782872	743.058372	0.000613	1.3
1238	-0.563057	28.782871	728.132395	0.000403	1.0
1239	-0.579138	28.921924	726.104248	0.000365	1.0
1240	-0.577093	28.180711	737.047527	0.000337	1.0
1241	-0.566176	27.983117	740.020714	0.000807	1.0
1242	-0.567681	28.983038	725.216451	0.000599	1.0
1243	-0.546734	28.241649	736.135414	0.000449	1.0
1244	-0.591856	27.500171	747.389559	0.000374	1.1
1245	-0.566860	28.499913	732.294646	0.001135	1.2
1246	-0.584057	29.499913	717.793737	0.000483	1.1
1247	-0.562078	30.499913	703.855971	0.000280	1.0
1248	-0.591946	31.499333	690.456797	0.000597	1.1
1249	-0.596307	30.757852	700.348251	0.000691	1.0
1250	-0.556861	31.757852	687.073483	0.000595	1.0
1251	-0.565073	31.016365	696.867632	0.000780	1.1
1252	-0.591518	30.274878	706.945049	0.000411	1.2
1253	-0.581387	31.274778	693.422773	0.000776	1.2
1254	-0.553334	30.533293	703.400063	0.000212	1.1
1255	-0.592593	29.791812	713.668595	0.001074	1.0
1256	-0.576106	29.927663	711.764875	0.000795	1.0
1257	-0.583867	30.927663	698.058022	0.000497	1.0
1258	-0.561792	30.186176	708.170146	0.000809	1.0
1259	-0.607834	29.444689	718.579546	0.000739	1.5
1260	-0.579430	28.703202	729.299527	0.000418	1.5
1261	-0.556583	29.703195	714.915916	0.000411	1.3
1262	-0.596611	30.701406	701.112879	0.000101	1.3
1263	-0.555579	30.817128	699.547100	0.000502	1.2
1264	-0.559378	31.630094	688.741334	0.000237	1.0
1265	-0.586511	30.888738	698.581676	0.000206	1.0
1266	-0.606779	30.164798	708.466032	0.001015	1.0
1267	-0.601673	31.164111	694.893878	0.000325	1.0
1268	-0.565646	30.422624	704.913880	0.000159	1.1
1269	-0.549265	29.750261	714.252912	0.000249	1.1
1270	-0.595133	29.343382	720.025548	0.000331	1.3
1271	-0.588375	30.330552	706.178292	0.000219	1.3
1272	-0.576642	29.671066	715.369226	0.000679	1.2
1273	-0.552597	28.929934	725.987763	0.000179	1.0
1274	-0.591730	29.883973	712.376008	0.000503	1.0
1275	-0.582198	29.145299	722.869776	0.000513	1.0
1276	-0.563034	29.982157	711.004080	0.000662	1.3
1277	-0.587625	29.240676	721.497489	0.000366	1.0
1278	-0.591830	30.240670	707.417011	0.000099	0.9
1279	-0.559860	29.840069	712.991187	0.000790	0.9
1280	-0.585489	29.118700	723.253425	0.000514	1.0
1281	-0.583328	30.118700	709.104915	0.000225	1.0
1282	-0.554789	31.116086	695.534221	0.000898	1.0
1283	-0.573182	32.101370	682.628744	0.000229	1.0
1284	-0.581866	31.588591	689.284896	0.000389	1.0
1285	-0.605453	31.691089	687.944059	0.000387	1.0
1286	-0.578088	32.691074	675.131239	0.000381	1.0
1287	-0.545656	33.477072	665.390408	0.000673	1.2
1288	-0.600782	32.735585	674.572002	0.000439	1.1
1289	-0.583844	33.735585	662.247807	0.000662	1.2
1290	-0.543780	32.994187	671.341180	0.000621	1.0
1291	-0.567362	33.994187	659.133687	0.000710	1.0
1292	-0.575816	33.252700	668.142254	0.000464	1.2
1293	-0.587427	34.252700	656.049773	0.000588	0.9
1294	-0.587625	33.512055	664.963399	0.000384	1.0
1295	-0.554896	32.770568	674.133132	0.000356	0.9
1296	-0.573337	33.770282	661.828275	0.000324	0.9
1297	-0.541606	34.724162	650.499178	0.000285	0.9
1298	-0.609735	35.723540	639.038419	0.000800	1.0
1299	-0.571603	34.986137	647.455300	0.000222	1.0
1300	-0.557414	35.986135	636.093700	0.000381	0.9
1301	-0.556029	36.641731	628.859006	0.000387	0.9
1302	-0.546257	37.526782	619.349295	0.000812	1.1
1303	-0.530575	38.526782	608.944746	0.000697	0.9
1304	-0.568472	37.785650	616.621933	0.000521	0.9
1305	-0.611127	38.785650	606.308055	0.000648	0.9
1306	-0.580987	39.694029	597.233735	0.000629	0.9
1307	-0.571906	40.694029	587.553159	0.000286	0.9
1308	-0.569199	41.693920	578.182407	0.000928	1.1
1309	-0.585847	40.956799	585.061233	0.000675	1.2
1310	-0.582498	40.215312	592.147945	0.000569	1.0
1311	-0.579399	41.215312	582.630225	0.000335	0.9
1312	-0.605531	40.743484	587.082542	0.000367	0.9
1313	-0.555266	40.145631	592.822754	0.000926	0.9
1314	-0.557543	39.404144	600.099910	0.000368	0.9
1315	-0.524430	40.404144	590.326956	0.000333	1.0
1316	-0.592178	41.404104	580.867592	0.000232	1.0
1317	-0.601959	42.255057	573.053336	0.000960	1.0
1318	-0.540978	43.255057	564.134921	0.000668	1.4
1319	-0.574639	44.255057	555.489845	0.000449	1.2
1320	-0.552288	43.513570	561.874370	0.000516	1.0
1321	-0.593010	44.513570	553.297912	0.000860	1.0
1322	-0.572943	43.772083	559.631864	0.000732	1.0
1323	-0.585376	43.036673	566.058789	0.000532	1.1
1324	-0.542717	44.036673	557.355103	0.000521	1.2
1325	-0.565534	44.505918	553.362540	0.000471	1.1
1326	-0.564860	45.505916	545.042063	0.000563	1.0
1327	-0.573893	46.494981	537.055068	0.000758	1.1
1328	-0.573929	47.494981	529.214274	0.000622	1.2
1329	-0.562478	48.494768	521.600726	0.001051	1.1
1330	-0.525083	49.494768	514.201585	0.000663	1.1
1331	-0.569683	50.494768	507.009428	0.000500	1.0
1332	-0.589427	49.753281	512.322834	0.000417	1.0
1333	-0.551696	50.723240	505.394365	0.000438	1.0
1334	-0.560118	49.981754	510.673790	0.000419	1.0
1335	-0.565587	50.735500	505.307989	0.000880	1.0
1336	-0.548630	51.735499	498.360797	0.000778	1.0
1337	-0.576915	50.994012	503.493558	0.000475	1.3
1338	-0.542207	51.994009	496.595841	0.000541	1.2
1339	-0.593244	52.993782	489.886050	0.001063	1.3
1340	-0.573382	52.252295	494.844859	0.000619	1.2
1341	-0.573189	51.510808	499.905085	0.000934	1.2
1342	-0.590448	50.769321	505.069870	0.000803	1.0
1343	-0.556241	51.769321	498.129172	0.000272	1.1
1344	-0.574901	51.027835	503.257126	0.000515	1.2
1345	-0.567216	52.027310	496.369390	0.000601	1.2
1346	-0.542414	51.285823	501.461003	0.000349	1.3
1347	-0.615454	50.544339	506.658132	0.000679	1.2
1348	-0.573183	51.523028	499.820846	0.000410	1.2
1349	-0.601709	52.377391	494.001227	0.000480	1.1
1350	-0.565217	53.376851	487.362946	0.000486	1.2
1351	-0.600075	52.635365	492.270550	0.000490	1.0
1352	-0.598581	52.090433	495.940713	0.000511	1.2
1353	-0.588625	53.090433	489.246994	0.000258	1.2
1354	-0.584894	54.090200	482.733050	0.000326	1.0
1355	-0.581626	53.432216	487.000436	0.000162	1.2
1356	-0.557524	53.148782	488.861991	0.000487	1.0
1357	-0.550290	54.068952	482.869686	0.000189	1.0
1358	-0.560706	53.329205	487.675357	0.000506	1.0
1359	-0.577996	53.152798	488.835520	0.000556	1.3
1360	-0.568897	54.152798	482.330965	0.000789	1.1
1361	-0.585018	55.125419	476.168429	0.000482	1.3
1362	-0.607294	54.383954	480.851954	0.000504	1.3
1363	-0.553179	53.812124	484.527369	0.000360	1.1
1364	-0.586615	54.812099	478.136362	0.000454	1.3
1365	-0.571104	55.812098	471.911618	0.000410	1.2
1366	-0.548810	56.811954	465.847723	0.000651	1.3
1367	-0.568680	57.657425	460.840427	0.000274	1.2
1368	-0.583701	56.916028	465.225480	0.000962	1.0
1369	-0.576389	57.916028	459.330284	0.000375	1.0
1370	-0.582598	58.915894	453.583381	0.000708	1.1
1371	-0.562197	59.915894	447.977766	0.000685	1.0
1372	-0.559972	60.742912	443.445439	0.001166	1.0
1373	-0.520728	60.001425	447.504739	0.000399	1.0
1374	-0.570559	59.259938	451.639041	0.000482	1.1
1375	-0.623285	60.257338	446.095357	0.000357	1.2
1376	-0.575166	59.515855	450.203524	0.000466	1.1
1377	-0.565233	60.515759	444.681149	0.000499	1.0
1378	-0.567888	61.515759	439.292104	0.000621	1.3
1379	-0.588475	60.774272	443.275379	0.000509	1.1
1380	-0.592053	60.032805	447.331439	0.000838	0.9
1381	-0.557692	61.032805	441.878359	0.000702	1.2
1382	-0.586392	60.291318	445.908888	0.000793	1.2
1383	-0.599230	59.721964	449.054009	0.000637	1.0
1384	-0.576808	60.721964	443.559110	0.000178	0.9
1385	-0.571819	61.668580	438.480028	0.000873	0.9
1386	-0.542793	62.250907	435.412933	0.000366	0.9
1387	-0.587286	63.137108	430.826807	0.000646	1.0
1388	-0.556597	63.876552	427.073445	0.000272	1.1
1389	-0.585267	64.017389	426.365971	0.000327	1.0
1390	-0.577379	63.369737	429.638907	0.000451	0.9
1391	-0.574332	62.640153	433.386600	0.000513	0.9
1392	-0.556754	61.901660	437.247231	0.000568	1.0
1393	-0.589878	61.300911	440.438884	0.000506	1.3
1394	-0.579371	60.559526	444.442523	0.000342	1.4
1395	-0.580635	61.000391	442.053033	0.000072	1.1
1396	-0.588742	61.519318	439.273158	0.000289	1.4
1397	-0.589267	60.979551	442.165406	0.000378	1.1
1398	-0.565801	61.979390	436.837647	0.000349	0.9
1399	-0.566612	62.767070	432.729967	0.000394	0.9
1400	-0.549103	62.057515	436.426753	0.000597	0.9
1401	-0.578000	61.316298	440.356557	0.000317	1.0
1402	-0.567790	60.574814	444.359228	0.000823	1.0
1403	-0.578873	59.842030	448.387078	0.000698	1.0
1404	-0.570486	60.842030	442.908388	0.000849	1.0
1405	-0.578197	61.842030	437.561967	0.000381	1.0
1406	-0.577151	61.100543	441.513786	0.000427	1.0
1407	-0.585701	61.589253	438.901189	0.000295	1.2
1408	-0.567971	60.987022	442.125113	0.000157	1.1
1409	-0.615454	60.503601	444.747484	0.000849	1.2
1410	-0.553132	59.773492	448.767539	0.000631	0.9
1411	-0.589748	60.773492	443.279605	0.000572	1.1
1412	-0.576028	60.034897	447.319890	0.000535	1.0
1413	-0.603553	59.516956	450.197364	0.000928	1.1
1414	-0.589339	59.163855	452.180366	0.000215	1.0
1415	-0.569257	60.163719	446.609912	0.000175	1.2
1416	-0.549482	60.518766	444.664745	0.000232	1.2
1417	-0.583701	59.860361	448.285425	0.000240	1.0
1418	-0.552989	60.529561	444.605870	0.000270	1.0
1419	-0.587262	59.866276	448.252639	0.000565	1.0
1420	-0.556137	59.129495	452.374263	0.000251	1.1
1421	-0.570761	60.117801	446.862720	0.000583	1.0
1422	-0.597036	59.376782	450.982493	0.000443	1.0
1423	-0.570736	60.376620	445.441470	0.000677	1.1
1424	-0.572137	59.641676	449.501093	0.000252	1.0
1425	-0.569658	60.641184	443.997990	0.000329	1.1
1426	-0.567387	60.008195	447.467341	0.000474	1.1
1427	-0.529528	59.276725	451.544598	0.000687	1.1
1428	-0.602276	58.535238	455.754234	0.000977	1.3
1429	-0.573850	59.535238	450.095168	0.000387	1.0
1430	-0.561042	58.793751	454.277698	0.000561	1.0
1431	-0.592716	59.793751	448.655014	0.000398	0.9
1432	-0.577520	59.052264	452.810698	0.000201	1.0
1433	-0.548816	60.043964	447.269848	0.000859	1.2
1434	-0.584537	59.302665	451.398734	0.000668	1.1
1435	-0.553078	60.302665	445.846656	0.000602	1.0
1436	-0.563600	61.300091	440.443275	0.001154	0.9
1437	-0.574685	62.299895	435.156866	0.000462	1.0
1438	-0.579323	61.558408	439.065168	0.000721	1.0
1439	-0.585668	60.816921	443.044309	0.000394	1.0
1440	-0.529564	60.075435	447.096232	0.000376	1.2
1441	-0.567118	59.339406	451.192301	0.000319	1.0
1442	-0.555902	58.871763	453.833997	0.000566	1.4
1443	-0.585588	59.775109	448.758558	0.000679	1.1
1444	-0.574441	60.775109	443.270842	0.000992	0.9
1445	-0.547079	60.034001	447.324839	0.000460	0.9
1446	-0.562552	61.034001	441.871919	0.000700	1.0
1447	-0.566024	62.033997	436.550361	0.000148	0.9
1448	-0.531573	61.296119	440.464533	0.000315	1.0
1449	-0.594206	60.602449	444.208745	0.000732	1.0
1450	-0.572473	61.601511	438.836057	0.000251	1.0
1451	-0.598594	62.601496	433.586997	0.000269	1.0
1452	-0.588576	63.574410	428.599166	0.000654	1.3
1453	-0.615958	64.574401	423.590712	0.000619	1.0
1454	-0.544634	63.839988	427.257502	0.000929	1.1
1455	-0.575213	63.098503	431.024573	0.000862	1.1
1456	-0.597090	62.357016	434.858673	0.000636	1.1
1457	-0.569617	63.357016	429.703693	0.000091	1.1
1458	-0.605986	62.905309	432.017018	0.000488	1.0
1459	-0.566699	63.807181	427.422782	0.001273	0.9
1460	-0.578399	64.807181	422.441582	0.001152	0.9
1461	-0.572915	65.807181	417.575146	0.000653	0.9
1462	-0.565574	65.065694	421.172706	0.000994	1.0
1463	-0.585834	66.065694	416.335294	0.000818	0.9
1464	-0.580973	67.065694	411.607740	0.000416	1.0
1465	-0.545890	68.065694	406.986345	0.000749	1.0
1466	-0.565646	68.926795	403.089220	0.000411	1.0
1467	-0.589125	69.884522	398.841525	0.000384	1.1
1468	-0.603098	70.882578	394.509190	0.000251	1.1
1469	-0.527241	71.880979	390.268510	0.000367	1.1
1470	-0.560276	72.880293	386.114276	0.000189	1.2
1471	-0.557264	72.193795	388.958530	0.000460	1.2
1472	-0.534991	71.452957	392.075308	0.000412	1.1
1473	-0.559636	72.452946	387.879923	0.000460	1.1
1474	-0.582759	71.712357	390.978317	0.000341	1.0
1475	-0.583700	70.970874	394.130443	0.000643	1.1
1476	-0.573627	71.916851	390.117844	0.000326	1.1
1477	-0.586225	71.175364	393.256072	0.000339	1.1
1478	-0.557482	72.173437	389.043516	0.000619	1.1
1479	-0.572221	71.431954	392.164398	0.000553	1.3
1480	-0.583716	72.431954	387.967071	0.000433	1.1
1481	-0.560743	73.430726	383.863631	0.000654	0.9
1482	-0.585649	72.689255	386.901586	0.000449	1.0
1483	-0.575909	71.947768	389.988078	0.000681	1.4
1484	-0.552004	71.206284	393.124200	0.000560	1.2
1485	-0.594275	70.553174	395.928617	0.000549	1.2
1486	-0.572776	71.267635	392.862800	0.000154	1.3
1487	-0.589751	70.532426	396.018363	0.000476	1.5
1488	-0.583748	69.995741	398.354042	0.000311	1.2
1489	-0.601326	69.254267	401.626676	0.000307	1.2
1490	-0.557951	69.871898	398.896931	0.000824	1.0
1491	-0.553470	69.131342	402.174435	0.000141	1.2
1492	-0.598998	68.389893	405.510289	0.000685	1.2
1493	-0.547515	69.388379	401.030770	0.000578	1.1
1494	-0.588577	70.379901	396.679369	0.000484	1.0
1495	-0.563893	71.379901	392.385368	0.000651	1.1
1496	-0.579343	70.638414	395.560332	0.000509	1.1
1497	-0.574816	69.897398	398.785026	0.000745	1.2
1498	-0.577844	70.897398	394.445567	0.000733	1.0
1499	-0.546465	70.155914	397.654085	0.000323	1.1
1500	-0.601522	69.783529	399.285219	0.000756	1.1
1501	-0.572123	69.174899	401.980171	0.000832	1.2
1502	-0.565821	68.433412	405.312965	0.000472	1.1
1503	-0.584153	69.433412	400.831071	0.000353	1.2
1504	-0.532642	69.485609	400.599851	0.000599	1.1
1505	-0.566251	68.744167	403.909497	0.000528	1.2
1506	-0.549611	68.002684	407.274477	0.000601	0.9
1507	-0.583059	67.263303	410.686209	0.000318	1.0
1508	-0.541564	68.263301	406.085377	0.000768	1.2
1509	-0.601875	67.521963	409.486190	0.000644	1.1
1510	-0.560301	68.521963	404.912048	0.001170	1.0
1511	-0.579675	67.780476	408.293839	0.000459	1.0
1512	-0.579132	68.780476	403.746148	0.000836	1.0
1513	-0.589234	68.040966	407.099372	0.000520	1.0
1514	-0.542608	69.040966	402.578104	0.000672	1.4
1515	-0.604570	68.299479	405.920860	0.001104	1.1
1516	-0.560679	67.557992	409.319594	0.000518	1.2
1517	-0.567398	66.816505	412.775723	0.000852	1.2
1518	-0.564378	67.816505	408.128212	0.000320	1.2
1519	-0.554117	67.075020	411.564157	0.000664	1.0
1520	-0.570557	67.687404	408.722318	0.000345	1.0
1521	-0.545403	66.945918	412.168321	0.001141	1.0
1522	-0.581768	66.377557	414.849334	0.000418	1.3
1523	-0.576051	67.377407	410.155976	0.000649	1.2
1524	-0.567402	68.355336	405.667115	0.000509	1.2
1525	-0.557131	67.614028	409.060759	0.000316	1.0
1526	-0.594009	66.872553	412.512443	0.000383	1.0
1527	-0.570498	67.872272	407.872112	0.000480	1.1
1528	-0.566437	67.144977	411.237515	0.000663	1.0
1529	-0.548214	66.403490	414.726246	0.000736	1.0
1530	-0.559052	65.662004	418.274673	0.000406	1.3
1531	-0.585986	66.662004	413.503225	0.000344	1.2
1532	-0.558721	66.508992	414.226250	0.000539	1.0
1533	-0.570478	65.774096	417.734361	0.000356	0.9
1534	-0.573919	65.055815	421.221056	0.000715	1.0
1535	-0.581948	64.314337	424.881944	0.000444	1.1
1536	-0.564206	63.572850	428.607069	0.000322	1.2
1537	-0.559499	64.570028	423.612357	0.000720	1.1
1538	-0.583015	63.828542	427.315151	0.000701	1.2
1539	-0.608333	64.828540	422.336455	0.000201	1.3
1540	-0.573567	64.091816	425.993042	0.000656	1.1
1541	-0.563661	63.350340	429.737704	0.000947	0.9
1542	-0.564020	64.350340	424.702719	0.000659	0.9
1543	-0.553389	63.608855	428.424676	0.000443	0.9
1544	-0.556625	64.608574	423.421623	0.000287	0.9
1545	-0.603216	65.605904	418.545617	0.000716	1.2
1546	-0.574429	64.864499	422.159587	0.000427	1.0
1547	-0.585463	65.864499	417.299609	0.000270	1.0
1548	-0.572096	66.460058	414.458007	0.000628	1.0
1549	-0.563008	67.459446	409.775589	0.000209	1.0
1550	-0.588301	68.452005	405.228717	0.000651	1.1
1551	-0.560734	69.345865	401.219485	0.000331	0.9
1552	-0.595808	68.890202	403.253309	0.000324	0.9
1553	-0.576275	68.170815	406.506561	0.000638	1.0
1554	-0.565149	67.429752	409.913187	0.000966	1.0
1555	-0.574172	66.688265	413.379390	0.000287	1.0
1556	-0.608317	67.688265	408.718352	0.000523	1.0
1557	-0.594371	68.687290	404.165647	0.000388	1.1
1558	-0.565740	67.961646	407.462352	0.001128	1.2
1559	-0.575935	67.220159	410.887058	0.000457	1.1
1560	-0.597116	66.478672	414.369820	0.000383	1.2
1561	-0.565040	67.478671	409.686550	0.000487	1.0
1562	-0.541344	68.478635	405.108119	0.000656	1.2
1563	-0.593634	69.478635	400.630729	0.000381	1.1
1564	-0.560198	68.737148	403.941091	0.000867	1.1
1565	-0.551532	69.737145	399.489331	0.000871	1.3
1566	-0.607102	70.737142	395.134627	0.000585	1.2
1567	-0.574285	71.737142	390.873825	0.000575	1.0
1568	-0.564281	72.737142	386.703932	0.000179	0.9
1569	-0.594397	73.592585	383.206797	0.000404	0.9
1570	-0.558110	74.437225	379.815332	0.000319	0.9
1571	-0.571475	75.436972	375.877846	0.000200	1.0
1572	-0.592656	76.398793	372.166022	0.000477	1.0
1573	-0.558759	77.398196	368.386038	0.000460	1.0
1574	-0.585929	76.659141	371.173870	0.000617	1.0
1575	-0.615760	77.575699	367.722693	0.000655	1.1
1576	-0.599118	76.834212	370.509669	0.000588	1.1
1577	-0.590109	76.092725	373.339212	0.000376	0.9
1578	-0.546748	75.351238	376.212305	0.000819	0.9
1579	-0.579821	76.351238	372.347821	0.000509	1.0
1580	-0.581530	77.351238	368.561922	0.000543	1.1
1581	-0.573021	76.610641	371.358296	0.000528	1.1
1582	-0.612482	75.869184	374.200752	0.000077	1.2
1583	-0.591301	75.524434	375.537260	0.000154	1.1
1584	-0.565074	75.405634	376.000030	0.000427	1.3
1585	-0.582539	76.316670	372.480086	0.000868	1.3
1586	-0.569959	75.576173	375.336071	0.000540	1.1
1587	-0.569544	76.576173	371.489475	0.000845	1.0
1588	-0.581806	77.470879	368.114126	0.000686	1.0
1589	-0.600341	78.470879	364.413403	0.000613	1.0
1590	-0.559776	77.729392	367.150256	0.000575	1.0
1591	-0.583741	76.987905	369.928529	0.000438	1.0
1592	-0.543809	77.761215	367.031951	0.000659	1.0
1593	-0.560736	78.761195	363.352920	0.000410	1.3
1594	-0.541829	78.019896	366.073110	0.000736	1.3
1595	-0.547810	77.278560	368.834479	0.000225	1.3
1596	-0.577443	76.537223	371.637825	0.000695	1.5
1597	-0.579085	77.321015	368.675215	0.000670	1.1
1598	-0.562591	78.320464	364.965285	0.000213	1.0
1599	-0.563172	77.609407	367.596993	0.000541	1.1
1600	-0.568940	78.581466	364.008715	0.000274	1.1
1601	-0.586893	79.567796	360.438657	0.000410	1.1
1602	-0.563518	78.826846	363.113959	0.000638	1.4
1603	-0.576266	79.647014	360.154960	0.000443	1.6
1604	-0.576985	80.643997	356.622352	0.000665	2.0
1605	-0.575716	81.643997	353.147990	0.000212	0.9
1606	-0.576888	80.966307	355.495090	0.000332	0.9
1607	-0.571328	80.232145	358.073233	0.000403	0.9
1608	-0.571864	81.213694	354.634687	0.000892	0.9
1609	-0.562043	80.472207	357.226106	0.000371	1.0
1610	-0.564760	79.730720	359.855676	0.000365	1.1
1611	-0.573192	79.343922	361.242820	0.000731	0.9
1612	-0.564813	78.741026	363.426393	0.000393	0.9
1613	-0.587995	79.421626	360.963300	0.000389	0.9
1614	-0.590636	78.686086	363.626690	0.000735	1.0
1615	-0.601117	77.944599	366.351694	0.000260	1.0
1616	-0.542520	78.923162	362.763955	0.000895	1.0
1617	-0.568400	78.289444	365.079307	0.000936	1.0
1618	-0.624780	79.289444	361.439051	0.000287	1.0
1619	-0.575495	80.289444	357.870673	0.000376	1.2
1620	-0.573976	79.554139	360.487611	0.000597	1.2
1621	-0.630555	78.812972	363.164432	0.001101	0.9
1622	-0.565862	79.811304	359.568025	0.000791	0.9
1623	-0.542907	79.069817	362.232316	0.000412	0.9
1624	-0.587532	80.069817	358.648334	0.000186	0.9
1625	-0.562159	79.449228	360.864113	0.000518	0.9
1626	-0.548582	80.444567	357.323438	0.000280	1.0
1627	-0.589601	81.444493	353.835726	0.000453	1.0
1628	-0.569671	80.704150	356.411430	0.000402	1.0
1629	-0.556533	81.704144	352.941178	0.000458	1.1
1630	-0.608574	82.703101	349.541345	0.000439	1.0
1631	-0.541420	82.748611	349.388017	0.000751	0.9
1632	-0.587972	83.748030	346.054446	0.000351	0.9
1633	-0.560267	84.747327	342.784281	0.000524	0.9
1634	-0.569897	85.747280	339.573255	0.000479	1.0
1635	-0.567976	85.006083	341.947559	0.000856	1.3
1636	-0.544159	85.010328	341.933867	0.000656	1.1
1637	-0.578969	84.268841	344.342362	0.000536	0.9
1638	-0.534847	84.031423	345.120729	0.000112	0.9
1639	-0.569850	84.812461	342.573277	0.000384	0.9
1640	-0.563017	85.585094	340.089970	0.000336	1.1
1641	-0.564389	86.566052	336.988490	0.000431	0.9
1642	-0.570125	85.839923	339.278805	0.000457	1.0
1643	-0.581998	86.627299	336.796721	0.000381	0.9
1644	-0.558781	87.625724	333.701081	0.000514	0.9
1645	-0.577918	86.944200	335.807960	0.000422	0.9
1646	-0.580963	86.202713	338.130636	0.000430	1.0
1647	-0.569464	85.921846	339.018853	0.000604	1.0
1648	-0.571797	85.180359	341.386316	0.000434	1.1
1649	-0.568486	86.164219	338.252093	0.000497	1.1
1650	-0.558889	85.493503	340.382470	0.000826	0.9
1651	-0.551975	86.386306	337.552551	0.000562	1.4
1652	-0.580203	85.644819	339.899508	0.000835	1.0
1653	-0.566958	86.644819	336.741906	0.000674	0.9
1654	-0.562605	87.644819	333.642431	0.000621	0.9
1655	-0.586907	88.644819	330.599493	0.000151	0.9
1656	-0.554559	88.549885	330.885984	0.000864	0.9
1657	-0.592969	89.549866	327.892947	0.000265	1.0
1658	-0.575463	88.808379	330.107061	0.000609	1.0
1659	-0.571061	89.742951	327.321252	0.000412	1.1
1660	-0.538439	89.001464	329.527627	0.000264	0.9
1661	-0.536035	88.260070	331.763665	0.000484	0.9
1662	-0.611485	87.598541	333.784607	0.000315	0.9
1663	-0.575586	88.598385	330.739557	0.000210	0.9
1664	-0.578630	87.956160	332.689051	0.000746	0.9
1665	-0.586822	87.214676	334.968625	0.000702	0.9
1666	-0.557606	88.214676	331.901559	0.000291	0.9
1667	-0.548705	87.473191	334.170324	0.000662	1.1
1668	-0.583593	88.265578	331.746942	0.000452	1.3
1669	-0.580118	87.608546	333.753859	0.000516	1.0
1670	-0.573268	86.867097	336.047994	0.000509	0.9
1671	-0.572146	86.125610	338.374003	0.000920	0.9
1672	-0.585636	85.447576	340.529328	0.000730	0.9
1673	-0.553854	84.706089	342.918009	0.000344	0.9
1674	-0.566124	85.484600	340.410928	0.000353	0.9
1675	-0.551970	84.925009	342.209282	0.000430	1.0
1676	-0.554515	84.186514	344.611872	0.000272	1.0
1677	-0.538025	83.446123	347.054733	0.000720	1.0
1678	-0.587134	84.442965	343.773729	0.000960	1.1
1679	-0.569707	83.701478	346.208306	0.000794	0.9
1680	-0.575246	84.701478	342.932966	0.000437	0.9
1681	-0.613285	83.959991	345.355606	0.000404	0.9
1682	-0.578623	84.959991	342.096306	0.000507	0.9
1683	-0.555044	84.763734	342.731107	0.000754	0.9
1684	-0.577558	84.792390	342.638270	0.000516	1.2
1685	-0.536744	84.050903	345.056734	0.000829	1.1
1686	-0.550827	85.050903	341.803044	0.000616	0.9
1687	-0.564483	84.309416	344.209691	0.000886	0.9
1688	-0.629775	83.672670	346.303590	0.000587	1.0
1689	-0.567236	84.394262	343.932588	0.000397	1.1
1690	-0.598728	85.394262	340.699966	0.000932	0.9
1691	-0.577079	84.652775	343.091049	0.000733	0.9
1692	-0.565611	83.913130	345.509865	0.000498	0.9
1693	-0.541345	83.171643	347.969181	0.000653	1.0
1694	-0.536697	84.171643	344.660598	0.000122	1.0
1695	-0.576258	83.517430	346.817954	0.000594	1.0
1696	-0.573738	83.157607	348.016074	0.000195	1.0
1697	-0.542054	83.622228	346.470556	0.000346	1.0
1698	-0.578384	84.404123	343.900412	0.000937	1.1
1699	-0.598380	85.404123	340.668391	0.000639	1.2
1700	-0.583034	84.662636	343.059030	0.000101	1.2
1701	-0.564149	83.929123	345.457203	0.000528	0.9
1702	-0.591198	83.207632	347.849009	0.000624	0.9
1703	-0.536096	82.466145	350.341858	0.000661	0.9
1704	-0.597851	83.466145	346.988218	0.000438	1.0
1705	-0.566967	83.500745	346.873332	0.000367	1.0
1706	-0.578155	82.759262	349.352152	0.000413	1.2
1707	-0.576402	82.020912	351.855954	0.001104	1.0
1708	-0.549329	83.020912	348.473404	0.000360	0.9
1709	-0.564971	82.279446	350.975172	0.000642	1.0
1710	-0.586453	83.279434	347.609494	0.000551	1.0
1711	-0.566251	84.269394	344.340552	0.000427	0.9
1712	-0.581718	85.269394	341.100293	0.000571	0.9
1713	-0.549816	86.269287	337.920783	0.000483	1.0
1714	-0.558010	87.269287	334.799669	0.000501	1.0
1715	-0.615969	88.268960	331.736674	0.000870	1.2
1716	-0.534673	89.268960	328.728242	0.000310	1.3
1717	-0.566369	90.268960	325.773885	0.000481	1.0
1718	-0.600743	91.268320	322.873997	0.000584	1.0
1719	-0.575943	90.526844	325.020596	0.000626	1.0
1720	-0.595427	91.526844	322.132213	0.000623	1.0
1721	-0.545288	92.526844	319.294715	0.000642	1.0
1722	-0.637567	93.526844	316.506769	0.000765	1.0
1723	-0.592301	92.785357	318.569298	0.000444	1.0
1724	-0.564292	92.043957	320.658639	0.000232	1.0
1725	-0.558302	92.722099	318.746505	0.000485	1.1
1726	-0.565706	92.466353	319.464937	0.000440	0.9
1727	-0.568999	93.466353	316.674030	0.000434	0.9
1728	-0.602440	92.724866	318.738747	0.000527	0.9
1729	-0.536488	93.724866	315.960459	0.000622	0.9
1730	-0.554449	94.724753	313.230492	0.000713	1.1
1731	-0.593970	94.647064	313.440914	0.000614	1.3
1732	-0.604689	95.627216	310.806711	0.000851	1.3
1733	-0.593019	94.885729	312.795386	0.000789	1.0
1734	-0.578267	95.885729	310.119308	0.000758	1.2
1735	-0.570153	96.867112	307.537199	0.000374	1.2
1736	-0.572985	97.867076	304.950055	0.000532	1.4
1737	-0.554764	98.867063	302.406019	0.000255	1.4
1738	-0.604376	98.125993	304.287254	0.000343	1.3
1739	-0.601430	99.119374	301.770814	0.000722	1.0
1740	-0.573579	100.115735	299.288292	0.000587	1.0
1741	-0.562283	101.115735	296.837434	0.000153	1.0
1742	-0.604921	100.656549	297.957831	0.000776	1.1
1743	-0.553687	100.127702	299.258723	0.000554	1.4
1744	-0.572526	99.386215	301.101928	0.000277	1.0
1745	-0.591079	99.675074	300.381183	0.000940	1.2
1746	-0.562566	98.989156	302.098312	0.000551	1.1
1747	-0.602396	99.989139	299.601451	0.000651	1.0
1748	-0.611923	100.846752	297.492717	0.000360	1.0
1749	-0.540198	101.846752	295.071060	0.000165	1.0
1750	-0.547687	102.725775	292.974697	0.000265	1.0
1751	-0.564926	103.634225	290.839225	0.000674	1.1
1752	-0.577138	104.634026	288.524713	0.000743	1.0
1753	-0.607420	105.634026	286.246299	0.000485	0.9
1754	-0.577838	104.892539	287.932244	0.000324	0.9
1755	-0.582523	104.151295	289.637606	0.000667	1.0
1756	-0.582793	105.151294	287.341654	0.000479	1.0
1757	-0.547755	106.146172	285.093296	0.000423	1.0
1758	-0.568606	105.404688	286.765642	0.000354	1.2
1759	-0.576787	106.328907	284.684148	0.000749	1.1
1760	-0.591510	105.587420	286.351688	0.000800	1.2
1761	-0.541569	104.845933	288.038879	0.000665	1.4
1762	-0.557354	105.361683	286.863236	0.000388	1.1
1763	-0.533169	106.361683	284.610885	0.000313	1.0
1764	-0.574925	105.635078	286.243921	0.000343	0.9
1765	-0.576235	106.629117	284.014512	0.000548	0.9
1766	-0.592979	107.577595	281.919424	0.000360	0.9
1767	-0.569517	106.836108	283.554639	0.000450	0.9
1768	-0.592292	106.094633	285.208907	0.000645	1.0
1769	-0.551009	107.092603	282.986844	0.000467	1.0
1770	-0.597948	108.090646	280.798977	0.000401	1.1
1771	-0.555539	107.349160	282.421181	0.000775	1.0
1772	-0.598316	106.630977	284.010373	0.000824	1.2
1773	-0.576055	107.593268	281.885062	0.000314	1.5
1774	-0.558367	108.585122	279.727494	0.001012	1.2
1775	-0.584590	109.585122	277.585386	0.000799	1.3
1776	-0.583172	108.843635	279.170568	0.000359	1.1
1777	-0.565568	109.843635	277.036948	0.000276	0.9
1778	-0.623237	110.456424	275.745530	0.000267	1.0
1779	-0.563351	109.716668	277.306038	0.000359	1.0
1780	-0.584653	109.006306	278.821256	0.000435	1.0
1781	-0.564026	108.272222	280.404566	0.000776	0.9
1782	-0.586675	107.530735	282.022205	0.000736	1.0
1783	-0.564918	108.530731	279.844954	0.001265	1.0
1784	-0.571219	107.789244	281.456124	0.000512	0.9
1785	-0.569447	108.789244	279.287561	0.000671	1.0
1786	-0.580641	108.047757	280.892301	0.000602	1.0
1787	-0.603008	109.047757	278.732384	0.000942	1.2
1788	-0.574829	108.306270	280.330733	0.000263	2.0
1789	-0.583455	107.564789	281.947505	0.000894	1.0
1790	-0.566983	108.509798	279.890185	0.000245	1.2
1791	-0.566341	109.509798	277.745595	0.000241	1.1
1792	-0.563301	109.600633	277.552418	0.000325	1.2
1793	-0.548059	108.864513	279.125688	0.000553	1.0
1794	-0.569173	108.690636	279.499912	0.000479	1.0
1795	-0.588804	109.690566	277.361422	0.000565	1.0
1796	-0.598761	110.684281	275.268402	0.000813	1.0
1797	-0.550781	111.684265	273.193821	0.000349	1.1
1798	-0.606111	110.957179	274.699124	0.000879	1.0
1799	-0.569996	110.219473	276.243462	0.000108	1.0
1800	-0.557035	109.481124	277.806630	0.000609	1.1
1801	-0.567028	110.408501	275.846092	0.000348	1.1
1802	-0.569070	111.402846	273.774488	0.000477	1.2
1803	-0.573150	112.402628	271.722694	0.000559	1.2
1804	-0.545009	113.402628	269.700987	0.000448	1.0
1805	-0.594476	114.253603	268.004110	0.000158	1.4
1806	-0.583913	115.055072	266.425360	0.000442	1.1
1807	-0.548726	115.848308	264.881035	0.000433	1.0
1808	-0.556252	116.791085	263.068699	0.000656	1.2
1809	-0.554181	116.050623	264.490016	0.000357	1.3
1810	-0.566245	115.334042	265.880192	0.000477	1.4
1811	-0.555405	114.592556	267.334156	0.000485	1.1
1812	-0.559597	115.590577	265.380836	0.000697	1.0
1813	-0.563764	116.590577	263.452064	0.000359	1.4
1814	-0.569055	115.849100	264.879503	0.000285	1.1
1815	-0.586577	115.130821	266.277108	0.000482	1.1
1816	-0.593085	116.130745	264.335481	0.000615	1.2
1817	-0.545018	117.130745	262.421819	0.000731	1.3
1818	-0.541291	118.130745	260.535667	0.000574	1.5
1819	-0.568136	117.389258	261.931612	0.001171	1.2
1820	-0.563765	116.647777	263.342585	0.000174	1.0
1821	-0.570578	117.647777	261.443222	0.000441	1.1
1822	-0.587432	118.643001	259.579937	0.000617	1.2
1823	-0.600974	119.642987	257.734297	0.000463	1.2
1824	-0.620069	118.901500	259.100306	0.000294	1.0
1825	-0.560333	119.221079	258.509787	0.000785	1.1
1826	-0.549782	120.221079	256.679255	0.000581	1.4
1827	-0.585428	121.221079	254.874466	0.000505	1.2
1828	-0.587220	122.220116	253.096579	0.000168	1.2
1829	-0.551551	121.481843	254.408004	0.000845	1.1
1830	-0.571413	122.468285	252.658777	0.000298	1.1
1831	-0.573311	121.730055	253.965581	0.000425	1.0
1832	-0.576523	122.729918	252.198860	0.000466	1.4
1833	-0.538127	123.716160	250.480123	0.000670	1.3
1834	-0.590353	124.235724	249.584058	0.000725	1.0
1835	-0.576143	125.235724	247.877334	0.000271	1.2
1836	-0.593727	126.235669	246.193885	0.000583	1.1
1837	-0.615034	127.235579	244.533207	0.000649	1.0
1838	-0.561750	128.235578	242.894636	0.000546	1.0
1839	-0.580211	129.230988	241.285249	0.000700	1.0
1840	-0.564676	128.489501	242.482055	0.001136	1.0
1841	-0.621825	127.748014	243.690792	0.000328	1.0
1842	-0.572772	128.748014	242.063453	0.000446	1.0
1843	-0.548040	129.747601	240.458363	0.000437	1.2
1844	-0.557481	129.365366	241.069619	0.000780	1.1
1845	-0.570703	130.365366	239.476985	0.000391	1.1
1846	-0.563552	131.365360	237.905265	0.000634	1.1
1847	-0.594365	130.623873	239.068695	0.000219	1.4
1848	-0.566021	131.623847	237.502344	0.000565	1.1
1849	-0.599004	130.882595	238.661458	0.000360	0.9
1850	-0.541778	130.144039	239.827662	0.000532	1.0
1851	-0.604777	129.403624	241.008298	0.000448	1.1
1852	-0.581273	130.403619	239.416480	0.000558	1.0
1853	-0.594527	129.662132	240.594773	0.000404	1.0
1854	-0.550351	130.646602	239.032862	0.000501	1.0
1855	-0.553635	129.905115	240.207374	0.000726	1.4
1856	-0.563851	130.905115	238.626075	0.000464	1.2
1857	-0.560727	131.905115	237.065459	0.000463	1.2
1858	-0.591417	131.163637	238.220656	0.000509	1.1
1859	-0.572915	132.163545	236.665463	0.000482	1.2
1860	-0.595420	133.163538	235.130316	0.000346	1.0
1861	-0.623591	132.422253	236.266387	0.000727	1.3
1862	-0.570512	131.680766	237.413804	0.000209	1.1
1863	-0.526058	132.680738	235.868996	0.000262	1.0
1864	-0.566470	133.621586	234.433771	0.000786	1.2
1865	-0.560691	134.558144	233.022332	0.001029	1.2
1866	-0.591124	135.558144	231.533925	0.000693	1.2
1867	-0.567041	134.816657	232.635728	0.000228	1.0
1868	-0.576642	135.816641	231.152263	0.000762	1.0
1869	-0.516606	136.816557	229.687696	0.000589	1.1
1870	-0.550876	136.075070	230.771957	0.000524	1.1
1871	-0.597199	137.075070	229.312069	0.000767	1.3
1872	-0.582518	138.075070	227.870535	0.000379	1.1
1873	-0.576594	137.333583	228.937669	0.000559	1.4
1874	-0.554341	138.333583	227.500824	0.000460	1.1
1875	-0.550596	139.332835	226.082957	0.000372	1.4
1876	-0.557513	138.595822	227.127007	0.000185	1.2
1877	-0.589458	138.373062	227.444468	0.000476	1.1
1878	-0.588403	139.356863	226.049080	0.000410	1.1
1879	-0.565731	138.615552	227.098932	0.001081	1.1
1880	-0.592240	139.615552	225.685003	0.000876	1.3
1881	-0.566436	138.874065	226.731718	0.000464	1.5
1882	-0.568590	138.132578	227.788186	0.001232	1.3
1883	-0.569312	139.132578	226.365689	0.000513	1.3
1884	-0.530040	140.132578	224.960848	0.000202	1.3
1885	-0.554157	141.132106	223.573987	0.000910	1.7
1886	-0.592987	140.391018	224.600612	0.000330	1.2
1887	-0.565624	141.391018	223.217526	0.000445	1.4
1888	-0.587381	140.649586	224.241351	0.000752	1.4
1889	-0.556913	140.498389	224.451288	0.000514	1.1
1890	-0.545236	141.497078	223.071835	0.000390	1.1
1891	-0.579460	142.497069	221.707469	0.000787	1.1
1892	-0.562954	141.755582	222.717531	0.000513	1.1
1893	-0.559129	142.755402	221.357713	0.000170	1.1
1894	-0.570023	143.708218	220.077188	0.000536	1.2
1895	-0.537842	142.967352	221.071579	0.000405	1.3
1896	-0.554415	143.967343	219.731498	0.000442	1.2
1897	-0.551131	143.232971	220.714034	0.000446	1.8
1898	-0.586730	142.491597	221.714890	0.000370	1.6
1899	-0.566662	143.490454	220.368542	0.000265	1.4
1900	-0.618908	142.776361	221.329387	0.000532	1.6
1901	-0.545569	142.633383	221.522777	0.000450	1.3
1902	-0.590602	141.893832	222.528507	0.000280	1.3
1903	-0.569942	142.893319	221.171441	0.000810	1.3
1904	-0.549364	142.151832	222.176613	0.000544	1.3
1905	-0.606782	141.410345	223.190964	0.000300	1.3
1906	-0.585482	142.410322	221.825164	0.000865	1.2
1907	-0.567475	143.410284	220.475997	0.000553	1.1
1908	-0.554848	144.396955	219.160755	0.000300	1.3
1909	-0.560011	145.388116	217.855231	0.000349	1.2
1910	-0.557535	146.245603	216.738262	0.000399	1.4
1911	-0.562204	145.504284	217.703236	0.000398	1.4
1912	-0.537940	144.762801	218.677057	0.000641	1.4
1913	-0.552377	145.762741	217.365828	0.000599	1.4
1914	-0.556493	146.621920	216.251678	0.000356	1.4
1915	-0.595826	145.880433	217.212532	0.000609	1.1
1916	-0.577865	146.880062	215.919157	0.000755	1.3
1917	-0.556603	147.880062	214.640621	0.000551	1.2
1918	-0.577377	147.138575	215.587181	0.000353	1.2
1919	-0.534150	148.138575	214.312563	0.000407	1.2
1920	-0.585044	149.037914	213.179052	0.000849	1.1
1921	-0.575170	148.296427	214.112737	0.000606	1.0
1922	-0.610986	149.296427	212.855443	0.000189	1.1
1923	-0.593818	150.296202	211.613106	0.000372	1.1
1924	-0.577705	149.827883	212.193236	0.000339	1.1
1925	-0.598508	150.808907	210.981619	0.000841	1.2
1926	-0.542322	150.311672	211.593997	0.000710	1.2
1927	-0.618149	149.570185	212.513819	0.000698	1.1
1928	-0.575034	148.828698	213.441673	0.000299	1.0
1929	-0.566312	149.828682	212.192244	0.000417	1.0
1930	-0.532743	149.087670	213.116691	0.000297	1.0
1931	-0.591424	148.348157	214.047333	0.000921	1.0
1932	-0.555699	149.348157	212.790805	0.000281	1.0
1933	-0.583457	150.346623	211.550836	0.000503	1.1
1934	-0.561632	149.605554	212.469762	0.000463	1.1
1935	-0.575370	150.545158	211.306002	0.000367	1.0
1936	-0.594711	149.811132	212.214046	0.000424	0.9
1937	-0.559196	150.810742	210.979366	0.000619	0.9
1938	-0.555033	150.328942	211.572669	0.001051	0.9
1939	-0.538352	149.587468	212.492288	0.000734	0.9
1940	-0.566331	148.846280	213.419578	0.000261	1.0
1941	-0.570517	149.845546	212.171299	0.000320	1.1
1942	-0.558398	149.140416	213.050621	0.000343	1.0
1943	-0.601071	150.138450	211.808167	0.000976	0.9
1944	-0.606992	151.138450	210.577714	0.000217	0.9
1945	-0.572528	150.396963	211.488703	0.000398	1.2
1946	-0.580449	149.830859	212.189541	0.000641	1.0
1947	-0.549904	150.830859	210.954666	0.000991	0.9
1948	-0.535546	150.089372	211.868926	0.000186	0.9
1949	-0.584522	151.089346	210.637801	0.000263	1.0
1950	-0.614054	152.012888	209.513417	0.000540	1.0
1951	-0.556299	151.276732	210.408690	0.000506	1.0
1952	-0.552404	150.535358	211.318073	0.000414	1.0
1953	-0.582882	151.535358	210.093292	0.000182	1.0
1954	-0.593743	150.796942	210.996313	0.000949	1.1
1955	-0.583771	150.056633	211.909476	0.000114	1.0
1956	-0.571543	150.716756	211.094842	0.000697	0.9
1957	-0.587245	151.554308	210.070220	0.000400	1.0
1958	-0.576937	152.525011	208.895083	0.000438	1.1
1959	-0.565106	153.523678	207.699733	0.000354	1.0
1960	-0.576320	152.782224	208.585899	0.000739	1.0
1961	-0.569425	152.040737	209.479698	0.000998	1.0
1962	-0.608035	151.299250	210.381191	0.000357	1.0
1963	-0.591386	150.557765	211.290474	0.000931	1.1
1964	-0.585138	149.821856	212.200724	0.000411	1.2
1965	-0.547798	149.080369	213.125840	0.000991	1.0
1966	-0.584449	148.338882	214.059057	0.000461	0.9
1967	-0.559094	147.597395	215.000484	0.000899	0.9
1968	-0.566279	146.855908	215.950227	0.000419	0.9
1969	-0.556103	147.855908	214.671325	0.000451	0.9
1970	-0.569812	147.114564	215.617972	0.000145	1.0
1971	-0.584170	146.423999	216.507320	0.000306	1.0
1972	-0.560893	145.741291	217.393792	0.000298	1.0
1973	-0.574939	146.404824	216.532120	0.000495	1.1
1974	-0.553286	145.985336	217.076076	0.000670	1.2
1975	-0.565638	146.985334	215.783846	0.000379	0.9
1976	-0.599007	146.243847	216.740538	0.000648	0.9
1977	-0.566173	147.240332	215.456787	0.000522	1.0
1978	-0.569057	146.517250	216.386799	0.000749	1.0
1979	-0.589585	145.775764	217.348856	0.000659	1.0
1980	-0.578996	145.605269	217.571279	0.000514	0.9
1981	-0.575648	144.863782	218.543922	0.000220	0.9
1982	-0.590716	145.814861	217.297915	0.000400	1.0
1983	-0.578679	146.769582	216.061344	0.000779	1.0
1984	-0.571645	147.743089	214.814851	0.000415	1.0
1985	-0.579496	147.001646	215.762894	0.000391	1.0
1986	-0.601184	146.260307	216.719209	0.000985	0.9
1987	-0.596666	147.260307	215.431210	0.000961	1.0
1988	-0.596710	146.518820	216.384771	0.000548	1.0
1989	-0.561741	147.518820	215.100731	0.000579	1.0
1990	-0.564573	148.518818	213.831844	0.000467	1.1
1991	-0.569233	149.518816	212.577838	0.000537	1.0
1992	-0.578565	148.777329	213.506253	0.000724	1.0
1993	-0.573779	149.776554	212.257014	0.000329	1.0
1994	-0.571681	150.319164	211.584743	0.000420	1.2
1995	-0.593057	149.577688	212.504472	0.000352	1.2
1996	-0.585870	150.558497	211.289572	0.000451	1.0
1997	-0.584884	151.558487	210.065132	0.000254	1.0
1998	-0.542841	152.546052	208.869755	0.000798	1.0
1999	-0.586091	153.545994	207.673179	0.000487	1.0
